4.7056866
6.2352953
7.6059537
6.757536
8.82186
9.279224
8.443997
7.464185
8.684035
8.631466
8.734493
6.529882
8.029003
5.539318
6.3363004
5.9639425
8.570458
6.5848956
8.723692
10.945314
7.8032613
8.227871
5.3393264
17.332104
5.1909065
7.3149714
11.477563
7.7936115
7.841457
7.401674
7.8365397
9.878592
8.30056
8.388973
5.8892083
5.2608004
6.2904277
6.0385227
7.9929543
11.221877
7.424158
6.689558
5.2270155
12.958524
10.087771
12.979402
6.842998
6.451672
7.297277
7.046705
8.06712
9.648551
7.6714444
9.779772
6.1096606
5.5478992
5.1514845
10.254598
5.352155
12.046297
6.5994816
6.8120527
6.446631
5.071256
6.351848
4.114074
8.6386385
7.0468216
8.54007
11.270322
6.6246543
8.850691
6.945625
8.089162
7.7269354
13.431858
10.666228
8.827934
10.641316
9.920549
6.7201905
8.392935
11.121835
8.919979
9.43834
11.780149
6.963653
9.199325
8.678924
6.3372455
7.3401537
6.8086457
7.0525255
9.017957
5.7214193
8.614784
6.7705464
4.3125014
7.2242985
