6.803913
6.957617
6.235379
7.695294
7.574311
7.3119907
7.209195
9.417034
8.490962
8.769196
6.3093414
4.8959794
7.433818
5.0529723
3.6777105
6.825987
7.1621833
8.090605
9.0863085
10.931171
9.061912
7.8127146
8.149237
8.98507
7.0567675
4.563125
11.906652
5.267064
8.07793
10.59913
10.422947
5.730174
5.7594566
6.503982
5.2136893
7.9219303
6.144268
9.402017
6.6302304
8.693728
11.169424
4.8709106
7.766539
16.256973
8.832741
13.333401
4.950575
8.717894
7.9467306
4.771677
6.698256
8.72245
5.336764
6.6257257
6.058993
6.299164
4.5890923
10.737628
7.360438
9.835771
5.054787
8.60546
8.661367
6.9157305
5.87546
7.185046
7.1447067
7.0514355
7.6265516
11.404538
6.496167
6.6939807
6.944512
8.332084
6.500319
6.9080653
6.896033
11.611066
10.872181
10.437782
7.8743343
5.512714
9.876067
9.030307
10.082034
12.080203
8.420233
7.5618505
6.0458865
5.713763
7.4022856
9.579971
5.5107546
5.930394
6.042586
7.864786
5.487687
4.9252086
8.546668
