9.022899
13.042805
13.2936535
10.218114
16.0605
10.935953
13.081741
12.255303
14.223249
15.292676
11.69177
17.413815
13.921976
9.124367
7.550946
9.828391
9.656369
12.754643
11.278328
18.114527
11.944607
11.666459
10.607209
20.338106
8.949248
11.400257
15.106894
10.550667
17.257261
11.721109
11.5643425
12.384396
9.830638
11.789014
8.665942
14.069422
9.884077
12.223156
12.695015
19.564962
14.498422
13.552535
11.941776
18.04847
22.21914
13.109399
5.015059
13.491072
11.005486
9.557897
10.829108
12.926459
10.347765
9.747772
12.425186
12.640042
10.228654
22.283876
8.782591
11.45684
12.592556
10.801585
10.707415
8.44079
15.765077
7.199825
13.335036
10.994317
12.493306
15.667008
7.8327136
11.6439
12.755469
12.493926
5.9058194
18.012768
12.597051
16.16487
12.273464
11.656175
8.038334
12.366074
17.730598
14.66728
18.697758
24.121885
10.970431
10.698919
10.87462
8.575055
12.01211
18.449833
13.537451
9.166222
12.97329
10.63242
11.792146
6.43858
11.360744
