10.025914
7.453773
8.120571
8.208782
7.057334
8.48226
7.297353
8.599277
12.721366
7.500621
6.3684134
8.434501
6.8654294
5.272554
6.232143
7.7640405
6.130602
8.694788
7.4143724
6.914659
7.242385
6.5351706
5.977676
9.479446
6.1095304
6.872881
8.8842
6.7842507
6.5985193
8.293243
6.322541
6.6504517
7.160942
6.886912
7.7800984
7.2441835
6.820032
6.40378
4.925271
9.164619
5.9631305
11.249058
9.620671
13.980934
8.031032
9.938699
7.758814
8.222595
7.526707
4.804436
5.6825094
8.92477
6.5385933
7.9602017
6.4719024
8.017066
6.7315054
12.202028
7.002705
7.118612
7.3382535
5.8555045
6.838433
6.427327
4.693669
4.1752796
7.699441
6.0827804
6.736713
13.026744
5.9256725
8.800468
7.869242
4.937029
6.5485697
6.9111457
8.004207
10.805208
5.966878
10.001996
6.1485314
5.840238
7.9032617
8.934301
7.692073
11.90676
5.792088
10.921601
7.2190094
9.197484
8.336887
