7.3643174
11.545321
9.429741
10.599473
9.578098
6.771421
7.4790335
7.9637985
7.5647154
8.199239
8.454842
11.019351
5.67261
9.0640135
8.534245
9.05603
7.4069414
5.752976
18.492281
7.031091
9.352399
10.122425
10.231778
12.994601
9.427384
6.862703
10.424941
8.21284
8.388339
6.9639406
9.247951
8.466763
5.335339
10.395249
9.930643
9.7246895
10.52661
7.716357
7.7553988
10.332434
15.164077
11.463992
9.511
10.433863
6.2075
11.440315
8.240371
12.315561
9.883803
6.9498606
8.468402
15.695601
7.44181
8.16266
8.442327
3.9615102
14.296799
7.844711
6.441296
9.018234
9.07697
8.263629
7.274571
10.22932
5.9067283
8.526703
10.565984
8.125711
10.310006
10.415823
5.873569
13.480675
5.298164
9.8717
11.116936
9.076159
14.7954645
10.144053
6.4873023
7.811346
7.6992464
7.603733
9.965056
7.4943695
7.8198676
10.720369
14.032419
11.846371
8.983574
4.5628934
8.017802
10.867736
7.155567
7.440273
9.582804
18.678064
9.3210745
8.296552
10.638528
7.239161
