2.138089935299395
1.8073922282301278
1.2909944487358056
0.5345224838248488
-0.2581988897471611
2.138089935299395
1.2909944487358056
2.138089935299395
2.840187787218772
0.7745966692414834
2.4961508830135313
0.8320502943378437
1.2909944487358056
0.0
2.840187787218772
1.2909944487358056
0.7745966692414834
0.5
-0.5345224838248488
0.0
1.0690449676496976
0.5345224838248488
1.2909944487358056
2.32379000772445
2.5
2.138089935299395
1.2909944487358056
-0.2773500981126146
0.2581988897471611
0.0
3.1529631254723287
0.8320502943378437
-0.5345224838248488
0.7745966692414834
1.2909944487358056
-0.2773500981126146
2.138089935299395
-1.0690449676496976
0.0
0.2581988897471611
0.8320502943378437
0.5345224838248488
-1.0690449676496976
0.2581988897471611
0.5345224838248488
0.8320502943378437
1.0690449676496976
1.386750490563073
1.212678125181665
1.8073922282301278
0.0
0.2581988897471611
1.8073922282301278
1.9414506867883021
0.2773500981126146
0.7745966692414834
1.8073922282301278
-0.5
2.138089935299395
1.386750490563073
-0.8320502943378437
0.2581988897471611
1.8073922282301278
2.840187787218772
0.7276068751089989
1.0690449676496976
0.0
1.386750490563073
0.2581988897471611
0.2773500981126146
1.0690449676496976
0.5345224838248488
-0.8320502943378437
2.138089935299395
0.9428090415820635
0.0
-0.2581988897471611
0.5345224838248488
0.0
0.2773500981126146
0.5345224838248488
2.32379000772445
1.6035674514745464
1.2909944487358056
1.0690449676496976
1.386750490563073
1.9414506867883021
-0.7745966692414834
2.32379000772445
0.8320502943378437
1.8073922282301278
1.9414506867883021
1.9414506867883021
2.5
0.7745966692414834
1.2909944487358056
1.386750490563073
1.0690449676496976
2.6726124191242437
0.7745966692414834
