-1.7320508075688774
-0.8164965809277261
-0.3333333333333333
0.0
0.2581988897471611
0.47140452079103173
0.6546536707079772
0.8164965809277261
0.9622504486493763
1.0954451150103321
1.2185435916898848
1.3333333333333333
1.4411533842457842
1.543033499620919
1.6397831834998458
1.7320508075688774
1.8203641092364127
1.9051586888313607
1.9867985355975657
2.065591117977289
2.141798680385621
2.215646837627989
2.287331208629615
2.3570226039551585
2.424871130596428
2.49100947511811
2.5555555555555554
2.618614682831909
2.680281337094487
2.7406406388125952
2.799769575772148
2.8577380332470415
2.914609664251715
2.970442628930023
3.025290226140453
3.079201435678004
3.132221385983247
3.1843917593777595
3.23575114464717
3.2863353450309964
3.336177648269499
3.385309064224042
3.433758534669933
3.481553119113957
3.5287181598778687
3.575277429186744
3.6212532605860317
3.6666666666666665
3.7115374447904514
3.7558842722675396
3.7997247922358834
3.843075691322091
3.885952770018906
3.928371006591931
3.970344615223767
4.011887099014389
4.053011298379924
4.093729435326078
4.134053154015559
4.173993557999607
4.213561244441065
4.2527663356192456
4.291618507974516
4.330127018922194
4.368300731640541
4.406148138015949
4.443677379909169
4.480896268889631
4.517812304569953
4.554432691659538
4.590764355844462
4.626813958590447
4.662587910956453
4.69809238649817
4.733333333333333
4.768316485434157
4.803047373206313
4.837531333408539
4.8717735184622315
4.905778905196061
4.939552303066798
4.9730983618940385
5.0064215791433755
5.039526306789696
5.0724167577897115
5.105097012190461
5.1375710228984355
5.169842621131974
5.201915521577889
5.233793327271588
5.265479534218581
5.296977535773845
5.328290626794321
5.359422007578723
5.39037478760774
5.421151989096865
5.451756550373108
5.48219132908616
5.512459105263765
5.5425625842204065
