-1.0
0.0
0.5773502691896258
1.0
0.4472135954999579
0.8164965809277261
1.1338934190276817
1.414213562373095
1.6666666666666667
1.8973665961010275
2.1105794120443453
2.3094010767585034
2.4961508830135313
2.6726124191242437
2.840187787218772
2.5
2.6678918753996625
2.8284271247461903
2.9824045403173027
3.1304951684997055
3.2732683535398857
3.4112114616897666
3.5447450389702713
3.6742346141747673
3.8
3.530090432487313
3.65655170486763
3.779644730092272
3.8996021017180893
4.016632088371218
4.130921946615823
4.242640687119285
4.351941398892446
4.458963213705229
4.563832975533989
4.333333333333333
4.438772657244647
4.542199791661352
4.643716460347527
4.743416490252569
4.841386618546788
4.937707198786941
5.032452820975954
4.824181513244218
4.919349550499537
5.013026509266503
5.10527470242631
5.196152422706632
5.285714285714286
5.091168824543142
4.900980294098034
4.9923017660270625
4.807619738204116
4.898979485566356
4.9890789822279915
5.077963596336064
5.165676192553671
4.989644448669457
5.077367528252131
5.163977794943222
5.249512077248736
5.334005334008001
5.417490779798923
5.5
5.581563056514381
5.662208585049306
5.497624996033735
5.578319375835658
5.658135095031152
5.737097324805089
5.5778737935111105
5.656854249492381
5.7350162126103985
5.812381937190964
5.888972745734182
5.735393346764043
5.8119893994415355
5.887840577551898
5.962965874907927
6.037383539249432
6.111111111111111
6.184165460191406
6.256562819412349
6.32831881684378
6.399448505650358
6.254300845799428
6.11104144857543
6.182820774312702
6.253987492037524
6.324555320336758
6.1848805366593185
6.046918007655169
6.118014998909509
5.982243228301002
6.053272277302409
6.123724356957946
6.193611607315077
6.262945776223707
6.130730673081194
6.2
