-1.0
0.0
0.5773502691896258
1.0
1.3416407864998738
1.6329931618554523
1.889822365046136
2.1213203435596424
2.3333333333333335
2.5298221281347035
2.7136021011998728
2.886751345948129
3.05085107923876
3.2071349029490928
3.3565855667130946
3.5
3.6380343755449944
3.771236166328254
3.9000674757995495
4.024922359499621
4.1461399144838555
4.264014327112209
4.37880269519857
4.4907311951024935
4.6
4.706787243316417
4.811252243246881
4.913538149119954
5.0137741307804005
5.11207720338155
5.208553758776472
5.303300858899106
5.396407334626633
5.487954724560282
5.578018081208209
5.666666666666667
5.753964555687506
5.839971160707452
5.924741690788224
6.00832755431992
6.090776713655637
6.172133998483676
6.252441383636792
6.331738236133036
6.410061535499397
6.487446070815474
6.563924617405255
6.639528095680697
6.714285714285714
6.788225099390856
6.861372411737247
6.933752452815364
7.0053887613831405
7.076303701373625
7.146518542110366
7.216053531635459
7.284927963857741
7.3531602401444625
7.4207679259069605
7.487767802667673
7.554175916040863
7.62000762001143
7.685277617854287
7.75
7.814188279120133
7.877855422677294
7.941013883159839
8.003675626198987
8.065852156746537
8.127554543473877
8.188793441537587
8.249579113843055
8.309921450925271
8.369829989554988
8.429313930168535
8.488382153210784
8.547043234472845
8.605305459498927
8.663176837130385
8.72066511224918
8.777777777777779
8.834522085987723
8.890905059164918
8.946933499675689
9.002613999474232
9.057952949088827
9.112956546121255
9.167630803291248
9.221981556055333
9.276014469827246
9.329735046825073
9.383148632568366
9.43626042204687
9.489075465580898
9.541598674391933
9.593834825900782
9.645788568769381
9.697464427701224
9.748866808014357
9.8
