5.404361177891455
5.6907053151720115
4.789207443461594
5.661385170722978
5.6907053151720115
5.20847435706514
5.6907053151720115
5.887840577551898
5.6907053151720115
5.239956379316802
5.404361177891455
5.112916407630691
5.465330847244407
5.719875971738852
5.6907053151720115
4.98201895023622
5.20847435706514
4.822640525191581
5.20847435706514
5.661385170722978
5.4349297638940595
5.4349297638940595
5.465330847244407
5.465330847244407
5.4955671101020345
5.20847435706514
5.465330847244407
5.404361177891455
4.789207443461594
5.887840577551898
5.74889939351526
5.404361177891455
4.721705029105166
5.239956379316802
4.789207443461594
4.494152979509736
4.98201895023622
5.20847435706514
5.239956379316802
5.916079783099615
5.631913227486885
5.4349297638940595
5.4349297638940595
5.6907053151720115
5.4349297638940595
5.631913227486885
5.4349297638940595
5.859465277082315
5.74889939351526
5.014581911389198
5.271258248465217
5.631913227486885
5.239956379316802
4.949257078700596
5.631913227486885
5.239956379316802
5.014581911389198
5.014581911389198
5.4349297638940595
5.631913227486885
5.631913227486885
5.465330847244407
5.014581911389198
5.4349297638940595
5.74889939351526
5.20847435706514
5.20847435706514
5.859465277082315
4.789207443461594
5.859465277082315
5.661385170722978
5.20847435706514
5.404361177891455
5.887840577551898
5.777777777777778
5.20847435706514
4.789207443461594
5.887840577551898
5.887840577551898
5.404361177891455
5.661385170722978
5.6907053151720115
5.404361177891455
5.6907053151720115
5.4349297638940595
5.404361177891455
5.631913227486885
5.014581911389198
5.465330847244407
5.859465277082315
4.98201895023622
5.859465277082315
5.631913227486885
5.271258248465217
5.465330847244407
5.6907053151720115
5.404361177891455
4.755563543407302
5.661385170722978
5.014581911389198
