-0.5773502691896258
0.8164965809277261
1.6666666666666667
2.3094010767585034
2.840187787218772
3.299831645537222
3.709704134011871
4.08248290463863
4.426352063787131
4.74692883171144
5.048252022715237
5.333333333333333
5.60448538317805
5.863527298559492
6.111919138499425
6.3508529610858835
6.581316394931646
6.804138174397717
6.490208549618715
6.713171133426189
6.929348671835832
7.139306476801298
7.343537038231921
7.542472332656508
7.736493607140985
7.4730284253543315
7.666666666666667
7.855844048495726
8.040844011283461
8.221921916437786
8.399308727316445
8.16496580927726
8.34181386665146
8.5152688695994
8.685510649241946
8.852704127574262
9.01700095964874
9.178540953500601
9.33745330312469
9.49385766342288
9.647865090941526
9.799578870122227
9.949095241479549
10.096504045430475
10.241889293304059
10.385329675256733
10.526899013331487
10.666666666666666
10.804697894834426
10.941054184431529
11.075793543325872
11.2089707663561
11.340637675769461
11.470843339248438
11.599634268006692
11.727054597118984
11.853146249979025
11.977949088546673
12.101501050845545
12.22383827699885
12.344995224941366
12.46500477681503
12.583898336942227
12.701705922171767
12.81845624530585
12.934176792240367
13.048893893384069
13.162632789863292
13.275417694967093
13.387271851241673
13.498217583602374
13.608276348795433
13.717468781509565
13.825814737408901
13.933333333333334
14.040042984889464
14.145961441635032
14.251105820041372
14.355492634402044
14.459137825841022
14.562056789560561
14.66426440045678
14.765775037220337
14.866602605029604
14.966760556935073
15.066261914025507
15.165119284459237
15.263344881437257
15.360950540188826
15.457947734034688
15.554347589588223
15.650160901149997
15.745398144347265
15.840069489066003
15.934184811719582
16.02775370689508
16.120785498415103
16.213289249850558
16.30527377451703
16.39674764498537
