0.33333333333333326
0.4714045207910316
0.5773502691896255
0.6666666666666665
0.74535599249993
0.8164965809277257
0.8819171036881972
0.9428090415820632
1.0000000000000004
1.0540925533894598
1.105541596785133
1.154700538379251
1.2018504251546622
1.2472191289246477
1.2909944487358058
1.333333333333333
1.374368541872553
1.4142135623730956
1.452966314513557
1.49071198499986
1.527525231651945
1.5634719199411429
1.5986105077709072
1.6329931618554514
1.666666666666667
1.6996731711975936
1.732050807568877
1.7638342073763944
1.7950549357115007
1.8257418583505538
1.8559214542766727
1.8856180831641265
1.9148542155126769
1.9436506316150997
1.972026594366539
2.000000000000001
2.027587510099404
2.0548046676563243
2.081665999466132
2.1081851067789197
2.1343747458109505
2.1602468994692847
2.185812841433999
2.211083193570266
2.23606797749979
2.2607766610417572
2.2852182001336794
2.309401076758502
2.333333333333333
2.3570226039551585
2.380476142847618
2.4037008503093245
2.426703296426838
2.4494897427831774
2.472066162365221
2.4944382578492954
2.5166114784235813
2.5385910352879684
2.5603819159562025
2.5819888974716116
2.6034165586355527
2.624669291337269
2.6457513110645894
2.666666666666666
2.68741924943285
2.708012801545321
2.7284509239574817
2.748737083745106
2.7688746209726913
2.7888667551135855
2.8087165910587872
2.828427124746191
2.848001248439176
2.8674417556808725
2.886751345948129
2.905932629027114
2.924988129130709
2.9439202887759484
2.9627314724385267
2.98142396999972
2.9999999999999982
3.0184617127124733
3.036811193048099
3.05505046330389
3.073181485764296
3.0912061651652327
3.109126351029606
3.1269438398822857
3.144660377352198
3.1622776601683795
3.179797338056484
3.1972210155418144
3.214550253664317
3.2317865716108836
3.2489314482696545
3.265986323710903
3.282952600598703
3.2998316455372207
3.316624790355397
3.333333333333334
