-1.0
0.0
0.5773502691896258
1.0
0.4472135954999579
0.8164965809277261
1.1338934190276817
1.414213562373095
1.6666666666666667
1.8973665961010275
2.1105794120443453
1.7320508075688774
1.9414506867883021
2.138089935299395
2.32379000772445
2.5
2.182820625326997
2.3570226039551585
2.523573072576179
2.6832815729997477
2.400396792595916
2.5584085962673253
2.2936585546278225
2.4494897427831783
2.6
2.745625891934577
2.8867513459481287
3.0237157840738176
3.156820749009882
2.9211869733608857
2.694079530401624
2.4748737341529163
2.263009527424072
2.4009801919951235
2.197401062294143
2.3333333333333335
2.4659848095803594
2.271099895830676
2.401922307076307
2.5298221281347035
2.342606428329091
2.4688535993934706
2.5924756956542794
2.7136021011998728
2.8323527714997336
2.6539552107881486
2.7714348384599967
2.886751345948129
2.7142857142857144
2.82842712474619
2.9405881764588204
3.05085107923876
3.159292970819848
2.9938207967349952
3.1013193673309134
3.2071349029490928
3.3113308926626095
3.4139672543527864
3.2547227745205967
3.3565855667130946
3.4569957581881914
3.302003302004953
3.401680257083045
3.5
3.3489378339086286
3.4465617474213164
3.542913886332851
3.6380343755449944
3.731961445658845
3.8247315498700596
3.916379472039716
3.771236166328254
3.862357857472309
3.9524197172898554
4.04145188432738
4.129483209670111
4.216541329006604
4.302652729749464
4.162825233426289
4.024922359499621
3.888888888888889
3.975534938694475
3.841749099639162
3.709704134011871
3.796283011826483
3.881979835323783
3.9668163788998405
3.8376128944009875
3.70999258002226
3.794733192202055
3.668996928526714
3.5447450389702713
3.6293309315564883
3.713116486531656
3.5909242322980397
3.6742346141747673
3.7567808109943908
3.838579669298401
3.9196474795109273
3.8
