16.078333884853258
15.945243605878012
15.494494670022803
16.531244698511095
14.81837126623999
16.078333884853258
14.291548761875736
16.213083533674364
14.946056850708663
14.946056850708663
16.440635583269795
15.757979434483506
15.719869137950408
14.367622330384782
16.39599254173322
13.015375522819154
15.269120202095198
15.140848160485197
16.078333884853258
16.531244698511095
15.3989676643665
15.075323285697218
13.587324409735148
15.269120202095198
14.467921575574744
16.078333884853258
15.945243605878012
16.213083533674364
15.945243605878012
14.946056850708663
15.01411589180199
16.12086700339583
15.85187847802434
15.269120202095198
14.81837126623999
15.302875335292647
16.213083533674364
16.531244698511095
14.91653929884838
16.170618073805617
15.625423071195419
15.625423071195419
16.078333884853258
14.266690630221905
15.302875335292647
15.985531484078937
15.172512257537582
15.434872662825796
15.23737412067637
14.81837126623999
14.81837126623999
15.719869137950408
15.3989676643665
13.25490688893378
15.530427384888077
15.945243605878012
14.592996798312384
15.365157022122014
14.040235223392985
16.668187632865227
14.520213542065749
16.304789291682177
13.36086900290623
15.3989676643665
12.55827537418382
15.172512257537582
15.625423071195419
16.440635583269795
15.85187847802434
15.757979434483506
13.813779816564066
16.078333884853258
15.757979434483506
15.625423071195419
15.11111111111111
11.775681155103795
16.170618073805617
15.85187847802434
15.85187847802434
15.302875335292647
15.85187847802434
14.81837126623999
15.625423071195419
16.170618073805617
14.847771236101789
16.349531783585842
15.206207882635784
15.945243605878012
15.945243605878012
15.338749222892075
15.269120202095198
16.12086700339583
15.757979434483506
13.346377267390654
15.043745734167594
14.81837126623999
15.302875335292647
14.040235223392985
16.531244698511095
16.170618073805617
