8.4
9.6
9.2
8.0
9.6
8.6
8.34181386665146
8.8
8.944836555806988
9.6
9.8
8.889342392059454
8.8
8.2
9.4
9.14584411885883
9.2
9.4
8.4
9.6
8.743828992755144
9.4
8.743828992755144
9.505416412576073
9.0
8.944836555806988
9.8
9.0
9.4
9.4
9.14584411885883
9.4
9.0
9.2
8.8
9.4
9.2
9.2
8.6
9.547859244962515
10.0
9.14584411885883
9.4
9.8
9.2
9.4
7.6
8.944836555806988
9.4
9.2
9.0
9.6
9.0
8.743828992755144
9.2
8.743828992755144
8.2
9.703445921171408
8.6
9.0
9.0
9.14584411885883
9.6
9.4
9.6
8.2
8.6
9.4
8.944836555806988
9.547859244962515
8.6
9.0
8.743828992755144
9.8
7.8
10.0
9.4
9.8
9.6
9.4
9.0
9.4
9.4
9.6
9.2
10.0
8.6
9.6
8.743828992755144
8.4
9.4
9.4
9.2
8.8
9.6
9.6
8.542821429703302
7.6
9.2
9.4
