25.19158521173376
26.83725200608466
24.56015183587142
25.03749325264149
25.53605190881995
26.176914489898053
23.584251762922886
22.09575122556873
25.861351933136127
27.487852054717017
27.162243768062346
23.697531195241737
25.861351933136127
25.382937202936503
24.885451860187597
23.877812840848037
23.909551787239064
24.08788938646015
22.235597377240882
26.671794378793024
25.03749325264149
24.383772802180875
24.534699026290898
25.19158521173376
25.53605190881995
24.86314211901233
23.909551787239064
23.220926655405176
20.981851568393463
26.344934153562715
26.19855885313748
26.176914489898053
23.877812840848037
26.01807392833241
19.936495728190863
25.848471397176624
25.691213703102104
27.97923527971425
25.53605190881995
25.21075188450377
21.578711191798018
26.01807392833241
24.05691257695057
26.344934153562715
25.52002830445519
28.14757304622664
25.19158521173376
25.347777100202862
22.976103889651938
25.53605190881995
22.7928415699838
26.99865460402333
22.93365171429053
25.848471397176624
23.877812840848037
24.23485181155524
24.08788938646015
23.730052351720264
24.05691257695057
25.347777100202862
25.848471397176624
22.93365171429053
24.23485181155524
24.23485181155524
18.583936166435652
26.505357582619485
25.52002830445519
24.357629557226186
22.283051665658174
24.86314211901233
20.727088566311714
26.176914489898053
22.892483562683744
26.344934153562715
21.55441004974603
24.05691257695057
24.710633027411184
22.09575122556873
25.52002830445519
27.162243768062346
22.189329341682758
22.283051665658174
24.05691257695057
23.697531195241737
26.01807392833241
26.833800675340914
24.206255933569466
26.511951981768483
22.93365171429053
26.505357582619485
26.511951981768483
28.14757304622664
21.387186928296163
24.41165134057924
21.11517054987781
23.220926655405176
22.56404046996231
24.710633027411184
24.383772802180875
27.16255203040084
