9.8
10.0
9.8
9.748866808014357
9.8
10.0
9.748866808014357
9.8
9.8
9.8
10.0
8.889342392059454
9.8
9.6
9.8
9.346851681910673
9.4
10.0
10.0
9.8
9.748866808014357
10.0
10.0
9.03658086968921
9.748866808014357
10.0
10.0
9.8
10.0
9.8
10.0
9.6
9.6
10.0
9.8
9.8
9.8
9.14584411885883
9.8
9.547859244962515
10.0
9.8
10.0
9.8
9.8
9.8
10.0
9.49543391879078
9.4
10.0
10.0
9.8
10.0
10.0
9.6
9.547859244962515
9.547859244962515
9.703445921171408
9.0
10.0
9.8
10.0
9.8
9.748866808014357
9.8
9.547859244962515
10.0
9.346851681910673
9.8
10.0
10.0
9.8
10.0
10.0
10.0
10.0
10.0
9.8
10.0
10.0
9.8
9.8
9.8
9.8
10.0
10.0
9.8
10.0
10.0
9.8
9.748866808014357
10.0
9.8
10.0
10.0
9.651860745036895
10.0
9.8
9.6
9.8
