-0.3333333333333333
1.8856180831641267
3.271651525407879
2.6666666666666665
3.7267799624996494
4.626813958590446
5.417490779798922
6.128258770283411
6.777777777777777
7.378647873726218
7.939798740547776
8.467803948114511
8.96765317230787
9.443230547572327
9.89762410697451
10.333333333333332
10.752412709944094
10.370899457402697
10.01782037901453
10.434983894999018
10.838155215054288
11.228571061395483
11.607302382510493
11.975283186939981
12.333333333333334
12.682176738935897
13.02245607172156
13.354744712992693
13.67955657904282
13.997354247354243
14.308555728133067
14.61354014452198
14.332393673685788
14.634545932160755
14.931058500203791
15.222222222222221
15.508304469138706
15.789551656727554
16.066191431777078
16.338434577536628
16.60647668082178
16.87049959585538
17.130672734029257
17.38715420398437
17.64009182249834
17.88962401346085
18.13588060957155
18.378983569203086
18.61904761904762
18.38477631085024
18.62372511757253
18.859806671657786
19.093118388867776
19.323752415289515
19.551796011434018
19.777331901519403
20.000438591682162
20.221190660397273
20.439659023989346
20.225579696860954
20.443221829285722
20.65868732536432
20.872038120620658
21.083333333333332
21.292629437814117
21.499980424390113
21.70543794730356
21.909051461615412
21.70958217313371
21.91252450446388
22.113698231012133
22.313147317442166
22.51091397738911
22.707038767959364
22.901560677855155
23.09451720963655
23.28594445658602
23.475877174597954
23.66434884947737
23.851391759997757
24.037037037037038
24.221314719083004
24.404253804374488
24.585882299921806
24.766227267629912
24.945314867728754
25.12317039969899
25.299818340865773
25.475282382819515
25.649585465810187
25.822749811249924
25.994796952448652
26.16574776369773
26.335622487807854
26.504440762199813
26.67222164363905
26.838983631698664
27.004744691029103
27.169522272507365
27.333333333333332
