-1.0
0.0
0.5773502691896258
1.0
0.4472135954999579
0.8164965809277261
1.1338934190276817
1.414213562373095
1.6666666666666667
1.8973665961010275
2.1105794120443453
2.3094010767585034
2.4961508830135313
2.6726124191242437
2.840187787218772
3.0
3.1529631254723287
3.299831645537222
3.4412360080584263
3.5777087639996634
3.709704134011871
3.8376128944009875
3.9617738670844207
4.08248290463863
4.2
3.922322702763681
4.041451884327381
4.157609203101499
4.270992778072193
4.381780460041329
4.490132550669373
4.596194077712559
4.700096710803842
4.801960383990247
4.901894677425396
5.0
5.0963686064660765
5.191085476184401
5.284229075567875
5.375872022286244
5.466081666101212
5.5549205986353085
5.642447102306373
5.728715546977509
5.813776741499453
5.897678246195885
5.980464651413677
6.062177826491071
6.142857142857143
6.222539674441618
6.3012603781260434
6.3790522565901355
6.4559465055883845
6.531972647421808
6.6071586521397725
6.681531047810609
6.755115021031723
6.827934508705573
6.900012281983665
6.97137002317335
7.042028396309279
7.112007112010668
7.181324987175317
7.25
7.3180493407633
7.385489458759963
7.452336105734618
7.518604376126322
7.58430874440346
7.649463099740119
7.714080778260047
7.778174593052023
7.841756862140748
7.904839434579711
7.967433714816835
8.029550685469662
8.091200928634294
8.152394645841088
8.213141676759975
8.27345151674922
8.333333333333334
8.392795981688337
8.451848019206157
8.510497719203704
8.568753083836919
8.626621856275072
8.684111532186138
8.741229370580028
8.797982404052789
8.854377448471462
8.910421112136305
8.966119804454216
9.0214797441547
9.076506967077382
9.131207333557873
9.185586535436919
9.239650102715935
9.293403409880339
9.346851681910673
9.4
