3.2659863237109046
1.4
1.4
1.2247448713915892
1.0
2.8577380332470415
1.4
2.041241452319315
3.4
0.6
1.0425720702853738
2.710687382741972
1.8
0.3922322702763681
3.4
1.8
2.2
0.7844645405527362
-0.4082482904638631
0.4082482904638631
1.2247448713915892
1.2247448713915892
2.2
2.2
2.3533936216582085
2.041241452319315
1.4
0.6255432421712244
0.2
0.0
2.5018511664883785
1.876629726513673
0.0
0.6
2.2
0.20851441405707477
2.4494897427831783
-0.4082482904638631
0.3922322702763681
0.6
1.4596008983995234
0.4082482904638631
0.0
0.6
1.2247448713915892
0.6255432421712244
0.8164965809277261
1.876629726513673
1.7320508075688772
1.4
-0.7844645405527362
0.6
2.6
3.127716210856122
0.6255432421712244
1.8
2.6
-0.7844645405527362
3.2659863237109046
2.2936585546278225
0.20851441405707477
0.6
2.2
3.0
1.3471506281091268
2.041241452319315
0.8164965809277261
1.0425720702853738
1.4
1.876629726513673
1.6329931618554523
0.8164965809277261
-0.20851441405707477
2.4494897427831783
0.3779644730092272
-0.8164965809277261
0.2
0.8164965809277261
1.2247448713915892
0.6255432421712244
0.8164965809277261
1.8
1.6329931618554523
1.0
1.6329931618554523
2.2936585546278225
3.127716210856122
-1.0
2.6
1.876629726513673
2.6
2.710687382741972
1.876629726513673
3.1378581622109447
0.6
1.0
3.127716210856122
2.041241452319315
2.8577380332470415
1.4
