6.5327457991848785
6.4
7.6
8.2
8.4
6.4
6.8
5.8
7.8
7.2
8.0
8.8
7.4
5.6
8.2
7.6
6.0
6.4
7.4
8.2
8.4
6.8
7.4
9.0
7.0
7.2
6.8
6.4
7.53778361444409
7.0
7.4
5.8
7.0
7.0
5.8
6.6
6.2
7.6
8.4
8.6
6.8
8.6
8.0
8.0
9.0
6.8
7.2
6.6
7.0
6.0
8.0
6.6
6.6
7.8
5.527707983925667
7.4
6.8
7.336776051392248
7.4
8.140806303599618
5.4
7.0
7.4
5.6
6.8
6.2
7.7387911774959335
5.2
8.4
8.6
7.2
6.6
7.8
7.0
6.8
7.462778926574919
7.8
7.4
6.6
5.0
6.2
7.6
8.6
6.4
6.8
8.8
8.0
8.0
7.4
6.2
6.733753362236721
7.6
8.0
8.0
6.2
7.2
4.4
6.8
7.4
8.4
