4
100
17339
21071
9347
9154
45884
21734
9253
49036
9501
7888
32030
11727
10135
7198
11533
17777
11373
8669
9506
32800
7335
9188
9073
30913
13022
13433
26098
10521
38916
10001
9262
35747
16293
10115
12423
9511
12798
29408
10495
18660
9140
9127
21328
25523
9030
15872
9629
47590
13499
9025
9029
15773
7824
9804
9599
10063
8656
44845
42847
18356
17949
9246
17693
27293
6920
14112
8191
9225
19404
7250
9196
9046
7492
9325
9195
8149
9518
9606
8368
8757
18336
17310
9038
12516
19913
24518
14377
8265
19303
13525
8704
8652
9563
13729
30638
10934
12841
30638
7244
12013
9279
43895
9660
25177
5
100
9450
11088
9480
20244
8098
7235
9304
10312
7253
9243
10094
26421
387
10869
9172
29969
13449
681
9464
44886
6824
14258
6853
8102
12762
9450
28833
25679
16718
8643
9950
29586
10359
9559
9064
8296
29842
10566
9585
8347
8150
9368
16727
9036
19745
16756
10681
9447
19534
8441
8643
9950
29586
10359
11636
9278
10586
15263
22346
9080
15942
15631
47810
41571
9172
7208
7055
8154
7670
7877
20708
12115
16797
8239
9025
10038
18567
7470
15605
9229
10626
9146
9926
9843
9307
9267
7055
8154
7670
9860
13216
11088
7182
10704
13631
17795
10741
10172
11136
16388
9788
9341
19519
9677
9016
5
100
25768
9304
9277
17969
33101
15148
9430
10464
6826
46913
10855
7236
8811
9277
10209
13455
9224
12582
6903
30229
11493
8705
9025
9029
7335
29889
13455
15759
9919
20771
38424
9512
28453
9834
19543
14553
10973
21207
15641
12313
9124
9934
30664
33628
10764
9257
8146
8078
7235
9172
19062
47583
9271
11003
681
23191
9430
10464
19395
16788
9036
7487
8139
15266
36930
10270
7055
7144
9961
14488
10584
6830
11245
11676
8159
7889
9226
17305
9030
29080
15148
33529
40477
28458
14079
29470
22708
35723
16879
39417
8137
9243
45487
7888
7767
11187
9094
7187
10087
13899
17207
9648
10807
9356
7481
4
100
12396
11486
10584
20503
24817
7847
9518
387
26095
22600
9179
18264
26095
10870
9049
21817
9022
10229
10584
7055
28363
32157
30740
11794
13484
9927
18968
8146
39417
8137
9122
6889
9108
10185
11921
9898
10305
24030
9947
7208
10800
9115
9267
9728
33354
22426
8056
11839
22051
26973
16773
9505
8263
7058
9595
9392
10126
9086
19643
19393
17317
9247
11179
8030
9226
16364
41946
8704
9172
7691
7384
9979
12480
22301
9046
7492
9325
22237
17157
9427
10390
11223
9604
24224
10960
8
9426
14450
46715
12199
7187
18032
9522
17852
14604
8143
14871
11721
9512
10040
9613
11194
11183
8148
5
100
9046
7492
19163
12079
10148
9021
10407
21630
41919
14786
10061
9243
10094
26421
387
10869
9774
10936
9917
25594
35637
15247
12079
8263
9140
24170
18321
14981
38501
34199
28674
9905
14411
11290
10259
9275
8436
11414
9422
10040
25854
6842
7285
12696
9974
8711
9947
7208
9486
7799
9404
10828
18146
8014
11694
9882
24950
41193
12298
9177
10769
35536
7503
19387
12776
11170
8791
10266
31656
8137
31296
7530
29080
15148
16066
8705
9243
45487
8146
13644
739
7986
7609
7788
7208
18146
15927
9180
22301
9046
7492
9592
9194
7862
7372
8565
32226
12073
8448
8608
7100
8522
15118
44483
8814
4
100
17707
31898
9480
11000
7235
9029
7335
9279
26599
35465
15174
16782
9675
15223
8143
17381
9197
18841
11342
9276
9422
9494
23610
6903
12384
10978
11328
9225
10488
7253
10148
9048
8704
8652
12477
14027
13729
9426
30320
20347
11696
14315
10116
30601
16125
35263
34716
18902
9172
33625
9374
14175
7060
11003
681
23191
11004
34359
19975
9224
12582
6903
30229
11493
10013
13439
16727
9036
29532
8469
7788
12498
9081
9016
8
11528
12190
9456
9359
10747
9194
24237
14450
14012
15252
9552
45123
9876
23143
14059
41012
8705
8263
20067
9033
13494
7235
16307
25532
21868
13202
6824
10926
9200
5
100
9242
9379
11693
21308
18614
9140
41824
19095
10889
9036
9172
8814
7485
8441
8688
15714
11181
11585
8137
11877
9217
16852
28296
7182
739
9585
8340
6824
10872
30601
23766
12937
11285
21651
9023
19864
22301
23191
9430
9632
10671
45297
23766
12937
7478
32206
23453
34158
35533
20945
20503
9512
31049
16022
9027
8422
9327
15929
9407
11788
15148
12850
9173
9199
13366
392
7669
11570
17996
9032
8804
8135
10914
17425
11346
29476
21107
9029
7335
9025
10116
10769
9563
9168
15586
22595
9242
46825
7847
10045
8143
19680
7235
12503
8092
9399
20508
8022
9080
9306
17971
21377
10797
33403
12782
4
100
39982
9421
9480
30653
7489
17021
7252
10846
9172
31551
26389
12814
25018
9179
9518
17576
26389
10372
11334
18100
681
9284
22975
10981
9021
12942
9119
47637
39982
8066
9779
10338
38915
40636
10599
9677
6872
9496
9267
10017
13889
11251
14288
6903
14979
39170
9033
9199
9861
12782
10943
9018
9322
9306
9553
11486
9703
10836
10341
9243
10094
6947
7399
7220
17576
9314
19218
7596
11434
11931
14657
9022
15843
12059
12353
19639
6918
12181
16888
9249
10971
7756
11276
43697
9207
11028
50295
45728
31089
10794
8022
19680
8704
9214
9136
23974
28037
31293
9328
16927
16011
46903
8159
30093
5
100
13914
11252
45893
739
8613
9030
15872
9966
7235
9304
10312
20564
8
9426
14450
46715
12199
7187
18032
9522
17852
14604
9046
14736
17996
17852
26074
9767
31569
9346
8148
9172
14766
8272
32226
12073
8448
8608
7100
8522
23620
13363
22123
7461
388
8704
12340
16302
16150
9036
7487
8139
10661
12446
10363
49672
11721
9512
9172
33625
9363
9036
12340
9127
9941
20451
681
9033
9664
7806
7812
7470
9028
21795
18423
16863
11675
9605
23631
14315
10116
30601
11570
9023
9640
8056
26829
42380
10373
8236
19426
9934
23305
39129
22301
23191
9430
9164
9365
10873
39052
10853
8711
9027
9368
5
100
10195
9912
9930
8610
18205
6824
45231
8265
9173
9417
35137
9094
7130
10010
9830
29408
12412
15264
9136
12557
9253
8161
10576
9330
11258
42717
8756
12577
15025
12071
47566
9025
10038
9327
10092
10279
7461
7395
10330
17290
14377
29442
24665
47197
8752
8513
7877
23579
15894
8185
7089
9194
7155
13621
10898
420
443
10965
450
10421
33721
11012
41269
40039
9116
31976
8747
9052
17422
9417
11213
12044
17592
10590
7335
9528
15883
21065
15894
8185
7089
9194
8152
13887
9706
9262
13168
9224
11342
382
9325
11725
7249
8155
10010
9830
6879
12179
31625
50968
10776
10967
9518
9143
26381
3
100
37979
21290
17676
9355
9194
11983
28155
9748
12552
9031
382
9168
12509
9451
9272
17219
29348
12341
9745
33463
14059
9339
11749
11382
10805
24282
9022
6857
7426
13902
8137
9277
10599
12353
7335
19660
9863
10578
9078
15597
11132
9337
11334
13950
11915
37983
7162
10152
6886
7601
11101
13023
11402
47005
31207
8146
9029
24850
30653
7489
17021
12368
10212
12204
13548
9267
20164
6866
9178
47898
22375
9443
9676
13358
9075
24185
9929
11817
9394
11993
23943
9025
30958
17885
11213
29295
9167
9065
22759
13045
11205
7532
9934
44182
17582
24431
15605
10137
39265
9181
9149
9306
13679
3
100
9689
10239
34949
13047
16727
9036
20005
7235
9304
10488
9119
7335
9194
12407
13425
9170
8676
14135
9756
28383
14283
22651
20038
17413
7625
12795
34765
11693
33253
20572
47262
9422
9494
18087
11725
742
382
20963
10125
8153
8745
15328
17196
9194
8563
8695
12141
16727
9036
20757
35655
10408
10686
7253
10148
9048
8704
8652
9456
16276
26078
8286
7470
15918
11196
408
12905
11622
35912
14135
20050
11862
12199
7187
18032
12094
7888
26624
6919
9643
7426
20863
16930
11101
9347
9805
10141
9628
10655
9140
9279
26599
35465
20937
9076
8006
7586
49274
9020
7198
392
9215
8428
5
100
9961
10840
8066
9022
9533
13114
10706
9865
9050
30917
10437
18435
739
7574
26221
9172
7478
6893
7407
8563
15316
46276
41981
9217
12341
9017
6947
7399
7220
12478
9036
34418
12717
387
9258
9172
7478
6893
43919
8563
12446
9076
11110
9744
44837
37835
9016
11703
6903
10509
32827
9901
7055
7285
9149
10408
9294
26502
21831
25713
9706
12472
10206
28657
9961
9052
9022
11758
17068
16964
10071
9136
9029
14485
32865
15523
6890
389
32865
15523
18329
18561
10384
45352
9689
42542
26369
8135
10529
9170
29957
18734
10559
394
9374
22124
7252
9018
11204
9021
14174
12283
18968
8146
14325
6
100
12224
10730
8137
11693
31656
15381
9284
15591
37474
18194
9639
11570
11181
11585
8135
9536
7187
13042
9148
13805
9168
9018
7530
11181
15096
7162
21802
29441
9553
17047
11067
13347
8267
46548
8704
8652
9456
16276
26078
8286
7470
15918
12477
14363
27013
11865
12199
14515
9331
16364
32352
9418
22301
37406
8765
9180
16743
12224
15213
9140
9464
10161
11510
9036
11459
9023
9882
9357
23785
10925
9038
38424
8705
9025
9029
7335
20503
6842
12333
10647
13292
8022
9167
11532
13769
9025
10038
12224
10266
20545
10252
8095
14422
15662
20738
8719
10398
28738
20893
387
42548
7844
9225
10488
7253
10148
5
100
9279
9308
9529
9631
44039
8137
12818
7530
16930
9033
9199
9861
8702
26973
16863
6963
8220
7889
9255
10201
9640
8263
7058
9036
26829
12621
9129
9717
9267
10433
10586
9043
19839
9659
9046
7890
48180
16930
10434
43564
18830
44039
9080
37215
26049
9456
26829
9022
19163
9153
24516
15641
9427
10190
8718
10030
9677
6872
7182
683
9065
28296
9016
8
9426
14450
46715
12199
7187
18032
9522
17852
14604
11299
9607
31442
9235
7799
7694
9123
10334
9018
8092
8758
13536
9030
9253
12886
18354
10785
9021
17347
26098
10337
25475
739
6931
8000
14766
24810
9023
9194
10608
399
35021
5
100
29060
6903
10195
39310
9642
9030
29060
18546
9378
10161
40154
9390
7497
7372
9038
11188
49383
16639
8393
7890
40648
6903
30765
12111
11998
8146
35445
39310
16278
10362
13154
9307
9882
21666
7644
12921
12191
13154
9512
10998
10626
10903
43774
32104
8705
9025
10517
11487
11382
9017
8704
8652
9456
16276
9303
10636
49673
35116
10608
399
10528
407
424
425
10592
390
429
9563
438
8143
11181
11585
8135
9536
7187
13042
9148
16308
9168
14147
6826
32800
8340
6824
10309
8135
739
7432
7220
16941
7545
7193
8451
16647
451
16473
389
450
13650
12895
14960
9837
30861
441
439
5
100
10428
12191
31406
10464
16757
8022
30748
9025
9029
7335
9194
8102
8518
25833
13047
13563
25768
9304
10584
7055
20945
20503
9512
31656
9695
9368
9337
9788
10960
8
9426
14450
46715
12199
7187
18032
9522
17852
14604
9046
14736
17996
17852
26074
9767
31569
9346
8148
9172
14766
8272
32226
12073
8448
8608
7100
8522
23620
13363
22123
7461
388
8704
12340
16302
16150
9036
7487
8139
10661
12446
10363
49672
11721
9512
9172
33625
9374
9522
17073
36098
9523
16275
10939
681
23191
18149
8146
20241
35710
9640
8056
26829
9741
20717
9041
8143
9093
18228
10407
9182
7109
6903
10377
9127
6
100
22159
9376
12543
9422
13676
7627
9030
9376
36896
10741
10172
48662
8146
8078
7235
9172
10105
7884
6905
7648
9182
12294
9422
49450
24539
681
41771
9375
49450
41747
11062
13439
387
34359
7467
15929
9153
11647
9167
9684
47869
32294
681
9284
29027
10657
9156
12715
9304
11181
11401
45211
12817
16938
9337
9025
9080
39197
383
423
429
418
388
420
10845
461
24005
9381
10488
7250
9248
9188
39197
15126
10293
29916
9181
9788
10960
8
9426
14450
46715
12199
7187
18032
9522
17852
14604
9046
14736
17996
17852
14604
11299
9607
31442
9235
7799
7694
9123
10334
9018
8092
8758
13536
4
100
41144
38892
17058
10135
9052
11488
10779
15866
8137
27979
9033
9199
9861
8702
26973
16773
9505
7965
43922
34215
45240
9456
16276
13764
739
43143
15586
16718
8643
9950
9207
9172
8649
8630
15325
8649
8630
8214
19289
29507
41203
9882
38204
9276
11630
8711
44496
9418
9447
22301
23191
9430
9138
7415
45731
42704
9548
14208
9138
7415
24658
22146
24773
13489
41251
10148
9048
8704
8652
41769
7532
7669
13740
7599
14872
9831
8428
8022
42733
41671
9177
10769
9544
45803
9018
33940
30748
9025
9029
7335
11570
11181
15096
12912
44777
10341
34200
13885
22785
21281
9038
13358
10846
14472
4
100
19534
18995
10259
20757
9185
11204
9276
11630
8711
12700
9029
7335
9194
8563
13623
45006
9553
19011
8146
9806
34705
13906
9036
34418
12717
6958
9207
30782
9029
382
9605
6900
6830
29930
35544
12199
7187
18032
12094
35844
32984
9094
9026
48973
13363
9194
29161
9635
24914
20866
20757
8765
17730
9304
10488
7250
9173
9199
9324
11771
10092
9785
9048
26421
9258
9319
14242
12610
17437
8024
11488
10317
10230
11081
9685
10743
9108
9306
48107
27269
18241
24933
11402
17389
7235
16863
6963
11771
10201
10063
7198
10810
9279
11864
9355
16638
11738
20494
9366
9647
387
10229
48067
21932
4
100
12846
9127
10640
30653
7489
17021
7252
10846
9018
8198
9127
10243
9947
12268
9532
7607
9941
15605
12298
9177
12684
46483
9982
43804
389
460
453
12895
440
37985
41141
43832
9662
11585
8137
9337
9025
9029
10640
8187
11118
13928
400
29941
399
9100
9585
417
421
415
17943
9767
14450
16150
8104
9180
16021
17073
6903
10040
22922
19926
45317
11194
32081
23095
9814
9882
15591
20607
9418
9447
9426
14450
14012
13919
41591
9733
12079
9464
11532
13769
9025
9029
7335
8704
9741
20717
9041
8143
13941
13508
19391
22821
34791
9039
9109
10986
10498
11598
29519
9307
11290
9216
4
100
9293
10259
42568
16195
9140
10730
8022
13229
9508
8697
30291
12224
15213
7055
12224
10266
9526
9023
9659
14718
42568
9985
12037
7252
25098
20621
9580
9025
9029
7335
8704
9274
12124
26184
9133
9558
9427
44978
9047
12128
8711
18978
10599
30840
7492
14335
8146
7312
9052
11488
9027
20801
10820
9027
20801
7889
21547
16663
11129
9745
24783
9939
22387
12552
40510
41085
9277
10137
15177
8393
7890
8160
387
9084
25138
11039
10587
10074
9439
12720
10030
9022
16997
9274
11748
35416
13258
10674
9355
9267
25445
7182
14420
16641
8441
8688
9464
11532
11560
7662
9017
7293
16006
33726
5
100
20237
9036
10623
10043
31938
7426
10490
20166
9025
9029
7335
9172
7208
7691
8125
8006
12921
8599
681
9726
7540
7812
8135
9741
20717
9041
9182
12294
9207
22821
14827
9703
10583
11752
9738
11585
12298
12333
9220
8772
9325
13981
10148
9048
8704
8652
9267
8215
7692
8255
8054
9804
9599
9640
8263
7058
9595
9392
9148
40247
11733
7293
16006
12795
22649
9038
21127
27790
12438
12191
26745
21657
8745
14832
6903
16641
30765
12111
9652
12876
9276
9422
10756
9090
16768
16254
46595
41719
15910
9149
22137
7397
8704
43564
18830
22301
23191
9430
9947
9882
24950
41193
12312
6872
7182
5
100
18967
9451
9480
32739
11000
7235
9029
7182
8505
9077
8095
6903
10377
9018
16480
12057
14830
9909
11686
32739
13538
9887
13950
9306
9109
11165
18245
9135
9348
9078
14335
8146
7312
10339
7426
17878
30707
7235
10506
8135
11242
9944
9266
9585
7824
7281
7487
11211
8022
11902
9230
29446
25128
9050
7223
8146
12552
739
8498
7892
7621
7055
9664
7690
387
9479
8695
20477
13503
7162
17320
9054
14898
7487
11285
6824
11039
9544
9230
8106
9048
7198
10069
12139
15388
9021
9211
19465
9393
9766
6947
7399
7220
9026
15010
12139
44765
22804
25689
9544
31508
7489
9178
23660
28136
6
100
13919
13883
8518
8143
20244
8098
7235
9304
10312
7253
9243
45487
8146
8078
9325
9882
38204
9136
10488
7250
9173
9199
9815
417
25288
8612
9804
8159
31187
6958
9016
8
9426
14013
35210
14472
18032
9522
17852
35021
9023
9194
8196
399
8335
9457
8704
7767
10661
21047
421
407
412
411
430
384
9595
398
12479
12068
8719
10398
10647
10100
9081
9217
16268
16863
12407
21446
25522
11618
10769
9544
45803
9338
10230
11585
9307
10040
10046
9224
11181
8066
11042
14755
9038
9767
43086
9733
12571
9337
33253
9036
10169
6465
1590
29379
41361
9430
39564
40464
8742
10044
412
22068
4
100
9939
9855
18007
8676
9136
9036
11459
9023
20659
9639
10824
9405
9341
12298
9177
9939
13230
8705
9025
9029
7335
11570
10780
31512
13805
9052
9824
8704
6903
9039
7383
9368
12395
17690
15381
13230
8146
11630
9104
9418
11181
15096
28738
20503
9742
10709
9038
11003
10676
15662
12776
38204
7235
32800
26421
387
20531
10950
9044
40352
12042
8149
8148
44941
9052
16576
10939
9349
49036
9501
7888
32030
9592
9194
40844
9605
28668
12479
9118
7208
8117
9673
11749
49355
10735
9882
38125
20893
47414
10001
7253
10148
9048
8704
8652
9456
16276
9191
8765
8286
7470
15918
12477
14363
5
100
9689
18101
7627
12035
9154
9422
9243
10094
26421
387
10869
9774
10936
16000
18101
9464
10161
11510
11039
9544
45803
9018
15591
16125
8705
11841
9366
9060
9894
32038
9080
10142
9131
22301
23191
9430
9947
9882
15111
24609
9675
16302
9033
14422
17380
10148
9048
8704
8652
9456
16276
26078
8286
7470
15918
19782
8139
27450
9605
9036
7487
8139
10661
12479
23032
38514
7048
7605
7767
15473
9376
34012
11042
9887
13088
8022
16210
10310
12880
11420
18818
26159
30412
9124
9242
10324
23719
24804
18348
9029
7335
11181
11401
37027
10607
14921
7743
12105
11208
13676
8739
9607
12423
9038
40531
3
100
9279
11204
20503
6842
11250
10869
12202
9044
19940
10062
20670
7335
20503
6842
11688
14249
9331
16364
17933
12525
12199
7187
11204
18968
9788
11139
9512
9759
11204
21069
9665
13596
9304
12742
27560
9092
10571
30132
10566
13153
8170
11026
22767
16863
9605
10101
9640
19011
29739
20090
12057
9405
12656
9456
26829
9741
20717
9041
8143
9093
18228
10407
9182
7109
6903
10377
49714
13338
15342
20945
21188
9033
10984
12268
387
14323
12137
19749
9947
20685
8267
9199
26973
9094
7182
7662
9017
10828
23006
24914
14315
10116
12220
8148
12134
27882
9879
7692
37207
10317
9756
11011
9140
5
100
9632
9238
10259
14005
8518
8137
22717
10574
10475
11686
9018
9322
20247
9658
9048
23941
8518
8143
9249
14005
8446
9136
9278
11136
12942
9119
47637
14005
8446
9136
9278
11136
48642
14710
9172
23941
8635
681
9017
680
7965
43922
9153
7643
15208
12823
387
10017
19854
28479
9199
12105
9145
30033
39294
9947
28871
12934
23720
10925
9038
13358
10846
9172
7691
7384
39055
8599
13962
11318
10137
23763
6958
10206
6947
7399
7220
12478
9036
34418
12717
7991
9337
9031
9239
13748
9029
14485
25401
9985
19846
12916
36554
9257
8146
10431
11903
9022
9793
9168
10788
8054
11525
43203
9511
4
100
16947
9664
8662
29930
9017
8704
8756
7478
8213
11943
9664
7829
15927
9023
20681
12077
23926
8105
7281
18146
8146
14936
12577
14264
9246
9085
11816
7489
14917
14326
13847
9664
7119
14766
7812
18262
19964
9792
9714
9707
15905
449
48370
9485
9560
33948
9119
7335
19816
7586
9261
11684
9037
9251
9689
11194
9170
7824
9172
39516
7888
28985
13439
22011
14408
39740
20391
8705
10148
9048
8704
8756
7478
10916
9108
9036
7461
9356
15531
9128
8159
12199
7187
9522
17852
14604
12068
8615
8599
7085
6824
14543
9036
12340
9226
9553
6918
15434
50762
9025
10906
26466
22301
9060
7
100
10607
8066
9304
9033
20651
9063
9136
6824
14441
7965
43922
19866
33254
20651
9063
9136
7426
12055
9040
28181
9169
7959
12102
12055
8137
24177
9025
9029
16841
9052
29506
6903
31806
43719
33911
12475
28293
7235
9341
42676
28881
31041
21733
8146
8078
9325
9882
38204
11328
6903
17003
19386
41193
10464
12079
8143
20244
37756
21308
9098
11407
31089
25768
9304
22717
15148
16066
8705
9243
45487
27640
8363
387
39836
9081
15556
9422
30016
9090
30015
11714
9172
8814
7485
8441
8688
15714
11181
16999
9220
8772
21630
41919
35723
9060
19568
9428
9566
9031
376
9322
30840
18626
31656
9695
9399
16299
3
100
9689
14320
17345
375
10559
395
9412
10111
16164
9528
15883
22534
15698
6947
9423
9258
29935
8022
9080
9294
9293
18547
9194
8702
7998
8599
9664
8198
7888
382
41447
37026
10472
28657
9877
13079
10840
8765
10463
9022
9098
11170
9052
11766
6903
31168
7470
39136
9366
16069
27070
21319
9317
12378
9174
33230
10840
8704
9199
10021
24912
15523
6890
11140
9257
27914
9331
9088
10738
47379
16627
8146
7312
9148
9961
9090
17583
6824
9347
11735
9871
9018
24607
25240
9033
30692
9311
25077
9416
47637
11777
13466
10526
9561
20891
10206
8366
13079
10071
8148
16158
11346
35473
4
100
10195
9437
8143
12003
8135
17727
10195
16071
8143
11278
7799
9168
11526
8711
13620
11579
7416
45190
16624
11568
10943
9655
9598
11608
17338
8146
8196
11727
10046
9177
10195
16071
9945
9140
10719
8022
10166
9278
12621
9561
9044
12193
11446
7249
34140
15781
387
11746
9966
9276
10903
16586
26501
9207
30782
9029
11686
9018
18554
14223
13254
9262
34971
9882
20502
13387
21109
32811
9167
13414
11314
9554
17760
10854
11590
8084
10115
11513
9918
12410
8159
11532
10146
11469
12972
13769
9025
9029
7335
11336
11967
8146
23411
15781
12980
7445
7812
10043
9081
14449
10407
9874
6826
16532
5
100
9293
10259
40367
9088
7812
387
9479
8467
7788
12498
9422
9088
8599
9225
10488
7250
19303
13525
8704
8652
11570
10780
31512
18301
26098
10521
38916
9194
8196
399
8765
9036
8756
9050
8484
7965
22887
7104
13899
382
9180
10040
12743
14326
16701
8078
20362
8168
9140
19508
21871
12572
9036
8756
9050
8484
10919
10647
7249
10960
8
9426
14450
46715
12199
7187
18032
9522
17852
14604
9046
14736
17996
17852
14604
11299
9607
31442
9235
7799
7694
9123
10334
9018
8092
8758
13536
9030
9253
9869
8030
10378
11975
40242
17901
49672
10223
8104
8718
13191
14147
16863
11675
11194
8135
5
100
9138
7415
13409
10043
46027
7888
11200
8702
7810
7991
26616
10010
7071
8149
17339
13277
9049
6872
10010
7965
8425
13001
48101
9518
9045
7235
9465
9960
33770
9195
7109
10497
9020
11411
10897
9043
33323
9773
39208
28646
34693
8063
9443
8335
7478
34677
12252
12450
9117
7748
23775
10078
7967
7114
8811
9046
7556
32957
8
10070
8135
34316
8146
12376
9448
10141
9517
14533
13998
9075
11412
26721
21734
9168
14705
24703
13447
10590
7335
14769
18590
9145
47836
9429
18649
16081
25006
6969
10078
10412
7561
20136
14360
32664
9451
7892
9068
11848
12002
25495
13573
10294
14584
9052
36042
3
100
10464
22973
15381
13230
8146
9029
7335
9172
7024
9021
36701
12582
9588
19597
7185
11987
26458
7235
16062
7182
16053
9304
8704
9172
15477
7607
9063
9136
47724
24733
7965
43922
21994
7162
9536
7187
13042
9148
16308
9168
10141
9628
9215
10996
22821
9276
11684
25377
8599
7670
31498
11197
8548
9581
13439
38018
8142
12751
15605
12298
9177
11570
21470
9982
43804
389
9837
13852
450
15273
9792
451
10567
443
12145
43832
9662
11585
8137
9337
9025
9905
9162
8364
8159
10157
7162
10033
13805
9594
20616
9369
9140
11248
9050
30917
13919
41591
9067
8263
9323
38204
9435
4
100
9215
12372
44163
10135
9052
9366
44163
19245
11477
44163
9512
14240
17761
10000
377
8146
8196
7991
39349
9031
9239
15248
12415
6921
8084
376
16563
27914
25518
9265
9035
10972
11993
42172
7071
6866
10166
9258
24692
10270
9038
9108
10644
10014
34707
13358
9035
47637
9022
9548
11638
17582
9080
9362
15039
22507
9294
15641
9700
8239
9025
10906
13404
10021
9835
34668
6947
41481
19520
9094
11383
9554
19520
9094
10618
10701
19561
7788
13076
9449
9267
7162
15730
9124
41992
15453
17449
10690
10579
11686
10185
10599
12353
28657
46260
45937
9341
9655
9458
9723
9594
9871
15605
9257
4
100
19306
17339
9059
6967
9048
11686
9018
9322
13579
9277
10748
11966
20247
9658
9048
26421
387
17339
17969
9600
9346
17049
20975
9154
9422
48681
11830
27359
10090
21203
14730
7335
14222
8135
9912
9133
9246
9292
16831
8381
9465
30172
25741
9199
37428
9964
33245
26068
9405
13235
10776
14073
7532
14222
8135
17074
17337
9156
31509
8146
8068
12834
9427
9327
10092
10279
7461
7395
36878
11432
8216
18279
9456
9025
9029
9648
9044
13836
10641
10578
13417
39470
10021
21308
6824
15465
10206
50756
9355
13524
10251
25572
13744
9038
43697
9207
39306
9684
10809
23479
21162
10599
9677
9016
6
100
9046
7492
10016
7399
8420
11630
7426
31279
9038
12158
22301
9046
7492
9325
9882
10016
7399
10062
11667
7652
7892
9025
9029
7514
8185
9172
7502
7894
9079
8429
13439
16812
8705
9039
9172
7502
7894
9079
8429
19788
8152
14026
18890
23707
7824
11556
9117
36556
21337
17132
12475
12032
26816
11948
7335
8704
9271
38348
47072
9077
11001
17494
9297
7385
23012
9421
12338
8066
9407
38937
739
8564
8564
29873
8265
9407
8513
9421
12338
6824
16009
11078
9215
8471
13645
46435
9124
9534
21855
18948
9025
9029
7487
10684
9805
9172
7691
7384
8608
33172
10278
9950
15887
15950
17939
11316
5
100
49166
9077
13501
15730
22828
375
8146
8196
19520
9094
12191
17885
18484
7071
8149
13530
10070
8135
17582
9278
29918
9063
21510
13069
8146
20430
15433
10604
30899
8137
20617
24692
13654
11213
13358
10846
9018
12385
28833
12399
9199
13177
7080
406
36500
15190
9094
12191
17885
11867
9362
9351
36803
9655
9598
11608
11334
10341
31971
22507
9782
9676
9080
21071
12634
9337
14610
12931
9658
9448
9585
7055
9134
18607
32392
21187
17219
15378
16576
18372
9267
22805
25558
6866
9069
7098
10078
8092
9702
23236
9552
20845
9068
9650
9031
376
13768
13997
9339
9348
46494
9031
376
9351
9745
3
100
37648
9712
12557
25000
7470
14526
8263
7058
10196
15664
8149
389
9258
9036
7853
9148
15242
680
7965
47832
23419
9395
387
25689
681
12557
25000
7470
14132
9257
27914
9172
22507
9337
11334
9320
7182
13962
11252
9156
28657
9135
7359
8137
11560
8348
15357
18401
9136
10644
10345
9890
683
6947
7399
7220
11649
9651
7080
15825
9871
11415
9568
7244
7442
9177
13076
22667
47637
9022
16626
8135
9640
7556
8016
9355
29045
37667
12817
31374
19561
7788
9427
35673
9539
6866
14465
11686
9018
8198
25779
9294
31187
9368
26208
9025
9909
8704
9271
39210
15933
7489
17444
4
100
49462
9040
9702
17676
9048
26421
387
10869
9774
10936
16000
9172
7827
8022
739
8248
9450
14664
11039
387
13216
26347
42717
31134
21308
6824
18614
10341
11841
9366
16254
15994
7788
9450
28833
11545
19534
10391
38267
9659
10764
14585
26543
9080
9199
13366
680
7965
43922
21994
681
9324
16372
21277
39735
23719
9882
15591
16290
9444
9448
12298
10852
19107
19745
10586
8263
12487
25799
9178
6963
16372
9447
22126
9052
9939
9526
9023
13216
11088
9314
37648
8143
9831
35646
24088
8137
9430
44631
25946
9307
11132
9939
17148
10964
23585
9070
26603
9203
18844
7235
11082
9867
11867
4
100
11019
8168
11252
9154
9384
9021
13893
9243
10094
6947
7399
7220
12199
7187
18032
10939
9563
30638
7244
18398
8031
11744
9036
22976
12311
9023
10005
7198
10967
9772
10896
8022
9786
14697
7756
17469
12154
9272
12329
7235
9416
7335
9239
9673
15687
13226
18268
9085
6899
9023
14114
11432
8400
8740
6903
15025
46750
18725
13235
9733
9510
19171
14759
8146
7285
15365
9052
12171
8265
9185
20071
9631
9137
42303
31162
9288
14403
11931
21564
11317
8135
10877
15118
12190
9456
9359
10151
9135
9490
40466
11337
8243
8262
40612
24127
6921
9560
16513
7249
34062
7648
9438
11526
8711
5
100
23706
24101
9065
8084
8707
9355
31062
21007
13787
11846
10475
11686
9018
9249
10138
30315
47230
10993
18595
26070
15148
12850
9199
9861
12782
10687
30840
38476
18520
8
9426
14450
46715
12199
7187
18032
9522
17852
14604
9046
14736
17996
28893
6947
27219
18146
9023
9172
33625
9374
40242
17901
681
49253
13595
9623
7488
10990
28567
49672
11721
9512
9172
415
758
10470
12405
39564
10210
6841
8393
36329
11333
27013
384
13439
30491
8000
32242
30601
11570
9086
45354
9456
10572
10503
10207
22123
7461
12446
33457
10140
9038
9595
398
31651
46740
10058
7400
12690
8143
14871
25993
25226
10358
4
100
9114
13374
11316
44868
9733
9716
14042
9248
11120
9062
8146
7312
9148
9194
7182
7285
739
7088
9094
10265
9582
17449
8210
25459
9199
19479
8030
7191
12589
9964
9109
17860
15728
12412
10063
7487
7991
7235
17582
9018
6857
7426
10099
8143
15641
9700
8239
9025
13950
9183
9069
15476
17885
47711
7372
9149
9109
17860
13489
10014
34707
13358
10247
37202
6889
10305
14927
39417
8137
9122
9329
9178
7561
19907
9022
6866
44224
10030
9440
739
9705
43854
9306
29782
9054
11560
8245
11992
12209
9585
19561
7788
13570
9745
18529
12154
12520
25799
9328
9944
10652
389
9394
11132
3
100
10152
9034
44163
9023
13895
16185
7162
9351
9745
13997
14223
11493
8705
9025
9029
7335
8704
44163
9180
15709
22375
11649
12442
9267
16586
9022
10578
20931
42841
17885
11867
10599
9036
7542
8137
9337
9031
29728
8146
10431
35795
15378
13768
23236
9552
14431
14328
12487
8159
9197
8146
23179
9404
6947
7399
7220
12478
9170
9438
9277
16760
31994
9863
9689
13368
16601
34872
9788
10541
27290
9257
19561
20192
15709
12203
10809
11136
16388
7847
9846
11178
9554
9684
10809
19107
10345
7074
11250
11188
10206
7561
19907
9424
11683
13166
10348
9351
11132
15570
15730
9038
13902
9738
4
100
13914
10856
31898
6958
9030
16381
9605
13230
8146
10312
7253
10148
9048
8704
8652
9456
16276
9191
8765
8286
7470
15918
12671
9553
22916
12199
7187
18032
9086
7824
9331
9390
9130
9869
8030
10378
14017
6828
11841
35525
23853
9905
11181
11585
8135
9536
9271
23091
9123
8336
25318
21760
28145
24844
9756
10173
9599
48339
9375
36988
31898
7162
9362
9351
13241
14265
10901
9095
10731
9347
11692
9882
15591
32777
10001
8711
13660
35723
13368
10570
11789
18393
14651
26973
28296
9016
8
9426
7847
7416
22880
17079
25678
16918
43790
21056
10164
7799
43790
21056
9153
10916
16798
9148
3
100
11345
13036
50923
9030
20503
6842
10107
30015
11714
32800
7335
11570
10780
31512
13805
9052
9426
14450
14012
11290
37790
9894
39931
11196
388
8450
20352
11196
388
8704
12597
9304
9036
7461
13230
49119
10293
11169
17073
6903
16021
36459
9939
36349
45222
22717
10135
7235
31731
9016
8
30601
9226
7191
8765
9180
10869
9741
20717
9041
8143
13941
10462
11381
387
9127
8031
7847
8421
18769
9140
12516
8757
7759
13508
14408
6824
23029
8267
46548
11768
12199
7187
18032
12094
7888
49379
10883
39080
9605
9671
11121
28814
9172
9635
9094
10890
10046
16891
11011
36329
11440
12178
7
100
9293
10259
739
8430
8548
8149
22547
8022
14063
9449
9194
8430
8548
12191
15887
15950
739
8715
18794
16605
13503
10898
27013
9291
20659
9639
10998
10626
10903
43774
24177
9025
10517
11630
8718
19303
13525
8704
8652
12032
7888
8013
8135
12199
7187
18032
9528
15883
20297
8505
30574
9023
35425
22547
8022
19156
7252
9117
11084
18588
9877
13079
16103
8146
21943
23029
8204
9018
18554
23191
35270
10388
7502
16983
8593
11280
9456
16276
9191
8765
8286
13363
25280
9767
7540
8539
7840
9023
12068
10678
9866
11181
13872
8
9426
14013
35210
14472
16268
9522
17852
10883
50821
10625
10934
426
422
5
100
29306
8608
35907
7877
10107
12298
12333
9220
8364
8137
9430
10584
8046
7501
6932
9147
7536
44186
22821
13572
17371
9044
10368
7536
18809
49009
12921
7622
7877
42460
20237
17047
39455
14558
20503
9742
10709
9431
9553
19011
11316
8461
9045
8168
7958
8146
10312
7253
10148
9048
8704
8652
9456
16276
26078
8286
7470
15918
11196
408
12905
11622
16368
8359
7616
18180
10141
9628
10655
9140
9279
26599
35465
20937
21657
8745
9494
23610
6903
10417
6918
11648
15662
24914
9756
10161
9729
9805
9102
9283
9130
9869
8030
10378
36349
9458
35525
9630
9313
9651
18174
8
9426
14013
35210
6
100
15275
8688
11244
8006
9930
8610
8135
739
7986
8690
8143
9049
7884
6903
15285
32931
9502
19712
48817
9119
7335
14564
9110
7642
10416
9819
16940
9267
8705
9243
45487
8146
38052
12199
7187
30547
8428
9423
10040
44188
9877
9046
7492
9592
14860
30022
10519
9901
10899
8704
8652
9456
16276
9045
9403
8286
15997
28828
9479
7803
7877
10161
21666
9172
8022
14295
8487
12777
411
421
418
426
431
409
9681
10395
27912
16756
9017
680
7965
43922
9375
12480
9479
7803
11414
18397
9173
15737
19335
7172
7813
10403
681
9589
21596
18869
12053
10596
9390
9130
44850
8022
14295
8487
5
100
45045
17077
9480
9018
8191
19410
9194
6893
15482
12427
12123
50800
14306
8704
8652
9528
13117
10187
14386
10869
9774
10936
7769
9278
10586
23869
9741
10400
17621
9062
10608
9398
9148
12804
12109
14978
13363
9457
6893
8688
16844
27994
9212
8033
7824
14006
6853
7426
12637
8814
8194
9758
9437
7253
9465
9017
6947
7399
7220
12199
7187
9052
9426
13474
13117
10187
15482
10281
7660
10901
9212
8033
7824
13536
8148
9324
7965
7471
9134
9045
8117
13495
9094
8245
9016
8
30601
11570
9180
9524
7799
8747
42608
7244
8092
16537
9024
10996
9429
7791
8806
42608
7244
8092
16537
5
100
739
8545
7608
31898
6958
9030
9095
22175
23631
14731
10601
9033
10591
11912
12458
17207
10625
9925
9325
11202
36349
32256
10148
9048
8704
8652
9456
16276
9191
8765
8286
7470
15918
19220
45721
47389
26340
23598
28959
9180
31651
8140
9384
45842
9172
6835
7474
7888
14434
10198
12092
16053
14612
36694
7532
9529
17418
9172
26025
7126
12246
10374
8104
11987
18712
9995
23130
9078
47922
35306
6890
681
9284
10380
8739
9607
10345
9281
14078
11350
43505
21454
13739
24740
11693
9279
10453
37005
9207
30782
9029
7335
9188
11009
13755
15814
9693
31406
12806
12053
32379
17441
10998
25491
9912
3
100
18504
39310
9807
9325
16210
34201
9885
9029
8263
7058
10196
30547
8428
8704
9172
8022
14295
23027
383
15970
458
26987
401
29139
23905
11756
389
18944
42200
36323
22821
13887
9241
8191
7252
21666
18708
9939
13230
8705
9025
9905
11208
13669
9127
9941
15605
12298
12333
15997
9264
8194
9512
13572
17371
8137
9220
8364
8137
9430
11704
9020
15906
9162
16954
8104
10439
8143
42460
20237
17047
14028
9553
19011
11316
8461
9284
24950
10709
9038
10960
8
9426
14013
35210
14472
18032
9522
17852
10883
739
8370
8671
8052
31569
9023
9194
8196
399
8765
39564
10453
8148
3
100
9450
13815
15016
40410
9276
16390
10590
7335
9194
425
37655
8066
11576
24980
8143
38424
12141
16727
9036
20005
7235
44376
10566
9585
25495
10040
43239
8446
15435
9641
6886
9804
10872
9194
7691
18333
7281
14832
14986
30765
12111
9652
9316
7220
9517
14805
9094
7130
10010
6947
12982
10998
10626
11336
12845
24587
9185
22821
9215
19505
10925
9038
25799
9328
9944
10997
11864
9355
11336
12845
24587
9180
14502
9025
11106
9173
9199
34693
47637
9018
18554
14223
25894
8704
11576
7372
10261
13003
10824
8159
9406
43575
12105
19416
43569
9745
32104
11532
48629
10854
13572
7470
9842
5
100
9454
8450
9109
8461
32104
8146
13576
11100
9243
10094
26421
387
10869
9774
10936
16000
11290
21666
32104
8146
9947
49693
33625
9363
9331
9522
11087
9939
13572
8704
29060
9488
8548
18263
7235
9608
8756
7249
387
22821
9733
9426
11704
9185
32883
9284
10678
10824
23284
17933
9341
12634
7235
33253
12137
10259
10040
10046
9224
49767
9716
20315
9243
45487
11675
8470
17415
12199
7187
18032
9528
15883
20297
8505
30574
9023
9194
8196
399
8765
9741
21601
9056
37710
9942
42848
17196
9194
10608
397
12767
19416
11573
43778
12141
10686
11927
10087
16863
8467
7478
46794
11570
9052
37438
5
100
12742
15403
8143
20244
8098
7235
9304
10312
7253
9243
10094
40766
8014
11694
9094
19063
10040
12743
14326
16901
29179
11570
9194
8105
7281
36491
7895
9595
398
12479
12068
14006
8604
6903
9726
27651
30935
8143
11316
8461
22892
15405
443
29179
19633
9136
9278
13493
9038
9080
9362
10330
15403
12589
11834
9366
10137
13932
10293
7250
9173
14086
8263
7058
10151
28814
11196
36501
11486
18363
49253
8187
9180
16858
8756
15347
13509
9448
9456
9036
12704
16131
6954
41946
8160
10322
18830
9034
9457
16901
46622
454
21664
457
8628
9261
47343
10436
7596
9418
22301
9046
7492
19864
9815
6
100
10464
10043
9049
7281
40766
10939
375
8146
8196
7991
9094
16022
9266
8711
34692
8
10070
8135
739
7346
8704
13055
8422
10139
12396
8066
9280
11285
9337
7312
11848
29045
36500
8084
8259
34018
12371
9220
8102
10119
378
8658
7503
8548
16002
9479
16210
9564
9028
33827
9705
608
608
375
7965
7487
48101
9148
16640
12583
7208
7372
6919
12002
19561
7788
13570
9267
19647
11019
7235
9183
14087
14017
8073
14782
6947
7399
7220
9231
7503
8548
16002
9454
15926
9847
8030
6874
7652
23775
387
468
468
468
757
605
375
7141
8137
14531
9511
29205
21437
25715
9443
34158
4
100
16641
10133
8564
7877
12980
7445
7812
10161
10046
12457
7692
8608
8024
18894
408
426
9431
17005
9172
8022
8694
29448
10308
7389
8662
10997
13439
13254
11927
18107
16863
420
428
409
8066
9426
7293
16006
26239
7691
12513
8471
21047
409
426
9381
14461
8711
25583
10755
428
409
10133
8564
7877
12980
7445
7812
8135
37648
387
20078
11587
9874
6826
20002
6858
7770
9323
9395
8614
9030
43239
16018
14669
13796
22711
9025
9029
7335
10195
32081
12592
473
7757
8196
9038
20235
42460
11217
15781
11967
8146
42757
12495
43232
9023
9079
36489
9033
38013
24767
9989
9207
3
100
12122
9647
15697
6903
9022
10809
13836
34904
11120
9062
8146
13631
20751
12199
20992
9917
15902
16637
9018
21195
21831
9882
48819
12801
10407
9229
10626
9947
15112
11078
11088
6866
10341
9243
9032
9913
9217
13525
7335
20381
17628
8137
9430
31433
9194
12407
13425
9647
13438
10611
9694
9548
10229
9304
41992
9025
10038
23035
9033
9199
12610
9457
9329
9761
8185
8159
9324
8243
7489
16372
11766
387
16270
387
15592
7470
12079
9512
9188
19347
11251
20369
22570
38619
13162
8186
13889
32770
9558
9430
28042
17499
9604
9932
11683
18294
6963
16372
12634
7235
14549
9366
9647
3
100
47969
37249
15381
13230
8146
11630
9104
9029
7335
8704
9172
8022
14295
8487
7485
10252
14720
414
443
463
24218
10929
417
10455
384
13439
12395
37249
9695
9368
12120
14175
9847
35943
19730
9934
12443
8196
15381
9284
15591
37474
18194
9639
11570
11181
15096
7162
28738
11437
7812
387
9479
8467
22623
24767
8340
7789
11540
12283
8104
9466
14827
9703
10583
9018
7521
12191
9430
9123
8336
25318
21760
15225
20496
50562
16380
9052
41730
17389
9826
9512
28487
15872
9230
8533
15532
13347
8263
9840
42454
11003
10676
20833
8705
9025
9029
8159
14261
11373
9089
33369
46483
5
100
9454
8450
9050
30917
11011
9140
11290
45823
37207
33253
12137
10210
32099
9422
9696
14823
11954
10416
7253
9243
45487
8146
8078
7235
11196
388
8450
20352
11196
388
7540
33342
40056
9807
15807
10601
9033
10591
42460
23347
387
19971
16371
9276
31406
35536
20866
9030
9689
9925
27439
8137
10657
9119
417
421
415
17943
45240
10063
39453
8078
10046
9224
17192
38641
426
10274
32099
49703
9351
27837
11290
13583
49767
10903
16486
8705
9243
9032
9913
19303
16863
7335
9640
8056
26829
9741
20717
9041
8143
9093
18228
10407
22821
9086
10487
43232
7847
25480
11931
27760
26411
9081
9495
5
100
16701
9280
8467
31054
10762
9284
13119
13456
8135
27339
9944
12733
7530
10063
6958
8215
8022
10293
9850
9726
8563
8519
8153
10395
9224
10824
7235
10756
7253
9243
15755
19303
13525
8704
8652
9456
16276
9303
10636
49673
35116
10608
399
15669
8120
8688
9741
9397
14835
7633
7812
382
9180
10040
12743
14326
29060
39848
10034
11580
9246
44492
9170
10576
9338
10230
17252
9676
10960
8
9426
14013
35210
14472
18032
9522
17852
10883
739
8370
8671
9023
9194
8196
11460
8335
9457
17047
18272
12506
33019
8387
10921
50283
30194
461
30812
19166
11206
441
11060
384
13047
9356
9926
5
100
14258
6841
12163
20244
8098
7235
9304
10312
7253
9243
10094
26421
387
10869
9172
8102
7897
8565
681
16718
8643
9950
29586
9030
12062
7485
8565
8137
22146
10998
10626
16364
17933
9341
12634
7235
12298
9177
10769
9366
19416
9739
10270
13402
10341
29124
7208
7691
8125
9804
9599
24310
9592
10040
12062
7485
8565
8022
16210
10906
9129
9717
10903
26304
9486
7799
13645
15989
19912
15997
11725
9154
9422
23191
16229
11630
8718
15910
9149
9640
17371
9136
9939
13230
8711
12399
14422
10488
11151
9882
38204
13153
9140
14832
25037
11202
10822
9044
32520
13525
8704
8652
9267
7691
8125
7
100
28895
7281
8660
11293
8756
7532
15381
9284
15454
9430
37648
8143
33073
15902
48817
9119
7335
11336
44155
7670
9023
17781
10095
10570
8420
8626
7089
8022
10570
10077
31089
24570
9238
9192
12745
22932
9848
8602
8137
14655
26463
39669
31266
10663
9900
13193
8705
9025
9029
7119
8599
7670
8135
9209
10626
11136
16888
9025
10038
9882
11262
42757
9154
9422
9243
10094
43103
16537
9804
9599
10063
6958
8215
20078
7470
49856
43324
10395
9445
12880
23833
11137
9068
14323
42460
17947
38384
9947
15292
38670
9031
377
9131
7530
13493
10912
10551
7078
9016
8
16858
425
48886
383
14435
27536
8758
4
100
10756
12610
9684
12313
6903
8196
11348
8022
11202
10805
26616
15910
9149
9640
26421
387
9351
12212
30718
37305
26749
18415
8143
12184
12681
9140
20576
19879
11915
37983
7162
16761
14586
11310
8705
32239
9131
21480
12715
9304
30601
11570
9052
9212
7559
7849
19220
8263
9559
42081
9172
26025
8745
14204
10414
15714
9552
50898
40281
10046
9224
14805
20229
7597
6949
8746
20684
9672
9391
9430
10869
11680
19749
15468
7220
14364
9447
13984
15868
10461
9494
16371
15868
10461
17874
11163
7478
11587
13445
9136
32875
49224
9350
11469
9167
9026
28175
29732
38697
13891
35763
9038
9279
10453
4
100
9046
7607
18236
13461
9030
11350
14390
7235
9304
23029
8267
46548
8704
8652
9563
13729
9426
38911
35136
12506
10484
9018
18554
41286
18490
7788
9140
9055
6905
37434
10387
47257
16289
12634
10141
9628
11108
12660
9188
9073
30913
13175
9748
32343
18490
17412
10251
31638
13744
11101
13214
31511
10148
9048
15118
45349
27536
8758
9629
392
24238
10996
9804
10872
30601
11570
9133
16125
49135
7194
9180
15852
7071
17926
15220
10364
22024
9170
11684
23445
8033
14520
10686
7253
9182
10393
9016
8
11528
12190
9456
9359
10747
9194
24237
14450
14012
15252
9552
45123
9876
23143
14059
41012
3
100
9824
20531
10107
8066
9279
10453
37005
9207
9172
33625
9374
9824
8704
7607
8023
7877
8658
20531
11011
6953
12178
10695
8711
9390
9130
8007
395
10608
7489
9771
39868
6963
7799
8747
9066
8074
38320
9324
8404
7789
9219
14520
9672
9878
10363
49672
11721
9512
9188
10346
30499
15807
35763
9038
9640
8056
26829
9741
20717
9041
8143
9093
18228
10407
12621
19749
10756
9104
9366
17451
27594
39417
9668
22301
23191
9430
9947
7208
27560
7252
9824
8704
7607
23338
27526
16462
9368
13493
9038
9019
15966
16863
7335
9640
8263
7058
9595
9392
9148
12488
9882
9036
7461
5
100
12396
11486
9192
7767
17436
10076
9627
9430
9194
8422
10139
12396
382
11349
31656
8022
48425
9080
9018
9134
387
9258
9036
9515
8325
8135
9294
9728
6919
9582
17449
8210
10030
9677
6872
7182
25799
15933
9368
16564
10000
377
7965
11597
10401
9265
7397
7801
8084
376
16563
27914
35673
9539
8263
10127
8146
7584
9871
35673
9539
12016
9257
377
18903
9050
8185
43953
9162
20806
9022
6857
9181
33755
9155
739
7088
9094
31046
9554
7788
25856
9063
9038
17436
8705
14553
11106
8006
25856
10910
12857
9427
31113
11903
9105
7317
15433
11732
9666
8239
9025
10811
13704
9037
3
100
10464
12224
11252
375
8146
8196
7991
12224
8135
739
605
389
9585
378
7804
8688
27013
27029
739
9168
468
468
468
757
36500
8084
8259
15275
8688
10613
9564
9676
8155
9176
9265
8806
18339
28478
12224
49809
6857
7426
21308
6824
10307
9409
6853
27511
8084
376
608
608
375
7965
7487
45887
26184
6855
7220
9705
605
389
9585
19561
7788
9018
18554
9427
12720
44837
8073
14782
8185
22633
9046
12271
10464
7285
9432
18457
13243
31204
10078
10072
22600
10584
9724
6947
50183
9063
8148
405
36322
29045
9265
26620
12371
7085
7556
12011
8702
7208
7372
4
100
10328
10313
22893
9478
9030
18323
9308
6900
8724
11101
13214
31511
32239
9131
7530
9640
11270
8022
16210
9366
11159
6903
14671
16930
9401
10107
8066
11042
19581
10013
37666
9034
13872
8
9426
7847
7416
22880
17079
25678
16918
43790
21056
9153
10916
16798
10489
19015
29718
20567
8765
24658
20759
11946
10372
8104
10617
16680
9293
11092
9604
8263
9840
17007
39144
16296
23841
11839
16863
11675
7847
7416
11374
11033
8703
11098
9304
9036
39494
47104
9168
43338
7126
7799
8705
9243
10094
18263
8104
10181
15738
8704
9076
11865
12199
7187
18032
11669
22625
11472
7478
27472
8747
10234
4
100
12557
8143
11384
34105
9017
6947
7399
7220
12199
7187
18032
10939
9563
40657
19269
15675
32984
9180
9524
45000
14435
8143
35727
9021
10407
22465
33757
39454
7627
11362
395
12126
10827
9269
22930
23559
8704
13936
9764
40363
11502
389
9964
11180
20060
11002
11039
9236
11121
11341
35321
21182
9150
47452
9277
10587
9992
20060
10327
49321
9066
7789
10023
9712
15618
10466
20203
7249
387
35416
9018
8105
9262
9257
8146
7312
9148
9282
7139
7478
12051
21504
9267
12792
8022
17440
9183
8363
7847
6886
8148
9324
12685
383
29161
30414
384
9030
42671
9765
20699
9177
10063
37705
3
100
22821
12384
28293
8148
9172
8563
8522
9230
7487
15283
8420
681
13230
30015
14720
396
8105
15815
11323
395
31547
9140
42460
15403
44188
18194
9030
9084
14731
10601
9033
10591
19268
9935
10822
8022
11202
10805
26616
15910
9149
9640
8056
26829
9689
10622
50446
11348
9307
11290
13583
7235
15030
27709
9047
33253
12137
10259
48201
37632
9337
9031
12428
9018
9329
9135
13872
8
9426
14013
35210
14472
18032
9522
17852
10883
50821
10625
10934
426
422
34618
9575
9194
8196
399
8335
9457
8704
7767
10661
21047
421
407
412
411
430
384
9595
398
20953
9036
12340
4
100
9293
10259
20666
21422
9120
8224
7162
10769
10280
14381
11556
13417
39470
9983
9466
19743
9912
9168
20391
8705
9465
9017
6947
7399
7220
9572
22126
9052
10185
10599
9564
26768
8146
8196
13300
13579
9277
10137
23763
13737
23854
9625
9313
9585
19561
7788
20666
21422
33038
9177
9517
9172
9648
14872
17096
20428
19593
10579
11686
9018
8198
11968
7489
9267
22805
13927
14554
9337
9025
9029
8697
7372
8548
10400
9736
17830
9676
13358
10846
12642
13023
11402
47005
14278
9080
9362
12353
7182
7285
11928
33770
29348
12341
20666
8599
15843
18772
9069
8265
22704
28288
680
7546
7501
8
100
9538
7374
7182
739
8545
7608
31898
6958
9030
16381
13739
8262
9875
21124
7335
9279
26599
35465
11693
16782
8000
8126
387
9229
6853
44759
37207
24348
9684
10412
16930
9276
33660
8056
26829
9741
20717
9041
8143
13941
13508
19391
10890
17920
7258
9399
22353
22821
9086
12084
10495
27760
26411
47067
9430
10428
8703
29610
14098
9062
8146
8078
7235
32336
9094
9882
14699
17192
9308
6900
8724
11101
13214
12583
9176
9447
22301
9194
8196
399
8765
9036
7487
8139
12671
382
9180
12621
14575
9717
36988
31898
7162
15148
11286
39802
14215
9017
8704
8652
9456
16276
9303
10636
49673
44166
11050
8765
4
100
12501
9520
17339
46027
12141
16727
9036
20005
7235
9304
10488
9119
7335
9194
12407
25187
42067
10516
6903
9457
8656
9823
13192
8705
9528
12951
14283
10157
387
26460
12679
9167
17345
9090
11501
13047
16727
9036
20757
35655
10408
10686
7253
10148
9048
8704
8652
11570
11181
11585
8135
9536
7187
13042
9148
17244
26098
9168
9018
7521
12191
11219
7530
50562
16380
10309
8135
28487
9939
21760
9685
10743
9123
8336
7849
24275
9048
409
13513
38223
11925
22613
10755
18260
11060
23596
457
389
9772
22985
739
32895
457
22178
9792
26907
11517
389
8
9426
7194
9722
9613
383
5
100
12396
11486
45045
12079
10148
9276
10148
12036
9029
7335
10869
9774
10936
9917
9528
9094
9628
12079
8263
9140
24170
10980
9261
11853
11213
9745
11898
9391
10507
11469
9366
16254
37025
47637
9018
18554
31442
15942
15883
8066
25280
9394
25286
9030
47089
11009
14810
9136
9517
9551
8146
7285
14210
9170
7824
9177
10813
11194
19915
19519
29801
24665
11530
11025
25691
10669
11117
10185
10262
10772
9306
17971
21377
10704
9022
21300
9443
10250
9156
7584
12679
9167
9275
6830
9626
19420
9207
9278
10586
12650
12637
7162
9362
10330
18354
11087
9564
14981
16262
12423
9038
13358
10247
8148
9031
4
100
20237
7844
10259
19534
7235
21002
8705
32239
9131
7530
9640
26421
387
13216
11088
7182
10704
9450
13750
10172
11136
9181
9025
10038
9882
15111
15982
20399
9124
9934
9362
10769
10280
9229
9449
10152
6886
7601
9185
37979
10026
9284
9650
17188
10341
9243
9032
9913
19303
13525
8704
8652
9563
7670
7877
9180
19534
9756
10161
10230
11684
19534
10978
7756
12836
9494
23610
6903
15631
31517
9140
16034
16371
9276
20607
9418
22301
9194
29969
13449
11742
24744
47708
12138
14465
15118
7198
33524
30445
28209
9295
7621
13171
17428
7198
11587
20681
34567
11098
9304
16390
9859
9456
26829
4
100
9454
8450
13088
12035
8711
7655
14677
9019
27430
9640
7496
11608
37375
9176
9022
6857
7426
13902
9685
9337
9031
9239
387
10165
12760
7235
14309
26973
16773
9505
7965
7487
8215
8146
9172
7521
7155
8618
12178
22209
10030
13088
8022
16210
34201
7481
9199
7374
10719
8022
11358
22137
7584
9803
7801
9439
11282
8704
9200
11848
9863
9376
12051
9028
12228
9018
6866
9826
8705
8263
9443
18663
13737
23854
9625
8017
15910
9149
9455
7192
8137
9301
9062
47637
25620
8135
12199
7187
18032
9528
15883
17605
7621
7055
7293
7119
14596
9023
35425
18101
21898
26340
13659
9448
3
100
37648
12224
7851
9185
20002
7851
9284
33031
11136
14502
9025
9029
7335
37648
8143
9249
9172
7982
35646
24088
8137
9430
35416
13258
9262
12224
681
15920
13119
7250
9496
9018
11262
10458
9511
12668
49849
9874
6826
9070
26603
10730
8022
30748
9025
9029
15717
23852
10607
8626
21973
9172
26222
42548
7685
8006
12446
12224
8135
9831
35646
24088
9021
10021
48660
11178
9554
10607
8626
17203
28643
7398
14001
44155
7670
9753
13258
7249
9341
9558
41203
9882
44631
36309
10345
9580
9788
10960
8
9426
8146
9528
9030
51174
25761
8148
8688
14965
14165
12679
9604
15937
13583
4
100
10328
16069
8143
16302
9325
11202
11874
8146
9177
10063
8092
9702
25214
9306
9553
9518
9947
26304
12923
9290
11090
9685
10743
9108
14979
9430
15378
9267
10017
13889
11251
9217
29016
20564
9734
9351
19235
13768
13997
24485
18720
13229
9069
6962
24709
9199
19303
13525
8704
8652
9524
9613
7162
10063
36316
15620
15709
12517
11608
11776
17722
10526
18088
8149
25230
16040
13027
16638
11799
26191
8137
11688
12974
9031
377
9131
7530
9553
39180
17802
10591
10063
35843
9304
13312
9033
9199
9861
8702
14364
14867
33142
10305
10875
10413
10809
11902
21640
9558
11357
9882
22570
10873
20609
5
100
13919
9114
27680
38522
8756
11328
6903
45320
7281
739
11578
8614
10308
7389
8662
13254
8146
9628
13835
9467
6883
9016
8
9426
14013
35210
14472
18032
9522
17852
35021
9023
9194
8196
399
8335
9457
8704
7767
10661
21047
421
407
412
411
430
384
9595
398
12479
12068
8719
10398
10647
10100
9081
9217
16268
16863
417
421
407
412
411
430
7162
38514
389
8243
9555
16508
16150
10352
13906
16143
27729
9456
16276
9303
10636
49673
11570
9017
13203
10046
9224
11181
11585
8137
11877
9280
9020
9268
33625
9374
10449
721
8263
7058
10151
9291
31664
11502
40220
9356
4
100
13417
18476
37231
16195
9140
13230
8146
10312
7253
10148
9048
8704
8652
9456
16276
26078
8286
7470
15918
11196
388
8450
26059
9553
34195
6903
14320
387
36513
50315
29060
9284
25080
36330
10436
10529
9888
8745
9553
7767
15417
29830
9029
8263
7058
26829
40427
14450
9591
15807
11877
9194
16506
19011
8168
16891
14739
26857
9925
12187
9426
35844
32984
26175
13412
13755
11048
11204
11011
23224
11918
14465
44790
7669
9110
6908
7793
10317
10399
8387
6906
8135
9640
8056
26829
9741
20717
9041
8143
13941
13508
19391
22821
9086
10100
10601
9033
10591
24914
10274
8066
10741
44631
11202
5
100
9689
30478
12438
8149
12035
375
8729
12287
9174
28942
9919
33566
7162
30478
12921
12191
16278
8711
41643
9947
20787
15384
9339
7481
9025
9029
7335
16710
9244
12228
11980
7047
6903
9259
9534
9679
9148
9082
14400
19795
15586
30478
39310
16278
8146
14441
7965
43922
10437
10546
9076
9511
36857
13930
30241
9659
10764
739
7986
33845
19272
9277
10599
9677
9016
9028
7799
7692
9080
10395
7489
26856
9328
33591
18818
36309
13981
9788
10960
8
9426
14450
46715
12199
7187
18032
9522
17852
14604
9046
14736
17996
28893
6947
27219
18146
9023
9194
8196
399
8765
39564
9767
14450
8658
4
100
9293
10259
10584
40669
8137
9430
9194
8656
10376
25226
10358
9195
18226
13889
27518
382
9325
11202
24693
8146
9177
10063
8656
26415
9457
23661
10539
11349
35699
11815
9038
9767
19957
10075
25309
11357
20030
10658
6826
34318
7799
12057
6903
12501
8194
8336
9030
10210
9515
16275
45147
9985
16868
9129
13839
18462
10405
6824
18614
7249
20192
10743
12717
10200
25923
9356
6958
9422
9888
9090
20587
24713
7249
7991
9036
19303
13525
7335
9258
22301
40669
9023
9194
12407
25187
42067
10516
9095
39483
12186
16032
13338
387
40524
11111
9804
12003
12187
45096
8368
8186
12501
8194
10350
3
100
16152
10082
12079
8022
14063
9279
19116
31159
48214
9359
11213
8159
10488
7250
19303
13525
8704
8652
9456
16276
26078
8286
13363
22301
37406
8765
9180
10040
12743
14326
12079
9464
10161
32944
14488
9426
14450
14012
11290
37790
10672
13755
7767
11124
387
16743
9628
12079
9631
19156
20005
9276
12120
9194
12407
13425
9170
8676
382
9030
17984
6841
9064
11001
10001
7249
9544
20503
6842
9140
17073
6903
16021
48752
39802
14215
9016
8
11528
12190
25031
7198
26548
10996
9296
7967
9556
10695
19926
20362
6919
9112
8361
11176
10256
9034
8529
8149
11003
10100
22229
8711
21164
3
100
10464
18101
25156
9023
13509
9448
9194
12407
18101
36491
15473
38377
9124
9934
30664
33628
8238
9257
8146
9177
10063
8656
7626
9038
24416
9351
10464
9261
31266
20244
37756
9415
6830
9276
20949
11794
9267
22805
10805
19377
19583
9054
11288
9036
19303
13525
8704
8652
9456
16276
26078
8286
7470
15918
11196
388
461
29854
9767
34243
29866
11716
9180
22301
17852
14604
8143
13382
10040
10661
9017
13203
32734
11765
14562
9119
417
421
415
17943
45240
10063
11923
7162
10769
18390
22220
18101
21898
10626
39877
9767
20496
9354
10004
8066
9457
9578
16210
11747
8210
10030
9677
5
100
13914
22429
9769
14288
13641
7235
9183
9676
25689
739
7318
6976
8137
9728
9122
34693
19561
7788
9018
6866
9108
9306
21300
9414
14782
6947
7399
7220
9265
26620
42430
10165
9679
9261
9782
31187
9368
9651
10010
25830
9042
27747
37634
9863
9129
14668
13675
8159
468
9105
468
9324
13643
7177
6903
11120
14742
11611
18396
25830
25906
8702
7801
13675
8185
22633
46651
9182
389
9050
9873
7098
7098
7098
10078
8046
10617
9022
23775
9043
10936
9034
42351
45887
9036
9515
23965
9668
12858
6824
14337
23369
8139
11403
9022
9068
29205
9065
14701
19035
19826
8006
7512
9394
12460
5
100
12396
8066
9304
9033
32104
8146
18767
49067
12002
7965
7487
45887
9018
18554
13572
8704
38052
10021
10165
12760
9021
739
6871
8718
8006
26764
19561
7788
9306
15997
9402
9267
13935
8711
9305
7426
9651
14782
6947
7399
7220
9265
8806
9293
9497
8135
32104
21989
12583
31204
10078
10072
22600
21666
7235
9688
9108
9036
9515
11056
37007
34080
9019
7208
9329
10078
8030
9446
25689
46651
10917
46435
9124
11252
45893
9428
9080
9476
22954
8194
7237
9104
9341
14405
8234
406
36500
8084
6866
23971
12371
41775
9122
27511
8084
376
10604
8046
10617
9022
6857
10056
15546
12011
8702
3
100
40684
29930
10107
8066
9279
10453
37005
9207
30782
9029
7335
9279
11183
9140
9055
6905
37434
17005
9172
9635
15866
9074
7777
16150
29930
681
36055
26950
18427
10777
7982
7426
29605
9422
10210
14739
11101
13214
44496
9418
9447
22301
37406
8765
9180
13755
7767
11124
14823
9030
17984
6841
7756
31308
14475
13659
9047
17192
26643
26928
26421
387
10869
9741
20717
9041
8143
13941
10462
11381
387
9127
21328
9109
10986
10498
11598
12120
9526
25523
9878
28738
28007
8066
11570
11181
11401
29265
23895
9814
9882
38204
9136
23736
8146
8078
9325
12199
7187
18032
9086
7824
9331
5
100
29306
8608
17707
31898
6958
9030
21434
10026
11101
13214
12583
10010
8056
26829
9741
20717
9041
9093
18228
10407
10890
19386
9922
8704
10276
16701
13933
10100
14981
44437
40628
9882
15591
37474
18194
21154
8
9426
14450
46715
12199
7187
18032
9522
17852
14604
9046
14736
17996
17852
26074
9767
31569
9346
8148
9172
14766
8272
32226
12073
8448
8608
7100
8522
23620
13363
9172
33625
9374
40242
17901
681
49253
13595
9623
7488
10990
28567
20606
20451
9307
22443
6826
9553
6918
15434
9077
13460
14422
10488
11151
9018
33940
49864
19766
9483
14435
18309
37780
30601
15259
9086
18380
11003
8711
3
100
10195
11639
9945
9140
11881
11940
8756
9276
9422
10414
8186
16254
10416
8711
44496
9080
10142
9585
10828
9552
11746
19475
30601
9640
8393
27214
9555
36351
27508
10453
8022
20997
9795
32446
23833
9047
14323
12876
47837
11310
8146
9806
9307
9447
37294
9090
12137
11278
7799
9922
9030
11299
27469
9823
9422
10414
8186
16254
30477
12903
11123
15442
8137
43566
14345
10310
9280
11955
8143
9043
10062
10056
9558
11090
13309
13104
9651
26973
16863
7335
9640
26421
387
10869
26249
38904
21367
10565
10756
12721
21638
9028
18079
11183
18187
9945
26269
9814
12039
10594
16034
36209
9034
3
100
15658
36877
9922
45759
9207
9929
9548
13456
8135
16446
11254
9654
19433
12199
7187
18032
14932
22930
17422
13835
9277
9194
12414
34246
9401
9042
8213
7540
8152
9140
9056
12644
16882
20496
10686
11011
32294
12141
19042
387
14656
9062
8146
9183
6855
8024
9049
8774
31559
44536
9700
41286
9055
43139
13659
9307
9751
9765
9180
9018
12383
9023
20681
17491
14739
35465
10001
8711
9056
10292
9304
9831
9638
11282
7252
9016
8
9426
7847
7416
22880
17079
25678
16918
43790
21056
9153
10916
16798
10489
19015
29718
20567
8765
24658
20759
11946
10372
8104
10617
16680
9293
11092
6
100
9456
7281
29448
10607
8552
12592
8137
9430
12298
9177
9535
11365
13563
36309
15997
48393
9788
10541
33757
8704
8652
9535
13623
10869
9774
10936
7769
10040
9891
9023
14697
9090
13299
9018
7454
9248
9490
9034
9457
22055
9086
16055
14907
10960
8
9426
14013
35210
14472
18032
9522
17852
10883
739
8370
8671
8052
31569
32226
7656
7449
8022
39564
40464
8742
10044
412
22068
384
16814
9331
22443
6826
9555
16508
9141
11023
14729
9154
9422
35116
11675
11497
34238
7185
438
8137
10774
8705
18194
9383
16583
28296
9016
9585
19766
8414
11181
11183
8135
10384
8335
473
48974
27455
11065
5
100
9138
7415
21699
11342
9945
9140
19466
9784
12622
11814
8022
13229
9508
7208
20616
46233
9172
8649
8630
15325
8649
8630
9681
31354
7470
9430
10190
9826
9512
37271
21614
23449
12436
394
10521
27188
9100
397
9585
6824
13752
21942
16718
8643
9950
29586
9030
12912
44777
22159
9308
14464
40834
41992
9025
10517
9882
15591
37474
18194
389
739
8532
7399
8599
10290
11439
9324
7965
34695
9086
6947
7503
9212
8739
7789
10896
7235
9304
10107
12356
23172
9366
11522
8705
9199
26973
28296
9016
8
9426
14450
46715
12199
7187
18032
9522
17852
14604
9046
14736
17996
17852
14604
11299
5
100
12203
9238
9836
21174
22828
9030
9689
38994
9604
24224
10960
8
9426
14450
46715
12199
7187
18032
9522
17852
14604
9046
14736
17996
17852
26074
9767
31569
9346
8148
9172
14766
8272
32226
12073
8448
8608
7100
8522
23620
13363
22123
7461
388
8704
12340
9226
9553
23631
9140
9036
7461
14450
20866
10387
16150
22578
7889
12178
11440
11927
10087
16863
11675
9605
14315
10116
30601
11570
9023
9640
8243
11309
10392
9457
22220
11194
13583
36274
9430
26481
11226
36828
10317
387
13088
8022
9167
24706
15205
45326
10873
7652
8068
9090
33139
10416
8711
22443
6826
9555
47797
9947
18028
9277
3
100
21308
9945
9597
9044
12193
18734
7889
9908
10769
9912
9168
20391
9511
46122
6830
19066
12972
9701
9217
23172
9043
12304
9986
13538
9580
9025
9029
11686
43213
11943
19531
10476
38551
11343
9446
27144
11492
31279
9048
26421
387
9472
8802
8153
9185
9072
7847
7851
9090
9736
50231
10377
14411
29035
10990
9163
38931
13105
14465
47637
12132
8186
10339
7426
13902
9638
40565
9788
9341
44604
11814
9685
9337
14345
10960
8
9426
14450
46715
12199
7187
18032
9522
17852
14604
9046
14736
17996
17852
26074
9767
31569
9346
8148
9172
14766
8272
32226
12073
8448
8608
7100
8522
4
100
32336
11486
38424
10416
9915
12298
14112
7799
45190
10805
26616
15910
9149
9640
17371
15837
10777
6903
18323
9308
6900
8724
11101
13214
31511
32239
9131
9034
13872
8
9426
14013
35210
14472
18032
9522
17852
10883
739
8370
8671
8052
31569
9023
9194
8196
399
8765
39564
10453
8148
10661
13047
9356
9926
23727
17007
16863
19766
8414
11181
11183
8135
10384
8335
473
48974
27455
9752
416
9913
8570
13283
9869
400
10521
9139
9815
31488
37078
392
11050
11729
9139
11196
408
12905
11622
37078
12677
394
10895
384
9030
15708
10046
387
9351
9765
9180
16858
425
410
415
4
100
10464
10043
35723
17305
9023
9194
8265
7894
12951
17096
10276
19782
8100
6903
38424
12141
20028
9362
21530
9351
12212
9065
22759
18998
9443
12487
10310
9127
8262
9551
8146
20684
10063
8092
9702
14265
7162
9782
9018
35233
31994
18607
9561
377
32555
35881
11059
10452
9063
9466
9022
6857
10307
8263
31675
30229
9094
7182
12399
9199
14444
8705
11841
12621
15336
14763
9341
9019
19303
13525
7335
9258
9490
15709
23051
11608
11436
27604
9207
20038
6900
9715
9308
17781
20038
7824
21526
16613
10775
13363
10414
11876
9284
16254
21480
12715
9304
29843
7623
11574
22236
43675
9369
10852
5
100
10195
13299
9422
11384
11741
12741
9747
11168
11727
16712
9945
9140
10001
11967
8146
36815
8204
13972
7489
9178
12715
9304
9188
24400
10777
11325
8022
11217
8704
22381
10387
17517
387
10970
7644
13785
11100
9966
10312
8137
11693
10619
9090
9680
9605
13254
8146
9806
9512
9558
11357
9882
15111
24609
9675
9696
11938
10416
8711
9039
40097
14830
24309
27468
12903
10293
9685
9337
14345
10960
8
9426
14013
35210
14472
18032
9522
17852
10883
739
8370
8671
8052
31569
9023
9194
8196
399
8765
39564
10453
8148
10661
13047
9356
9926
23727
17007
16863
19766
8414
11181
11183
8135
10384
