4
100
17339
21071
9347
9154
10993
14110
11630
8711
7258
7532
9677
6872
10010
30899
8135
10141
8146
10813
13998
9317
9960
9148
25521
12268
8263
6872
6889
10078
7965
8425
19940
13277
9563
9344
10897
12094
9373
9758
48101
9518
11968
9312
9314
10323
26616
10010
7067
10281
13277
9563
10373
10897
13899
11233
7235
9030
9105
12114
11451
13001
8137
14405
9149
9231
6949
8704
34018
9604
8263
33770
9043
33323
9773
13578
22627
6969
26764
20550
22866
25167
8702
7810
7991
739
7658
9361
7071
8149
17339
9052
13573
17941
9183
12419
10982
7162
14585
17955
9075
39814
9517
16260
17686
28583
5
100
9450
11088
9480
20244
8098
7235
9304
20166
9025
9029
8146
7623
10647
7162
9194
8347
26347
20244
8098
12951
16727
10293
11169
9450
11088
9368
9430
19534
7884
10100
12003
9038
13368
34427
15072
12368
9025
9080
9882
15591
20659
9766
26421
387
22301
10647
9180
13216
18545
9769
9133
21681
9244
12954
39122
16637
12224
6903
20002
9261
25891
7847
9418
39735
10741
30845
13230
10026
10852
10488
7249
9341
9366
14208
28881
16066
8705
9243
45487
14453
8765
20503
8135
28738
9594
20616
27146
12846
46483
9982
15970
50093
401
29139
450
17807
456
21573
389
451
10567
443
12145
389
42208
5
100
25768
9304
9277
17969
33101
15148
9430
10464
9917
11857
10912
32406
9029
8146
7623
37921
12199
8711
10449
9148
12488
9172
19062
15866
16718
8643
8148
12446
16715
10488
14465
8441
8643
10261
10464
6826
46913
31403
9207
25768
9304
9033
17969
33101
10135
9021
10293
7250
9248
9456
26829
9741
20717
10559
7426
10407
22821
9091
8243
14449
11613
9062
26421
387
22301
23191
13153
8704
9036
8756
15927
8135
9640
8467
20717
9041
8143
13941
48123
9422
10890
17920
7258
9368
12313
9154
9207
9586
7372
10920
44376
9019
15910
7530
22137
7397
8704
11101
9430
21207
28458
10726
9427
15354
9069
4
100
12396
11486
10584
20503
8137
9207
9563
19367
13386
9605
32984
9026
48973
13363
9172
10470
11050
12767
10584
8196
681
19993
26815
18968
9438
11124
11927
16863
8146
7623
43778
9180
11439
9324
8746
12031
9524
7652
17700
9880
11803
10944
9188
7655
11245
9112
24389
8033
7767
9276
18641
6963
8746
10583
12199
8711
37270
8704
9172
16941
8008
7503
393
23620
44952
14051
35798
10600
9117
9029
7597
7652
18698
9640
680
7965
7596
8519
12446
10730
8168
11750
41281
14585
10021
9563
684
9131
7530
22137
6899
9023
26095
20503
9038
13358
26973
13525
7062
39505
46793
42775
9524
7652
5
100
9046
7492
19163
12079
10148
11205
9399
9093
7111
8146
9909
6947
7399
7220
7235
12079
13045
13797
46493
30470
9362
27144
11260
25854
10148
11310
8022
14063
12201
9745
9684
27134
6903
27790
12921
12191
10507
9685
9178
8092
7791
23715
15918
21630
11814
9038
9022
11536
11132
9863
13997
9339
22968
14110
17885
11867
9199
15177
40137
11941
6958
9034
9278
10635
13023
9337
14370
9194
11983
6886
7601
23358
24850
17831
9023
9650
13091
14442
9031
9044
15584
10152
6886
15082
9430
13548
9652
12368
9025
9080
9257
47898
22375
9676
22386
8263
10854
9134
27515
12399
10599
14441
7335
8704
21630
4
100
17707
31898
9480
11000
7235
9580
9025
9029
8146
7623
37921
12199
8711
10449
9148
10033
9168
28814
9172
10470
11050
12767
32650
8704
7653
32944
8765
681
14408
7669
7877
10001
6903
18395
9047
10293
14465
8056
26829
9741
20717
10559
7426
10407
22821
10647
7470
20391
9512
10686
9062
14453
11149
9586
7372
10920
7489
20503
8705
9025
9080
9199
9554
9114
15703
8148
9733
10408
32800
8054
18333
9064
9860
20038
40844
47833
9140
9824
47833
13230
6905
20038
40844
16904
20893
6905
9030
9390
14238
11443
9389
7249
9418
12423
6842
9177
9939
27175
9430
28552
24785
20166
9788
9688
5
100
9242
9379
11693
21308
18614
9140
41824
19095
9207
9172
8814
7485
8441
8688
13439
10001
9119
8146
7623
23766
7485
8441
14386
14472
10151
9168
40352
9319
25483
26098
9292
49036
42411
9592
32800
8340
6824
10872
16718
37784
20316
9133
21308
9098
10115
9422
13417
7407
8428
6903
9304
9327
10705
11278
11489
22159
31049
13489
25345
9025
9080
9882
15591
10925
8705
46548
26421
387
11181
10626
9939
13230
8711
9580
9025
9080
11328
9600
34197
50756
18614
7627
34197
20550
8704
9736
15381
20038
11983
6886
7601
9030
30972
10349
30293
12900
47414
11630
7249
9029
7335
22418
10107
8159
19657
4
100
39982
9421
9480
30653
7235
9029
8146
7623
37921
9172
10470
11050
31651
46740
17901
681
14408
7198
9866
30356
7252
16062
10290
11439
9324
6855
15322
45142
10293
11169
14604
8137
9430
12166
11309
19601
9181
7480
21686
8148
49424
7965
47008
12120
9086
6947
7503
9524
7536
10334
20134
8094
7788
9212
8739
7789
9225
9304
9119
7335
8704
11570
8168
9094
31731
42548
8215
9180
40242
17901
8143
11799
9069
7769
9446
9882
13230
49119
32800
20496
25324
14604
12068
9109
12449
8599
8148
9172
8694
6874
24245
12446
37507
8539
9301
6944
8006
9140
11003
10676
10824
9307
40478
9942
5
100
13914
11252
45893
739
8613
8137
9666
7281
7483
9361
8146
7623
9052
9863
9199
20289
13886
6872
10010
7514
8185
10635
387
10070
8135
739
7432
7220
32947
8191
9269
15462
9080
9194
7478
7700
6905
382
10542
23524
27691
9148
16124
35263
9168
9432
17627
12976
8022
10219
9390
9253
13307
10851
9215
9711
10590
36099
22016
12741
13669
14584
8143
50059
9077
10676
20288
8705
9025
10038
10078
7335
9306
22461
12311
19264
9023
9130
8418
12109
13600
39197
7235
9580
9025
10590
6947
7399
9155
9018
13145
9278
14346
15116
7162
9362
10021
9664
7700
10161
13669
11848
10078
14485
9194
5
100
10195
9912
9930
8610
18205
387
9912
9133
46122
12537
9030
9882
12650
43213
12498
9676
9029
8146
9582
9366
10574
43213
17053
10363
9033
13404
19275
9404
6947
41481
10021
9172
7546
7501
13439
31898
7162
9257
26421
13579
9430
9736
20719
28367
9695
9025
9080
14710
10475
11686
19700
10805
12704
9346
17049
9244
7395
9328
31675
12204
26291
18328
6958
24172
7335
8704
38551
11343
18267
23879
39344
25235
9376
33820
10362
20391
9685
9178
8092
7791
39306
9684
7884
10100
12850
9199
15177
10354
9090
19295
14222
11356
10061
9885
9472
7671
10572
12486
8711
19865
21175
10320
14830
11188
10206
3
100
37979
21290
17676
9140
9022
16711
11446
9307
9558
9430
15223
9224
47048
28070
8022
12972
11805
8159
10488
14465
8146
7623
37921
12199
8711
10449
9148
10033
9168
28814
9172
30320
8143
12582
6903
10982
7470
10345
7372
376
681
16718
8643
9578
16715
10293
7250
9101
10141
32320
11359
6918
7777
9246
29763
10378
18992
26421
387
22301
11570
9052
11528
9635
9044
35444
10364
10852
36349
39802
26744
24237
8265
6919
9206
7395
15671
7162
25970
9939
9855
12134
10676
10647
40049
9033
9172
7024
7019
7162
10192
15381
29930
13439
39805
21672
9458
35525
14306
7335
22418
9018
9673
3
100
9689
10239
34949
377
7470
9430
10063
18795
8022
9167
10014
8143
41142
9849
12970
8159
9036
19303
13525
8146
7623
37921
12199
8711
10449
9148
10033
9168
28814
9194
10470
10802
10239
9605
33838
12479
16715
10488
14465
8056
26829
10141
32320
11359
6918
7777
387
9544
8148
9030
9390
12283
396
9869
8030
10378
11181
13872
8
9563
11768
14472
18032
26098
9501
7888
16125
28263
35263
34716
18902
9172
15118
45349
9647
8170
7777
10109
7297
9935
10822
8137
9422
10414
8563
7428
8765
13439
10686
12356
16087
16863
10539
8170
28675
23719
9882
44886
8066
9141
11023
13564
9038
5
100
9961
10840
8066
9022
9533
12562
9167
14240
25571
10826
8146
7623
11204
9180
9194
14066
7119
33571
22634
382
9030
35907
7889
10071
9261
10840
9119
7335
8704
24912
8143
15523
33893
22533
6903
38637
9799
24954
9696
8236
13580
45346
46548
19011
8135
14472
18032
21734
9247
7888
32030
9148
9563
22147
8187
7194
11197
7788
8599
8750
9023
24733
10640
739
5
10595
393
25293
11729
388
10802
9100
389
8
12199
7187
16583
26098
9501
14001
10914
26446
34345
6919
9893
8525
7244
9036
22976
9163
10627
22004
44037
9324
7540
12655
16024
9667
9640
8084
8259
41218
11018
9355
19894
6
100
12224
10730
8137
11693
31656
15381
9030
9882
13230
30596
10293
9119
7335
8704
11570
8168
9094
42548
8215
8137
33628
42548
8215
8022
25098
20621
14744
7532
9220
8364
8137
9430
9390
10368
49009
10584
8046
7501
9742
9264
8194
8705
46548
8146
8078
9325
20531
10950
9044
16576
21734
9045
49036
9130
38916
9194
8196
399
8765
11528
14363
14558
10424
212
10592
412
384
15800
24733
24237
14363
14558
10260
739
212
10592
412
6824
21073
9038
11528
13729
25890
8187
11990
10210
13412
9738
9456
16276
9253
9839
9622
9568
8056
8711
9052
12199
7187
18032
9148
18423
9168
14147
6826
25031
5
100
9279
9308
9529
9631
44039
8137
12818
7530
16930
12090
9676
13358
26973
13525
8704
8652
9018
18554
14631
7252
14671
20050
8159
9326
10935
12199
7187
18032
9148
18423
9168
9085
7597
16852
6826
9563
20056
29740
17671
10412
8148
9172
47583
9293
23620
9153
7848
10951
12789
7607
8383
10533
387
9229
6853
7119
10633
14695
7824
7107
9278
9030
22112
29955
9134
24168
14821
13652
20129
9038
9029
7335
12382
8092
9675
9304
9033
28738
6954
7889
9529
10333
36777
8418
13455
26097
6953
11282
9284
11101
46362
10960
8
9426
7847
7416
22880
17079
25678
16918
43790
7655
10101
14472
13467
5
100
29060
6903
10195
39310
9642
7235
9826
8711
29060
8022
16210
9366
10967
9717
14133
23853
9029
8146
7623
40648
8135
12199
7187
16583
9148
9036
9271
6826
28814
9172
10470
11050
10592
390
429
30935
30765
7281
9741
9397
681
16718
8643
8148
9023
20659
10463
10395
9048
8626
7812
29132
21666
9172
7691
7384
7991
8505
16053
9696
8014
8704
22301
40648
9052
17939
7991
14669
9613
10607
8552
8148
9230
8109
13291
9150
8517
6903
11523
8599
9030
9390
9303
10080
34080
9663
14465
26421
387
17939
7991
18180
9456
11294
23264
7471
30935
8137
41953
8711
9882
15997
44188
9062
680
5
100
10428
12191
31406
10464
16757
9185
10464
9063
9136
7470
10148
9033
10229
10475
11686
10165
12079
8135
43203
9511
11203
13991
9580
9025
9029
25854
9044
47057
8420
11335
38124
10407
17756
9788
9080
12329
8022
49804
14110
11630
9685
9178
26421
387
10869
9359
11350
7756
14765
17933
9341
11200
6824
27352
15135
27011
9182
12294
11357
23879
21064
20099
40452
14730
8092
7791
12079
9034
11488
16968
9038
25018
9028
7607
9148
42226
6874
7991
9178
25854
8091
9028
15772
9526
7541
24384
7055
9027
6831
9030
21348
10676
9432
44579
7788
12128
9307
9447
21630
32787
9068
16968
8705
10212
11488
6
100
22159
9376
12543
9422
13676
7627
9030
9882
11532
24767
7335
8704
9172
7208
7691
8125
681
46483
9982
43804
389
34626
440
450
459
9792
389
22174
43832
9662
14827
34791
9039
28738
11437
8660
8137
9264
8194
9119
8484
8660
8135
14472
13805
9168
13572
8705
9025
9029
8146
7623
37921
9267
8117
9739
23479
25621
9207
11342
11565
13607
9021
11279
41889
7877
22646
6945
10395
8148
9172
13117
40693
11337
422
10689
440
26986
49870
28289
17764
9033
44493
24950
15662
11570
9017
13117
40693
9860
9110
35943
12972
10764
9819
7799
16485
10034
40963
30044
44752
37942
10108
14458
9492
14407
4
100
41144
38892
17058
10135
7235
10061
9035
8263
7058
8711
9052
9036
33964
11025
9085
10785
9465
9858
31062
9042
8263
10127
8146
9355
9258
9640
8164
8137
9443
9068
9278
9650
9362
10138
7285
6958
9034
9745
14226
46503
27290
32239
9131
7530
22137
7399
10391
10022
9351
16233
32409
21308
7470
17761
10090
9280
13229
9498
26973
13525
7335
8704
9018
16372
41114
30593
10124
7532
17932
14674
19716
9290
18315
15910
9149
9640
26421
17339
7889
9391
9337
10212
17896
16285
9564
17764
9033
9199
9677
26973
16773
9505
7965
8425
33102
9122
9789
13404
10021
9172
7546
8022
10586
13088
4
100
19534
18995
10259
20757
9185
20757
9276
9430
40477
16203
15016
9038
28453
9834
19543
9199
15177
8146
7397
8704
11536
9919
9134
13229
9934
9882
15591
9659
12312
7991
9178
9989
9207
10635
387
9194
8563
7428
11328
12141
20866
8711
19930
9362
9655
9650
17338
382
8563
7428
11328
15232
9319
12195
26655
33628
10764
10586
9597
11864
10206
7335
22418
43363
11693
9077
13460
14422
10601
9033
10599
9861
13826
23879
20757
27381
37005
9422
20587
14730
8092
7791
9194
8563
7428
23610
12479
13576
11118
24180
12903
12717
6958
11357
20030
9366
10574
30748
9025
9080
47414
24446
10743
9558
4
100
12846
9127
10640
30653
7235
9029
7335
8704
9172
15118
7888
11194
24074
7824
12480
9563
14450
46483
9982
15970
50093
401
29139
43804
389
20549
453
12337
460
9969
10455
449
41141
43832
9662
34791
8705
9025
10960
8
12199
7187
18032
9148
14039
9018
26930
9279
9094
36777
8418
27259
16782
9717
9553
20893
14422
23095
9207
10488
14465
8146
7623
35942
9194
16941
9675
9304
9033
10624
13251
12187
9194
8013
27925
9050
7703
8143
19383
8347
382
9030
12803
16727
32800
23610
8135
14175
9224
9847
7127
10828
22353
9882
16316
7244
10564
13230
9512
29080
15148
36661
46548
26421
4
100
9293
10259
42568
16195
9140
12224
10730
8137
9337
9025
9080
11153
9048
26421
387
22301
10647
7162
12199
8711
10449
9148
10033
9168
28814
9172
10470
11050
12767
10417
10238
12446
16715
10293
7250
9101
9390
9130
11687
10219
9246
9085
9869
8030
11243
20503
33769
14017
10193
14453
10808
9592
10647
9607
35853
20503
6842
9177
28643
7397
11653
9939
26184
25098
16195
8705
9025
9416
7335
22418
39848
8168
9094
15879
42548
8215
9180
9882
34096
11772
11667
7656
9788
13732
28487
13572
8704
10395
9261
10021
15695
9788
9341
9366
12423
41480
13902
10912
24292
8146
7623
39848
9052
10040
5
100
20237
9036
10623
10043
31938
7426
10490
20166
9025
9080
11153
9048
26421
387
9194
8467
20717
10559
382
16625
9331
40247
7532
9077
10787
13941
10122
22821
32104
8146
9947
20866
7253
9243
10094
10828
9161
24584
8191
9641
11694
9882
9586
13603
15703
8148
9215
9607
20659
9639
10998
11401
9082
16535
18037
6889
9029
7432
7220
32947
13793
14472
13805
9168
10141
21456
39119
9023
9194
8467
20717
9041
382
9464
18708
12743
42835
36287
10824
9119
14435
11704
8135
20038
7778
7101
28895
7281
7610
20038
7965
7293
7182
7877
9123
6951
12155
9088
8599
9147
7489
400
9869
45796
742
5
100
18967
9451
9480
32739
11000
7235
9029
8146
7312
10924
9018
6857
7426
32739
13538
9630
33710
11488
9109
7627
9391
35466
9178
7487
41532
9223
10063
7965
376
9050
387
9265
6853
29045
16563
377
6947
7399
7220
9705
406
9022
6866
19588
12867
7991
406
16563
377
18903
9320
389
739
7569
6824
50082
383
739
5
43854
10063
7568
42315
46651
7991
29045
16563
383
739
5
43854
29843
6855
10099
8143
9077
8719
11692
9440
27419
13568
376
17368
8134
10765
17368
8134
34510
8133
735
735
735
402
375
8702
8702
30008
9078
30008
9078
8709
47711
8
9595
9412
6
100
13919
13883
8518
8143
20244
8098
7235
9304
20166
9025
9029
8146
7623
37921
14472
13805
9168
10141
9628
24584
8191
9215
10807
10293
11169
11570
10808
9592
13883
8518
8137
13572
8704
12298
12333
9220
8364
8137
9430
9390
10368
49009
12921
7622
7877
14527
7119
9032
8688
8608
8469
387
20237
12861
6932
9276
9264
9715
9016
8
9426
24622
10081
6953
9379
9081
17267
16839
9070
6879
8718
10010
25148
11746
22519
19475
10070
26098
9040
7424
23216
20759
9018
7187
10081
45717
8148
9141
11177
8148
10366
10355
380
21951
9922
13309
9842
11927
28296
10010
11434
7916
9036
8135
8143
31667
4
100
9939
9855
18007
8676
9261
10647
8711
20503
6842
9717
9580
21695
20607
9029
7335
8704
9172
10470
11050
12767
18007
10238
681
9180
9824
16904
387
9036
8263
16904
387
19731
10163
11494
17370
9030
9882
15111
24902
20659
9466
9418
9447
22301
37406
8765
9052
10040
12743
14326
43198
8626
7812
7840
8148
22123
7653
29060
8643
8006
15316
10686
9156
8146
7623
37921
14472
10151
14147
9148
16852
9168
13042
6826
9563
9741
8023
17698
49673
44166
10521
8765
9767
15528
32944
10921
417
421
412
411
430
31699
11181
8711
16743
9117
11084
8066
13572
8159
9917
25366
8143
26655
5
100
9689
18101
7627
12035
9154
10472
8146
7312
9148
18101
33805
9745
9242
9379
15381
9207
10805
9938
12378
9022
9802
12460
9457
13222
48442
7380
8022
10469
22346
9029
6947
7399
7220
9018
48442
21237
9046
7607
9711
10021
14446
8688
8148
9324
7791
8042
9048
27914
10063
34243
9559
15465
11357
23879
16285
10548
9280
9341
11132
13972
9036
12733
7530
29843
50183
18561
16357
18101
9631
11229
20702
9761
6963
9123
18698
9194
7818
15482
9367
12951
24138
10063
8084
9620
9927
25354
11384
6824
10341
9025
9080
9362
13088
8022
9167
9356
13106
30525
20587
11188
9237
377
9131
9149
35881
3
100
9279
11204
20503
8137
9207
31342
35853
9522
17073
9177
9517
9426
9021
9754
17165
10566
16863
19766
8148
12383
14450
6842
8135
12199
8711
9239
10808
9518
36791
9510
41910
9243
14759
8146
7623
9127
8704
29550
12079
38261
11025
9081
18692
10005
7198
18622
9805
10492
9584
9563
18398
6903
48115
8143
9843
11194
9439
12423
9038
9029
7335
22418
9018
18554
22564
9586
9036
7461
12438
8066
9304
26184
12224
7235
9815
37655
7470
9430
14628
9062
26421
387
22301
9127
25148
39564
22443
6826
9553
6918
10946
16715
10293
7250
9101
13122
9194
7644
9023
9586
37800
12479
10730
5
100
9632
9238
10259
14005
8518
8137
22717
9362
10769
10280
14005
8518
8143
28881
9103
7049
8705
9025
9080
9882
13230
11328
7235
11630
9104
9029
7335
8704
9172
23941
8518
28293
681
9180
14005
8446
9136
9939
9855
47969
739
8715
7621
6853
8066
9407
8513
387
9301
9775
34398
9276
24177
9788
9418
10161
14446
8688
9224
10286
22411
7470
9430
9947
11355
18479
17003
9025
10960
8
12199
7187
18032
9563
20056
9077
14398
12545
7877
8610
10184
31569
9023
13363
9194
10470
11050
12767
10967
10453
8148
10661
382
389
9018
50905
9324
8806
8194
10967
19062
7669
9110
12623
9899
4
100
16947
9664
8662
29930
9017
8146
7623
21835
11943
12199
8711
10449
9148
9246
19328
6826
10293
7250
9248
9390
9130
8007
396
9869
7489
8104
10439
8143
9664
8662
11704
9742
13572
9062
7478
8662
11704
11423
10141
9628
24584
8191
9140
13226
25306
9023
10824
7253
46548
8704
8652
9018
18554
44188
7252
9172
7478
7596
11702
681
38052
11336
9664
40783
10395
9518
14253
6903
9920
9438
12003
9038
9819
9377
10416
13872
8
9426
22771
16322
35576
418
414
9667
9563
27785
6919
31960
7244
19514
26160
9194
8135
8656
7155
23027
393
15753
382
9094
16159
16322
8091
8263
7
100
10607
8066
9304
9033
20651
9063
9136
7470
10148
9048
8704
8652
9456
16276
9191
8765
8286
7470
15918
9172
10470
12405
9563
12671
9942
42848
14026
14472
10151
14147
9148
16852
9168
15852
7483
20322
9026
48973
10686
9156
15118
7859
8135
12199
8711
9325
11159
6903
9304
9033
9882
15591
20659
8030
34103
9458
35525
9630
18174
8
9426
14450
46715
9094
7109
10502
392
8149
9148
10042
15664
8149
9168
9522
17852
383
1409
997
384
9030
13497
9085
7799
11009
11194
9439
11684
9036
12079
7756
10228
7801
12191
9874
12356
18423
16863
8146
7623
9125
8618
8719
9908
11226
15036
8189
9081
3
100
9689
14320
17345
12141
16727
9036
20005
9839
10686
9062
8146
7623
37921
12199
7187
18032
9148
9018
7187
10087
9168
14147
6826
10293
7250
9248
9390
9130
11687
10219
9246
9085
9869
8030
10378
13659
8711
9096
21713
14678
26421
387
22301
11570
9052
9194
29179
8143
14265
12123
30196
11546
44646
9882
14320
13230
9140
9494
15591
20659
9639
11181
11401
9458
35525
14306
7335
22418
15259
10808
9592
28814
10251
38204
7235
21043
11042
26744
10661
10950
9044
20774
10141
24495
23869
36930
11196
418
422
413
407
9590
8006
9030
35533
20738
8719
10398
9304
9188
11009
9613
16453
4
100
10195
9437
8143
12003
8135
10769
10195
11325
21432
8022
9167
20067
7235
18614
7253
9243
10094
26421
387
10869
11746
6932
9966
43124
12329
9331
15781
8146
10416
7252
11841
9558
9430
12298
9136
35768
9038
10664
8705
9025
9080
30763
10695
7250
9173
9800
9017
8704
8652
9815
417
12513
8471
6903
11196
426
7162
22301
10387
8742
11557
13731
34197
13986
7756
7644
21657
8745
10997
10312
9140
10210
14832
8137
11693
19268
16061
17033
34197
17371
14112
7799
16546
9140
9444
8159
10146
9276
9422
9882
14461
25037
19031
8711
32256
10148
11692
8
9426
24622
10081
6953
9379
9081
5
100
9293
10259
40367
9088
7812
387
40367
15328
9030
9882
11328
9021
9389
14465
26421
22301
35942
9194
43961
6918
7892
12479
16715
10293
7250
9248
11181
10872
40367
9099
10947
9430
9745
14226
10854
9945
8711
12399
15148
16627
8146
7623
37921
12199
7187
18032
9148
15179
9168
28814
9194
10470
11050
12767
11342
10105
32944
8765
20953
13755
20550
11565
13607
10236
11183
8148
42608
7965
7540
7407
35206
6903
9426
7991
8484
12338
6824
9304
21073
9062
8340
6824
10872
37406
11687
23598
9133
9050
7540
7407
35206
8143
14564
10083
21666
20301
13115
8643
382
15997
13230
9512
22159
9684
7884
5
100
9138
7415
13409
10043
46027
9185
46027
9030
20456
12090
22425
9038
36775
12834
11488
9109
10986
7470
15128
9685
9178
7335
8704
9741
20717
10559
12516
9182
12294
9207
9526
13896
10163
9032
8425
8046
8189
25621
9276
9684
8756
9307
9082
8035
8368
26240
9109
10986
10498
11598
18736
13023
18520
8
9563
11768
12199
7187
18032
9148
9018
7187
10087
9168
15852
7071
47341
38126
11533
21760
7252
9194
33625
9374
7235
20989
6958
12638
8170
10625
13461
9935
15252
9167
16380
7892
9391
20534
9802
9390
9143
6899
9023
9925
9612
9080
9243
19862
9217
16989
16863
15118
7888
9804
9599
3
100
10464
22973
15381
13230
387
10464
27013
10730
9030
9882
15591
10293
9119
7335
8704
11570
10950
9044
40352
9319
25483
9052
9172
19062
12224
11197
8548
9581
13439
10686
8711
27820
9304
25098
12720
8137
9025
9080
14422
24767
8146
8078
9325
10464
7756
14056
20621
10090
42548
8215
6903
40478
8643
8148
8614
9276
9430
31656
8143
25098
9112
6962
9025
9029
8340
6824
10309
8135
14472
15815
9168
9018
7521
13015
449
456
442
5
446
9574
23495
11060
389
34192
9560
12442
9508
8159
14261
27146
739
7432
7220
8751
42302
46483
9982
43804
389
450
13650
12895
14960
4
100
9215
12372
44163
10135
7235
10488
9156
8146
7623
37921
14472
18032
26098
9501
7888
32030
9148
21734
9143
38916
10293
11169
11181
11540
28738
9017
8340
6824
10309
8135
9018
7521
13015
449
456
442
5
446
9574
23495
11060
389
34192
9560
12442
9508
8159
14261
27146
739
7432
7220
31569
15118
37078
393
32899
13093
388
9100
12575
9500
37271
9511
34851
8
12199
7187
16583
9563
19367
13386
9605
32984
9026
48973
13363
9172
10470
11050
12767
10317
7767
681
19993
26815
9524
6884
7478
9302
12405
14779
16774
384
9192
29425
18442
9999
7597
9192
34662
9640
10559
394
4
100
19306
17339
9059
6967
8137
9277
10599
9677
6872
9017
8146
7623
9046
7492
9325
20403
9458
9829
9021
11615
8263
33770
9195
7109
13001
6903
10323
9900
11968
11259
11177
8149
9243
10094
7182
7489
44941
8148
9094
16373
9427
9220
8102
12762
15687
17339
13277
8135
9097
8702
9292
7235
9168
21215
9030
22301
10764
9655
27093
34018
50762
29124
22620
18756
10063
7071
8149
9960
9148
10382
11347
6889
18330
8143
16487
10141
9517
16260
16640
24703
50375
9182
7652
9062
7965
8425
19940
33228
9563
9571
392
10897
13463
10595
9758
42393
9518
9045
13172
9130
9638
7395
14377
14718
6
100
9046
7492
10016
7399
8420
11630
7426
50517
8704
9063
26577
39005
9029
8146
7623
9046
7492
9325
9563
20508
9023
9882
10016
7399
8420
9803
7155
7470
20659
8149
46548
26421
387
22301
9046
24663
9194
7689
7399
8420
31354
13047
25894
8711
12298
9136
9939
9855
47969
7502
10718
51009
9025
9080
14422
24767
7335
22418
14472
13805
9168
40352
9319
25483
9052
9843
14446
8688
9224
18101
10286
22411
8066
9304
9033
9194
7818
15482
9242
9379
23697
12399
382
15591
10293
9119
12715
31987
9536
7187
10087
11793
10141
9628
25573
26945
25542
8689
10252
8422
12141
9430
12032
13976
10133
8185
5
100
49166
9077
13501
15730
22828
375
8146
8196
9148
10348
9351
10464
9432
8143
30675
10345
7652
14335
8092
9620
15730
9124
9339
9025
9080
14710
41407
8719
7653
10479
39376
30903
18818
29918
13997
12517
25799
9178
47637
21737
25715
15378
9022
20545
34393
9207
10805
9328
10579
13203
16788
15730
8705
11688
9909
6947
41481
13768
45307
25793
7235
10700
9154
10206
21319
9433
15709
25558
9149
27594
9934
9311
9340
18415
6903
17451
44447
11078
13105
8711
12312
6958
11357
20030
10635
387
9351
9745
23236
9167
22583
11042
34946
9337
9257
43056
9424
30499
13247
8698
8135
10305
31994
13368
44039
3
100
37648
9712
12557
7470
11219
7991
9277
26116
11530
9065
27458
39964
25679
9207
31731
22301
37921
9172
8719
7653
7055
7144
9117
50288
13439
19393
14472
10449
9168
26113
10780
9046
12042
8149
10134
32800
20496
10808
9592
16576
21734
9045
49036
9130
38916
26945
15730
7055
7144
9117
8159
11149
9279
9094
36777
8418
27259
16782
9717
9882
17386
10824
9038
16061
14199
9034
7983
12621
14575
9134
11282
7253
46548
8146
7623
11570
9052
9324
8806
8194
10967
19062
7669
9110
12623
9899
8220
7427
18427
11380
8765
27098
9018
8399
7789
19269
9591
10110
9212
8170
8125
9426
19069
4
100
49462
9040
9702
17676
9276
21480
6963
9066
10116
10063
8263
7058
8711
10449
9148
10033
9168
28814
9194
33625
9398
7235
15219
7967
19042
11168
12141
9430
9390
9130
8007
398
9869
7489
9764
9925
10787
9264
7983
7250
12733
7530
29843
7623
9220
6884
25481
17164
9279
10453
13576
11111
14204
17033
8137
9207
13971
8718
19303
25079
11084
9324
9066
10116
10063
9635
43042
42542
16462
33710
23879
9182
12189
9468
7892
8702
12733
9149
29843
18554
46485
38504
11420
9094
19063
9269
8046
11873
11381
7253
9025
10517
9212
10402
9054
26616
19303
16773
26049
8
12199
7187
18032
9563
4
100
11019
8168
11252
9154
387
35265
9154
9030
13914
12191
46494
9882
13796
24767
7335
8704
9172
8022
8006
8448
681
13572
9039
12743
36883
8104
10439
8143
32746
8448
8137
9264
8194
9033
38204
7235
10293
9119
43103
16537
9804
9599
9640
8393
6949
27073
7514
8263
44886
6824
13941
10122
13993
47918
10234
9239
9684
36645
12053
18163
9773
17933
9019
15910
7530
22137
7623
23191
9430
12298
9136
10903
27180
42004
16858
8187
9401
13011
7584
8013
21666
15997
11667
7656
9025
9080
10586
25012
10341
32239
9383
9135
13872
8
9426
24622
10081
6953
9379
9081
17267
16839
9070
6879
5
100
23706
24101
9065
8084
8707
10809
387
15378
9022
9065
36603
16346
6889
9029
8146
8196
15709
9018
15406
12517
9080
9362
9351
9415
9048
30903
9782
9018
18814
9325
13768
13997
20975
8711
10764
15453
31753
12487
11188
10206
6947
41481
10021
9351
13548
9422
9257
13203
11132
9863
9845
33370
21274
11357
10635
17582
22375
9676
30958
35453
9178
8092
9620
25558
9149
11649
50997
9277
9439
9181
9025
10541
27290
9199
10021
19520
10413
11864
10206
21319
6958
9207
12102
12086
9745
23236
9552
16591
24454
9685
9178
43056
11993
9430
13368
11799
9069
7769
6874
7991
9337
21901
40433
10972
10061
4
100
9114
13374
11316
44868
9023
9194
7182
8139
7060
382
9148
9194
8563
25483
12141
13448
9432
10866
9156
8146
7623
9046
7492
9325
19301
393
28248
23610
8143
16125
7464
9470
11607
9716
12734
10462
9604
10193
417
14361
392
19293
24103
36564
9172
7644
9023
9586
37800
681
15824
8702
9686
8135
9667
12199
8236
9518
9191
10179
380
40172
11113
9303
12085
15409
16125
17414
20670
680
7644
8135
14026
40352
9319
8084
18651
44941
21734
9253
7888
10759
14294
10866
12495
9390
9247
8765
7671
9048
8263
7058
8711
10449
9877
27590
12488
9331
9246
11341
12957
35371
49035
8159
3
100
10152
9034
44163
10362
23697
7991
9178
6947
7399
7220
44163
11165
9022
15843
18772
9554
10152
13548
9422
9257
8146
41481
10021
9170
9438
9430
23532
28467
9038
27077
9033
10154
11520
12532
7536
7767
7627
10479
39376
382
11983
9415
12951
13444
9029
8159
10705
28467
8705
9068
13689
9745
16357
17091
7470
34872
9025
10310
16039
21319
9433
9170
10283
10854
9134
18607
37932
10028
9448
11132
22375
13023
9277
9439
31279
9124
10548
33606
43056
11993
13166
24775
9754
11213
14223
9706
8711
19930
22836
9313
9078
9016
8
12199
7187
18032
9563
19367
13386
9605
32984
9026
48973
4
100
13914
10856
31898
6958
9030
9882
13230
30596
10293
9119
7335
8704
14175
7060
9052
10464
9675
9304
9033
9194
19062
15866
9961
8765
17730
31969
19975
9673
11003
20496
382
9276
10488
387
25768
9304
29080
15148
36661
9025
10517
9337
10148
9048
26421
9456
26829
9741
20717
10559
7426
10407
10890
17920
7258
9495
10416
12721
9161
22821
9086
10547
9430
9874
6826
40247
7532
14743
37474
46548
8146
7623
37921
14472
15815
9148
9536
7187
13042
9168
31913
9592
40352
9319
25483
26098
9292
49036
21734
9143
38916
10001
9156
8159
14261
27146
9426
7126
8006
8383
14012
13919
41591
9023
3
100
11345
13036
50923
9030
9882
13230
15591
10001
9119
7335
8704
14175
7060
9052
9172
11583
9063
9136
681
23191
9430
13036
6903
10741
30845
14240
25571
10826
8146
7623
37921
14472
18032
9148
9536
7187
10087
9168
14147
6826
32800
8340
6824
10309
8135
13036
46483
9982
43804
389
451
10567
443
12145
389
42208
43832
9662
12442
9508
8159
14261
27146
10383
15974
17332
10147
5
391
393
388
15185
10521
25293
10802
392
9500
37271
9511
34851
8
9563
11768
12199
8711
10449
9148
9456
10502
9168
15852
7071
47341
38126
11533
21760
7252
16437
9046
8194
8335
28244
9193
7
100
9293
10259
739
8430
8548
8149
22547
7470
9356
9926
9463
8146
7623
22547
7162
9194
8430
8548
8149
9109
10064
382
9136
11477
22717
739
8430
8548
18651
9304
9882
10133
8185
12498
51009
9025
9080
10300
9017
26421
387
22301
22547
9180
9194
8694
8159
8727
8143
9301
8159
13047
12120
9407
8513
6903
12032
10718
15887
15950
17605
7281
8117
15012
9394
29919
9228
12191
20536
35119
7397
17203
9091
7502
8236
9030
35533
9803
7155
6824
11630
9104
9341
12298
9224
9458
35525
13769
9243
45487
8704
9396
9301
9599
12199
8711
10449
9148
10141
9628
25573
9215
9607
16390
9905
9490
9563
5
100
29306
8608
35907
7877
10107
8159
9044
9220
8364
8137
9430
9390
10368
49009
12921
7622
7877
14527
7119
9032
8688
8608
8469
8137
9264
8194
9119
7335
8704
11570
10950
9592
40352
9319
25483
10134
26945
9194
12438
7622
7877
9039
8139
8765
13438
16576
21734
9045
49036
9130
38916
10293
11169
11181
11585
8135
14472
13805
9168
15225
8146
7623
37921
12199
7187
18032
9148
28814
9194
10470
11050
12767
9613
7689
9936
11573
382
19993
26815
18442
42775
9117
9080
20237
21666
9172
8429
8643
44797
15316
10107
9512
9947
9486
7799
12008
26421
387
22301
23191
13153
9038
29586
31354
7631
6
100
15275
8688
11244
8006
9930
8610
8135
14564
9166
13106
9049
7884
387
12443
8137
10408
11244
8006
18566
10395
9048
26421
9018
38052
39713
9025
11189
35417
48240
29729
21926
16232
10090
9172
8022
7803
7877
681
27726
16255
7249
9341
10558
8382
8704
41046
16066
9119
7335
22418
9479
7803
11414
41006
739
7986
8690
8143
9249
12557
9036
9515
9209
12704
18595
15679
32878
9029
8146
13644
9050
8484
7965
9109
10986
7162
9230
8513
8456
10930
13940
19671
8148
15386
409
8066
10403
6824
12923
9243
10552
9418
9447
9050
8484
7965
9109
10986
9052
41845
46258
44173
9487
7174
6903
9538
5
100
45045
17077
9480
9018
8191
9355
17077
6958
13579
9277
10229
9366
13982
6856
7162
9280
10166
9278
9650
9362
42126
44198
9304
9346
9492
19870
9257
8368
9956
11615
12530
17077
9495
45231
12748
10206
8146
7312
9052
19306
9145
11223
9430
14222
8137
40328
9033
9199
14441
7759
8719
14096
9596
9556
33037
9340
13784
11487
9207
9082
14400
9023
19846
12916
7991
9178
7601
14400
8135
15445
6903
19896
7217
10828
10728
19265
9612
21215
23169
11864
9355
33020
6905
17951
19229
11146
15632
9124
9539
11992
9337
14345
9909
11686
34418
6857
9989
10714
12442
16896
8022
32851
39558
24172
7335
5
100
739
8545
7608
31898
6958
9030
11912
8149
7827
7242
9399
18139
9017
8146
7623
37921
12199
7187
18032
9148
9018
9271
10087
9168
13042
6826
10293
7250
9248
9390
12283
392
9869
8030
10378
18992
26421
9456
26829
9741
20717
10559
7426
10407
10890
17920
7258
9495
10416
10122
9043
26229
18160
9281
10230
23895
9207
9172
45721
15866
9063
7144
20496
13439
25976
7126
8742
8135
30601
11570
9023
11046
9326
15906
387
18006
8168
9292
13868
19216
9344
12605
13935
8711
18401
9136
9939
10760
8704
24724
8066
9118
7470
13572
9062
7335
44209
11380
8765
9235
30911
9177
21454
7194
9020
3
100
18504
39310
9807
9325
13229
10341
9243
9032
9913
19303
13525
8704
8652
9018
18554
44188
9262
9194
7478
8011
739
7920
7512
40648
15232
9664
40783
7252
10395
9021
11336
49640
10377
27400
8066
27134
387
10883
9276
14223
10693
8711
9947
15989
12512
15384
9339
10009
26421
22301
9084
12053
8135
12199
9098
20659
8148
9194
7478
8011
739
7920
7512
40648
12479
46019
16351
14253
6903
9920
9438
20280
10762
9790
9882
49574
12918
8146
12610
9199
13366
7335
22418
13003
17939
16368
26221
9150
8517
8022
9604
9456
11294
23264
7471
30935
8137
41953
8711
29000
473
7691
7384
3
100
9450
13815
15016
40410
8148
9172
7208
7691
8125
681
9733
9018
7187
32688
9172
10470
11050
12767
9613
7689
9936
11573
12178
10293
9119
8146
7623
37921
21666
7644
13755
7767
10676
11918
8711
19993
9033
11570
9017
13472
11124
27832
9074
6953
22149
11098
9304
10384
32947
8191
11704
6932
27768
10825
16858
16537
28643
7398
7888
8534
9292
10179
387
20026
8187
9401
10489
14296
7670
9143
413
7470
9264
8194
8705
46548
7335
8704
9220
8364
8137
9430
9390
10368
49009
12921
7622
7877
14527
7119
9032
8688
8608
8469
8137
24767
7194
8364
9599
14472
10151
14147
10157
5
100
9454
8450
9109
8461
32104
7545
9023
10824
9262
11704
8135
9432
22821
32104
7545
9023
13572
8705
9025
9029
8146
7623
37921
9741
20717
10559
7426
10407
11290
25854
10276
16924
17058
14553
10061
9149
9293
9733
13919
42302
8137
9430
18708
13935
9033
37506
29842
11188
10206
7432
7220
8751
42302
9804
9599
10063
8467
20717
9041
6824
12742
8756
9448
15582
41894
14553
32732
12762
387
13919
7984
42302
8143
9882
13153
10181
9430
12298
9136
10903
42083
32104
8705
9025
10517
11630
8718
19303
9135
13872
8
9426
24622
10081
6953
9379
9081
17267
16839
9070
6879
9062
8704
11554
19138
5
100
12742
15403
8143
20244
8098
7235
9304
20166
9025
9080
15403
9048
8146
7623
37921
14472
10151
9168
40352
9319
25483
21734
9045
49036
9130
38916
10293
11169
11181
11585
8135
9018
7521
13015
445
11650
13649
453
5
446
20449
43618
389
441
11308
9560
12442
9508
8340
6824
11540
28738
9639
20616
27146
12068
46483
9982
43804
389
451
10845
10689
444
10455
43832
9662
15695
9025
10960
8
9426
16537
11906
9830
10003
42983
24645
9634
12199
7187
18032
9148
15179
9168
9528
9755
7877
14766
6853
17698
20774
9172
409
411
425
19796
23620
43324
49625
10198
8148
10085
426
411
6
100
10464
10043
9049
7281
40766
10939
375
8146
8196
7991
739
7569
6824
9337
9025
9080
10137
9846
9031
9239
7220
389
9585
378
7182
11084
8599
10952
739
378
7182
11084
8539
7889
7185
18439
739
378
8264
17996
9503
11084
8539
6886
8194
8
10070
8135
9240
7894
10785
9131
7788
11264
10124
7788
9784
8017
14782
7965
8425
9148
17969
9168
14821
7513
6889
12583
9668
9705
9585
39514
8022
35382
6855
15126
8041
8006
8084
468
375
7605
7235
9183
15495
9586
6866
30939
8108
9176
29045
605
605
605
375
19561
7235
48541
6853
17003
6969
7661
23356
13454
10765
13568
4
100
16641
10133
8564
7877
12980
7445
7812
8137
9430
12298
9136
10903
42083
10133
8564
7877
13796
16888
9025
10541
39417
19303
13525
8704
8652
16858
8187
9599
12199
8711
10449
9148
9194
7293
16006
739
7986
8688
20406
12778
41202
34040
454
384
13047
44188
9062
8146
38052
16641
739
7986
15482
12300
9819
8148
48012
24980
28225
16641
9084
10746
17877
18566
10395
9048
43103
16537
9804
9599
10063
7293
16006
739
7986
14386
11336
48012
24980
25525
9518
9947
36220
9192
10770
17781
8705
9025
9080
9199
9704
377
9131
7530
29843
7623
9216
11909
13731
10068
419
408
387
9943
3
100
12122
9647
15697
8137
9430
13895
34934
15982
11420
9689
9095
10181
11630
9038
9029
8146
7623
12079
8135
12199
8711
10449
9148
10033
9168
28814
9172
10470
11050
33253
15697
7198
681
21835
11037
15513
9048
8263
7058
10093
387
9563
13729
9304
8704
22301
35942
9456
16276
9873
13079
9017
15118
11768
14472
10183
32688
9390
9130
11687
10219
9246
9085
9869
9902
11159
6903
50923
33769
21942
11802
18094
9834
16328
9119
21885
10426
9094
7109
10502
9168
17241
9592
15852
7071
9628
11194
9439
12423
9124
9508
8524
7607
6842
9177
15687
20395
36828
38619
13162
9030
9882
10349
3
100
47969
37249
15381
13230
387
9824
8335
9039
8139
9030
9882
15591
10293
9119
7335
8704
11570
8168
9094
31731
9064
17698
12010
7692
7139
15381
27175
9337
9025
9029
8146
8078
9325
739
7432
7220
7487
11943
14472
13805
9168
9172
30591
7692
7139
15381
681
23191
9430
37249
7470
13572
9033
44493
9220
8364
8137
9430
9390
10368
49009
25065
12912
7126
32883
9088
12498
9264
8194
8705
46548
12715
9304
739
7432
33787
22301
33940
20316
12298
9044
9220
8364
8137
9898
41286
9292
7536
12333
24584
8191
11704
9742
10312
20564
8
12199
7187
18032
9563
20056
9077
14398
5
100
9454
8450
9050
30917
11011
9935
8148
9172
8450
7397
8674
37231
29930
13439
9430
10040
12134
7575
8263
7812
9224
11290
12028
6903
33253
32099
49703
9029
8146
7623
26857
11865
12199
7187
18032
9148
9018
9271
16989
9168
10293
7250
9248
9390
9130
8612
8143
14952
11918
14465
22410
15953
14472
10151
19864
9172
10470
11050
12767
16368
7383
7621
31054
9942
42848
15714
10647
7253
46548
8704
8652
9456
16276
26078
8286
7470
15918
22301
26857
15836
16743
9023
9478
19926
9050
30917
9136
28952
36349
39802
14215
9017
680
7965
8599
30386
9267
47997
13703
48888
10421
11370
9752
16584
30141
5
100
16701
9280
8467
31054
10762
9030
9882
13796
20659
8149
46548
8146
7623
37921
14472
15815
9168
10293
11169
20616
11248
13919
41591
9023
15695
9025
10960
8
9426
22771
16322
35576
418
414
9667
12199
7187
18032
9148
9018
9271
16989
9168
10141
19279
31078
9390
12283
399
9869
8030
6824
10810
10474
7252
9172
13718
7888
15730
10539
9772
392
7691
7427
11599
7671
8000
681
9300
11557
21760
11927
10087
16863
50295
16349
19852
14917
12832
15954
8745
12638
8135
9432
9130
10559
29402
16328
8022
17059
396
11729
398
10378
18251
11025
11579
7464
9191
12676
7198
42371
20670
12579
36225
5
100
14258
6841
12163
20244
8098
7235
9304
20166
9025
9029
8146
7623
37921
14472
10151
9168
40352
9319
25483
26098
9292
49036
21734
9143
38916
10293
11169
11181
11540
28738
9017
8340
6824
10309
8135
9018
7521
13015
449
456
442
5
446
9574
23495
11060
389
34192
9560
12442
9508
8159
14261
27146
739
7432
7220
32947
8191
9553
12092
46483
9982
43804
389
450
13650
12895
444
457
43832
9662
15695
9025
10960
8
12199
7187
18032
9563
20056
9077
14398
12545
7877
8610
10184
31569
9023
13363
9172
10470
11050
12767
19416
13472
23620
9426
19981
28422
13412
8704
9172
33625
9374
7
100
28895
7281
8660
11293
8756
7532
15381
9030
9882
13230
8146
15225
7335
8704
9172
16941
8660
430
425
681
13572
12298
12333
10607
8626
7281
9121
23917
9264
8194
9119
43103
16537
9804
9599
9640
680
6844
7398
7888
8534
14026
16858
8187
9401
9689
37648
19608
8014
9044
12193
28643
7398
7888
24102
8143
31976
30765
12819
26745
10395
684
9131
7530
22137
7623
23191
9430
9366
10998
10626
10903
29794
9124
15997
10925
8705
9025
9019
6962
47002
26973
13525
8704
8652
16858
8187
10155
20026
16537
7235
22301
33940
11181
8711
50667
7484
37086
7470
10392
25761
28400
28952
20659
8149
9182
10393
4
100
10756
12610
9684
12313
6903
9279
10453
37005
9207
10805
26616
19303
13525
8704
8652
30601
11570
9052
9524
7799
8771
13899
38320
9324
6905
8091
9053
10369
8263
10333
9018
7056
8033
23947
22293
9030
9188
6886
12451
29763
10378
13659
13872
8
9563
11380
8263
7627
20917
30595
13759
10079
12691
8618
7756
27324
7244
384
9327
10410
13363
20438
6900
33391
23576
8135
10063
47942
10261
9794
11223
9432
21473
27077
9038
12158
13389
9436
29912
37255
9944
12880
34850
10287
12617
14709
8146
9806
8702
12733
7530
50345
46939
9062
28397
8022
12412
9772
16372
12199
8711
10449
9148
9456
4
100
9046
7607
18236
13461
9030
10997
7235
24767
8146
7623
37921
14472
15815
9168
10141
9628
24584
8191
9215
10807
32800
15326
32947
13793
9108
9018
7187
32688
9194
8711
8078
7536
8676
10238
12141
20759
11290
9843
21666
8143
11704
9261
12743
42835
36287
10824
9119
14435
17047
9600
11883
31521
9040
8168
9150
8517
6903
9741
8420
7610
387
9848
29982
9358
8627
9225
9029
7335
8704
10384
32947
10836
12199
23091
12488
9194
8711
8078
9170
8676
10238
15232
9456
16276
9253
8765
8286
7470
9622
9568
8056
26829
10040
9613
29060
7689
9936
8148
9050
7293
7182
7877
15264
8194
3
100
9824
20531
10107
8066
9279
10453
37005
9207
9456
8711
10747
9194
8196
399
8765
11528
14363
14558
10424
212
10592
412
384
13047
10686
12356
16863
8056
26829
10584
9878
9628
11328
9021
20038
24237
14363
14558
12114
9304
9033
10584
8148
29532
8469
7788
8599
20038
24237
9635
35912
9224
9357
10647
9140
9039
7098
7487
29448
13230
6905
10001
9030
9882
15591
20659
9766
26421
387
22301
739
212
10592
412
7162
12199
16846
9604
9174
33230
19864
11570
10034
25890
8187
7194
20456
7556
15133
26945
49253
13595
9623
7488
7889
9052
11439
9697
6835
8747
14503
8263
8094
5
100
12396
11486
9192
7767
17436
9023
9640
8263
7058
8711
10449
9148
9172
22507
9337
9025
9080
9548
9290
9054
14651
42941
31268
8718
26973
13525
8146
7623
37921
12199
7187
18032
9563
20056
20749
12092
9767
9569
10807
13363
20567
6826
7191
8765
9331
9246
9036
9271
9103
9048
8704
8652
9018
23170
10201
30601
9226
7191
11886
16858
8187
9401
14265
18087
7892
14287
387
13257
7756
7644
9762
13449
9030
10991
10777
18546
9552
25079
27914
9640
43103
16537
7235
33253
11579
7416
26269
9207
30782
9019
15910
7530
22137
7399
17662
9440
15927
384
16169
18206
11102
9944
12903
13375
15353
3
100
10464
12224
11252
375
8146
8196
12224
8135
739
378
27013
12438
10952
41447
13572
8705
9025
10590
378
7804
8429
739
5
441
14308
457
437
48894
10227
27627
8
10070
7235
9105
6963
10480
34801
6962
11848
12002
30899
8135
9240
7894
10785
9131
7788
11264
10124
7991
9867
17339
9148
17969
9168
23952
8718
8006
8084
36500
7965
8425
10134
47123
9038
9027
11199
20164
16693
375
8191
17302
14821
7513
6889
10394
6949
9033
6866
15122
9677
7978
7192
7172
7182
214
9051
19561
7788
9265
7162
9240
10204
9784
44837
13243
16913
9503
6947
7399
7220
14819
14705
4
100
10328
10313
22893
9478
9030
10313
14417
11101
15205
10381
8705
10148
9048
8704
8652
9018
18554
41286
13755
11270
12033
9052
9074
8626
8066
9304
42454
40359
17295
10709
7252
9016
8
9563
11768
12199
7187
18032
9148
15179
9168
15852
7071
47341
38126
11533
21760
12349
9194
33625
9398
7235
20989
6958
12638
15186
46934
11062
382
12943
13805
15405
15118
7888
9293
6832
8135
9034
7109
19584
12618
32418
380
12734
9062
8263
7058
8711
39604
9841
391
10179
18685
9518
9114
7471
40173
11951
10775
8756
7250
9176
12632
10017
11177
9048
9635
50242
18398
10810
36925
12387
30638
10934
4
100
12557
8143
11384
34105
9017
8146
7623
37921
12199
7187
18032
9148
15179
9168
28814
9194
10470
11050
12767
32650
7801
8149
382
10808
9592
9390
12283
396
9869
8030
10378
18992
20496
10107
8159
9044
9246
12492
27883
11570
9607
35853
9243
14759
26421
387
22301
33940
20316
12298
9177
21277
9518
23410
9510
9366
9060
9894
10125
10009
8263
7058
8711
12618
9456
26829
11181
9436
32269
15149
29057
8056
8711
9052
9741
20717
10559
7426
10407
22821
32104
7545
6903
9114
15703
8148
9215
9711
9432
16012
17732
10941
10998
10626
9939
13230
8705
9025
9080
25012
9947
12268
9532
10828
3
100
22821
12384
28293
8148
9172
8563
8147
25190
8518
681
25175
10293
9119
7335
8704
9319
19017
8518
8137
9430
9137
8187
23300
6889
9391
12618
8705
9025
9080
12384
28149
11725
9156
8146
7623
9125
22276
14472
10449
13467
9168
40352
9259
25483
26098
9303
49036
21734
9143
38916
32800
7847
6835
10309
8135
13919
41591
9023
9337
9025
9029
8159
14261
27146
46483
9439
11522
9900
9034
10773
391
393
388
15185
10521
18258
9869
9560
37271
9511
34851
8
12199
7187
18032
9563
20056
36243
12039
8765
17692
13363
9194
8196
399
8335
9426
10453
13502
7756
20895
7185
9569
4
100
9293
10259
20666
21422
7235
9826
8705
9243
10094
8146
7623
37921
14472
10151
9168
40352
9319
25483
26098
9292
49036
21734
9143
38916
10293
11169
11181
11540
28738
9017
8704
8652
20666
8548
9860
12350
12090
9430
14222
8137
10416
10108
10090
9912
9048
26421
387
10869
46060
13372
9080
9194
9648
15473
10552
9029
11686
14948
7487
8408
7055
12132
9030
48034
8143
23245
9341
11200
6824
14730
7335
22418
14411
27073
7514
8263
9915
10407
16701
9023
13579
9277
10574
29842
9029
10828
9161
20666
21422
10161
21666
9172
7208
7691
8125
12480
9424
10998
11401
11523
30908
11381
8711
22301
8
100
9538
7374
7182
739
8545
7608
31898
6958
9030
11912
20893
6903
9304
10082
7644
25036
11608
13230
23610
8137
10001
9119
7335
8704
11912
14450
37005
9207
9456
8711
9148
9172
45721
15866
11704
6932
12178
10485
387
10824
9038
9029
8146
7623
37921
12199
7187
18032
9563
40329
7244
13612
426
12092
9023
13363
9172
33625
9398
7235
10380
8148
44090
6918
7424
8765
23620
9281
13607
10233
9123
9715
13755
7126
8600
12272
21666
7426
41286
9117
10960
8
9426
22771
16322
35576
418
414
9667
14472
15815
10914
26446
7888
34345
6919
9453
27911
9194
8618
6918
22010
7241
21057
382
36225
37790
10100
4
100
12501
9520
17339
46027
375
8146
8196
9148
15378
9351
7470
9207
9145
12115
9347
8708
36555
13203
9432
8143
9043
9438
28367
9659
9046
32957
9585
30899
8135
15709
9304
9033
12557
10542
8092
9620
9304
9277
49801
13768
13997
21562
11078
9098
43003
9361
30903
16576
23374
9689
10578
49439
10590
6947
41481
10021
10070
8137
20617
31994
18607
10135
7285
9241
9361
43056
9022
32392
9094
12372
10413
9021
9604
29442
7071
16373
17582
12517
9080
9018
19526
9548
9199
14223
13214
9272
9673
8153
7172
7182
36500
22507
9782
9676
9080
14370
19520
13368
9862
9466
9108
9306
19520
28569
5
100
12396
11486
45045
12079
10148
9030
12079
8022
9167
13045
11205
7532
9508
25854
9044
9278
9650
9362
9745
9658
6903
15384
17722
9257
8146
7312
7162
21630
10148
8705
9068
11488
14337
9685
9337
9199
9029
14485
9194
11983
9415
6830
23358
24850
16203
9642
9328
31675
10152
36294
9552
14059
9181
9025
9909
47898
21660
28235
14023
26139
9566
17779
11146
11132
9863
9179
13570
9443
12487
9846
11178
9554
9022
10229
14938
39512
11649
25558
6889
20289
9276
12950
15337
9025
11188
10206
7335
8704
13548
35033
9800
8711
9580
9788
10038
9306
10829
16266
9430
19520
12635
39198
9788
10960
8
4
100
20237
7844
10259
19534
7892
9444
8135
11105
9156
7335
8704
19534
10947
16888
9068
11488
12846
9023
13216
11088
11992
9178
29969
19982
10956
6958
9034
9450
10268
12462
9314
13216
26347
26278
12104
11169
9450
9607
9901
9446
12813
7235
9285
9119
13143
8022
23841
10212
11488
10428
6866
18902
30172
28031
10743
15631
10022
16012
17732
18223
18520
8
12199
7187
18032
9563
19367
13386
9605
32984
9026
48973
13363
9172
10470
11050
12767
11048
13472
681
19993
26815
10317
14853
9438
42775
9324
7791
8093
38712
9084
8160
10584
9017
6963
11803
8135
9640
680
7965
43922
15931
12178
9430
4
100
9454
8450
13088
12035
7235
9029
8146
7623
9052
9172
7182
11084
8599
681
9017
680
7182
11084
8599
12480
11342
7889
10676
17764
9033
9257
20550
13607
8135
42655
13132
15768
387
9472
9030
12443
10386
12923
16285
9761
26578
8267
9185
26482
9351
16233
9929
13940
22289
7824
9048
11686
43213
11943
29317
7478
7489
42226
9446
10137
9554
9736
15587
11913
9771
31717
10998
8705
9025
9080
11683
49627
9178
8092
7791
9376
10385
12870
7991
9676
9558
9430
14820
13769
9025
13972
9178
9989
9207
7791
12557
9036
10982
7470
32106
15740
9199
15177
7335
8704
39306
33102
12466
13579
3
100
37648
12224
7851
7756
382
9030
9882
15111
12224
15213
9136
36349
25098
11693
10317
23785
20659
9766
26421
387
22301
10647
9180
9194
7777
9902
12867
12187
9194
7760
7965
11608
9832
8347
12187
20301
43922
19161
382
9284
16727
9036
9357
17633
12425
10647
9156
8146
7623
39848
9052
12199
8711
10449
9148
10033
9168
28814
26857
8187
11124
8160
10852
9304
11725
7253
46548
8704
8652
9018
18554
14628
9262
17278
14472
10151
14147
9148
16852
6826
9563
19367
13386
9605
32984
9026
48973
19864
9172
10470
11050
12767
10417
10238
15714
23193
7252
9016
8
9426
14450
46715
9094
4
100
10328
16069
8143
16302
7235
10853
8711
8210
12733
7530
10063
26421
12199
7187
9052
9522
17852
9023
13363
9194
19766
14363
14450
32944
8765
15252
11181
387
18354
12079
7756
9804
12421
11684
11194
7767
10676
39893
9030
17193
14832
11101
13214
8073
19303
13525
8146
7623
37406
11687
23598
9036
17498
9804
9599
29843
7623
37406
9839
9430
11226
9882
22570
14979
40453
9025
9341
10586
25012
39417
9248
12634
7235
18323
24706
9604
6828
10148
32520
9135
13872
8
9563
11768
14472
18032
9148
9536
9271
16989
9168
15852
7071
47341
38126
11533
9172
15118
7888
9647
8170
7777
10109
7297
5
100
13919
9114
27680
38522
8756
12980
7445
7812
8148
9172
7877
25306
8052
27680
681
9831
35646
24088
8137
9430
12298
9136
10903
42083
16888
9025
10517
9463
8146
7623
22200
7470
9430
9164
9908
29794
8052
8694
11414
16936
9036
9882
10997
9140
14832
11101
17005
10293
9119
7335
8704
14323
9052
9114
27680
9464
9925
7235
10210
10822
8711
32256
10148
9048
8000
9908
22301
10387
8742
11557
13731
34197
17371
21657
8745
42460
40056
9807
34197
7540
33342
9114
8694
9799
12300
9819
18235
8756
9276
9422
14461
17973
13254
9062
26421
387
9164
9631
9696
11938
11693
9039
40097
14830
24309
4
100
13417
18476
37231
16195
7627
375
8146
7623
9052
9018
6857
7426
9534
36500
378
10470
11050
391
398
10521
739
378
7584
7433
437
7889
7185
18439
739
5
442
47719
444
23616
389
9821
445
8
10070
8135
9240
7894
10785
9131
7788
11264
10124
7991
9867
17339
9148
17969
9168
14821
7513
44837
14841
9668
9705
9585
19561
7235
9050
14231
15495
46728
9267
19647
13570
11732
47123
8711
8210
15433
375
7965
8425
10134
9784
7210
9138
8337
9261
21922
44579
10119
30899
8135
12642
42226
6874
33146
7652
11611
14696
9705
9585
8084
8259
8022
15740
9138
8337
9177
5
100
9689
30478
12438
8149
12035
7235
15225
7335
8704
30478
12438
8149
16278
8022
9341
9278
9650
9362
9745
39310
7485
8137
9443
9277
9257
8146
7312
7162
30478
12921
12191
11082
9154
9422
9882
9597
9136
9029
8729
8006
12438
16373
31665
36197
9339
9409
7220
12972
9566
9025
9080
9199
15177
24850
14564
8519
8153
6903
34158
15997
45415
10599
9861
11686
23715
15918
10437
10546
9659
10764
9031
9322
9655
41148
9337
9025
10960
8
9426
14450
46715
12199
7187
18032
9148
9018
7187
10087
9168
9522
17852
383
1409
997
9662
13363
9194
10470
10802
9457
11194
32944
8765
15252
11181
4
100
9293
10259
10584
40669
8137
9430
13895
25713
11420
9879
14465
8146
7623
10584
9180
11439
9324
8746
12031
9524
7652
6858
8143
14406
25156
7235
9580
9025
9029
14558
9238
12651
9177
9432
9172
8615
7374
11091
12178
14794
9036
37507
8539
9017
6963
8746
10583
9640
680
8615
7374
11091
12446
28605
9498
9031
31134
9458
19088
11692
22301
46288
9797
8239
9025
9080
9548
9290
9054
9337
32239
9131
7530
22137
8196
6992
18801
26478
9689
36765
20659
8149
18194
684
9383
13525
7597
7652
23913
12199
8711
37270
8704
10584
9172
7644
9023
9586
37800
681
10730
9423
9304
34997
3
100
16152
10082
12079
8135
12857
9347
9048
25854
6842
9177
12079
10627
22004
16069
9304
29080
15148
36661
9025
9029
8146
7623
9052
12077
9626
21497
39516
9976
9037
9251
19866
20166
9025
9080
9476
9044
47166
8196
10090
19816
10532
9534
8159
25836
21107
9341
38690
41417
10038
9022
26153
8022
12660
33750
8159
8069
387
9114
25465
9394
21429
12189
31806
12934
23720
17018
9119
26421
9456
7407
16535
9161
42126
22455
12627
12671
14837
10956
9080
15008
10498
15187
9625
11086
38172
8704
7372
7759
9042
7373
9023
19101
40678
9168
15586
9367
7235
15112
28665
6947
8243
9278
10706
3
100
10464
18101
25156
8146
13214
9532
34243
21898
8135
12199
8711
10449
9148
10033
9168
40352
9319
25483
26098
9501
49036
21734
9143
38916
10293
14465
8340
6824
10872
18101
34350
10510
7454
9017
6963
8529
8747
14446
14386
10063
8084
9379
46143
10229
7532
18818
9337
9025
9080
9199
18101
377
32555
29843
7623
35217
9430
9242
9556
9167
9415
10912
9630
8017
19303
13525
8704
8652
22301
15259
9052
9390
9253
8612
383
8387
10842
7536
9204
11181
13872
8
9563
11768
14472
15815
9148
9536
7187
13467
9168
15852
7071
47341
38126
11533
9194
33625
9374
7235
11599
18219
26857
5
100
13914
22429
9769
14288
13641
10504
17673
9154
9207
44034
8335
13939
8014
10180
15174
10984
9146
26973
13525
8243
6889
17572
9544
15658
9518
21306
23704
9038
12329
9039
13641
10787
9564
9359
13627
8022
11820
9328
9944
9199
23076
8146
9355
44034
13652
13572
8705
10212
11488
13461
10115
51078
14390
8137
11877
10137
14441
26233
7824
9052
10162
11028
10161
11510
15358
9512
10251
21811
8676
12861
387
23034
18574
9284
13796
20607
9029
7335
8704
13461
13433
15662
9882
10997
7235
13902
9638
14908
41579
10691
9436
15605
20535
12122
13145
9214
11356
9025
10461
43666
9172
8345
7965
9932
12423
5
100
12396
8066
9304
9033
32104
8135
10769
9882
9553
12543
24177
9025
9080
11153
9048
26421
387
9194
8467
20717
10559
382
16625
7426
10407
22821
32104
8146
9947
20685
8265
10142
10809
12298
9136
10903
42083
16888
9025
10517
40247
7532
14743
10001
9156
7335
22418
9741
20717
9041
8143
16487
16924
17058
14553
40628
9293
9733
13919
8615
8608
7470
22717
36419
10061
9149
9114
15703
8148
9215
9607
46413
12298
10852
17933
9029
10828
9161
739
7432
7220
32947
13793
14472
13805
9168
10141
39119
9023
9194
8751
8615
8608
45261
13047
10293
9119
14435
9115
20038
8054
18333
21619
6905
20301
3
100
40684
29930
10107
8066
9304
12199
8711
10449
9148
9456
10502
9168
9246
40982
6826
28814
9172
10470
11050
12767
11913
10238
681
9733
9390
9130
8007
9764
9074
10257
18641
8146
7623
26857
11865
9426
21312
6900
11016
21073
9038
29837
10233
14996
9033
10040
12743
14326
11913
10274
39848
9017
8056
26829
9741
20717
10559
7426
10407
22821
10647
7470
10293
9328
9944
10276
40247
7532
14743
10686
14465
8263
7058
7187
18032
9563
16858
7244
32226
12073
8448
8608
7100
8522
31569
9023
13363
49253
26815
9524
7799
8530
18427
11380
8765
10201
9640
8467
20717
9041
8143
16487
9586
5
100
29306
8608
17707
31898
6958
16718
8643
9950
10293
9119
8146
7623
37921
14472
10151
9168
40352
9319
25483
26098
9292
49036
21734
9143
38916
32800
8340
6824
10872
17707
31898
6958
13230
8022
30748
9025
9029
18563
35437
9399
11898
9080
11146
18818
10107
41899
20616
27146
46483
9982
43804
389
448
22721
452
11650
457
453
12337
43832
9662
15695
9025
10960
8
12199
7187
18032
9563
19367
13386
9605
32984
9026
48973
13363
9172
10470
11050
12767
11048
13472
681
19993
26815
10317
13449
18661
18442
42775
9324
8746
10680
27013
384
30785
9640
8056
8711
11793
24914
8137
9430
9308
6900
3
100
10195
11639
9945
9140
9945
11967
8146
13254
7249
9341
10195
9136
10903
42083
11639
31208
9337
9025
9029
7335
8704
33901
18756
26092
11062
11573
8159
11918
9039
43568
9436
15605
11532
10312
17262
9025
9080
9194
28903
11325
10146
9028
13291
18333
12141
10931
8711
16390
9905
9558
9430
21545
7063
7801
10885
9167
32300
8746
8530
7235
20607
10960
8
9426
24622
10081
6953
9379
9081
17267
16839
9070
6879
8718
10010
25148
11746
22519
19475
10070
26098
9040
7424
23216
20759
9018
7187
10081
45717
8148
9141
11177
8148
10366
10355
12336
9922
13309
9842
11927
28296
10010
11434
3
100
15658
36877
9922
45759
9207
9929
9548
17218
12662
9029
8146
7623
14390
8135
12199
7187
18032
9148
9018
7187
10087
9168
13042
6826
10293
7250
9248
9390
9143
23771
16949
7756
19762
41012
14465
11768
22301
10228
25857
8137
9430
10980
10083
8159
9140
9945
10885
9167
11350
14869
9874
9307
46316
9922
12256
7847
9464
10505
22033
45977
9276
27700
9115
15695
10148
9048
7888
9804
9599
10063
7981
21894
18323
10360
473
25857
9021
26525
30093
34800
13384
9277
28341
9647
11270
50429
9422
16254
9716
8711
32256
50375
9135
13872
8
9563
11380
8263
7627
20917
30595
13759
10079
6
100
9456
7281
29448
10607
8552
12592
8137
9430
13895
16061
14199
9034
7983
34774
8146
8100
7242
9399
34409
46548
8704
8652
9018
18554
44188
9262
38052
9172
7281
7482
7877
8487
681
24102
8143
31976
9848
8187
9805
11336
10395
9518
9947
11455
12107
48089
33254
9199
13366
680
7281
7482
7877
8487
14026
9535
14623
9882
11262
9036
14346
9580
9025
9080
21619
40056
9021
33503
9209
27134
8022
22353
38522
11100
12384
44631
24767
7335
22418
26463
9939
9745
9120
10468
15337
9025
10517
33073
12073
17421
11337
427
415
9291
12003
8711
10903
42083
13981
9788
10960
8
9426
24622
9456
9359
5
100
9138
7415
21699
11342
9945
9140
10146
8022
9378
10177
383
8649
8608
8461
7627
384
9747
9021
10407
9138
7415
45731
42704
10229
21367
9038
9029
7599
7415
13409
9464
23732
10869
9774
10936
9435
50772
8711
9490
9246
37798
9076
24766
33076
9405
9418
9447
41144
8091
20123
15601
387
32883
9284
18163
16364
17933
9341
12634
7235
39344
30379
13814
7252
9016
8
9426
24622
10081
6953
9379
9081
17267
16839
9070
6879
8718
10010
8704
11554
19138
10070
26098
11746
22519
18108
20759
9018
9239
12891
17436
10399
13431
9842
9941
10157
11387
13430
45717
9060
10283
12199
7187
9331
40982
5
100
12203
9238
9836
21174
22828
9030
9882
13230
8146
15225
7335
8704
9172
7208
7691
8125
8006
7877
12480
739
7432
7220
8105
7281
47928
8143
14566
9893
10677
14794
9036
30016
9090
42548
8215
8137
10001
9119
7991
8078
9023
13214
9272
35533
30015
12498
9430
12298
9136
10903
29080
15148
36661
9025
10517
9463
26421
387
9267
8117
40817
38204
9180
16576
21734
9045
49036
9130
38916
25418
6841
8168
10135
8148
26098
9303
7888
32030
9148
9501
7888
32030
9168
9246
42411
9592
9390
9143
10080
25418
6841
9607
10293
8711
9947
12776
15902
16066
8705
46548
12715
9304
739
7432
33787
3
100
21308
9945
9597
9276
11725
9119
7335
8704
9172
20550
9038
29918
13997
9422
11342
10105
681
16727
9036
20005
7235
10293
7253
46548
8146
7623
37921
14472
10449
10087
9168
40352
9319
25483
26098
9292
49036
21734
9143
38916
32800
8340
6824
10309
8135
9018
7521
13015
449
456
442
5
446
9574
23495
11060
389
34192
9560
12442
9508
8159
14261
27146
42847
46483
9982
43804
389
451
26017
461
20449
448
459
43832
14715
9034
10773
391
15664
388
11729
400
29941
399
9100
9291
9430
15695
9025
10960
8
9563
11768
12199
7187
18032
9148
15179
9168
15852
7071
4
100
32336
11486
38424
10416
9140
9279
10453
37005
9207
10805
26616
19303
13525
8704
8652
30601
11570
9052
9524
7799
8771
13899
38320
9324
6905
8091
9053
10369
8263
10333
9018
7056
8033
23947
22293
9030
9188
6886
12451
29763
10378
13659
13872
8
9563
11380
8263
7627
20917
30595
13759
10079
12691
8618
7756
27324
7244
384
9327
10410
13363
20438
6900
33391
23576
8135
10063
47942
10261
9794
11223
9042
7610
9038
27077
9033
15363
9049
23143
13389
9436
29912
37255
20165
20907
11034
8711
10287
17643
9731
8104
10013
39396
16863
28397
8022
12412
9772
16372
12199
10042
12979
8149
26098
4
100
10464
10043
35723
17305
9023
9194
8265
7894
10452
26248
13047
13023
9036
19303
13525
11084
10063
12905
8146
10838
7282
8705
9025
9080
9024
10178
9430
9888
6903
38424
9038
28453
9033
18990
9659
7991
18520
9447
9300
8066
10220
13660
41362
12057
9154
9207
49686
9337
50375
16773
26049
8
30617
7194
9524
6949
8746
9034
9613
8143
9026
7791
23666
9053
10886
9730
7596
9844
36475
14067
9224
9187
35166
25434
9810
9029
7597
9034
44286
10869
11442
8128
12734
10462
12814
9341
50561
34118
9947
16823
21336
9243
10094
26421
12199
7187
18032
12094
15644
7670
18257
417
384
9279
5
100
10195
13299
9422
11384
11741
6903
14319
387
9394
9022
11536
13426
9882
30722
26167
9280
9341
9366
16254
42811
9029
8146
7397
8704
41966
18782
10407
15378
9351
12212
19395
9136
10903
27705
13997
20994
8705
9025
9080
18874
9706
9124
9213
6947
41481
10021
9424
10890
11254
8143
12313
9048
30903
15709
12517
9080
9018
18928
9167
13768
14088
9054
9154
9207
9947
10805
9307
9267
12717
9351
20756
10756
12610
13299
34393
11357
20030
10635
9308
14464
37168
10107
6824
13940
31871
9290
11446
9685
9178
43056
9558
9430
15378
16887
9422
46335
16665
26686
9033
9199
23879
41148
28288
13203
24582