4
100
17339
21071
9347
9154
10993
14110
11630
8711
7258
7532
9677
6872
10010
30899
8135
34316
16800
9359
19319
17686
34018
9604
8263
33770
12077
8066
25893
387
27064
26482
9070
15531
9128
9149
9960
9592
14705
11968
16848
6872
6889
19220
19853
6903
20057
13573
10294
9600
10939
13085
14834
20267
11615
20562
16640
14472
14585
17955
9668
25856
17339
13277
9563
9020
9758
9347
26616
9075
9036
27908
9220
8117
10542
8704
8652
9094
13015
400
8149
9634
23670
6893
16487
10141
9517
16260
14108
7489
9146
9317
10515
13998
19195
9243
29213
7182
14420
40377
9673
17122
13886
7888
34693
7071
5
100
9450
11088
9480
20244
8098
7235
9304
20166
9257
8146
7623
10647
7162
9194
28175
14757
14140
9367
12951
14283
22651
10892
8148
9324
8746
7848
15389
18992
8347
8150
9480
20244
8098
11314
12105
13216
9430
13368
48730
30528
35315
9025
9080
10300
9017
6963
16372
10063
382
16095
26347
9179
17196
9194
12115
11088
11992
7489
11594
9179
12479
14632
20771
9450
26347
10829
13489
17450
9199
9861
8702
15910
7530
22137
7399
10943
9018
18554
30175
10228
11865
19534
15820
9689
9027
13825
4267
15558
9849
45858
387
39735
11389
14140
13165
10657
8711
9701
26973
13525
8704
8652
9563
11768
14472
5
100
25768
9304
9277
17969
33101
15148
9430
10464
9917
13310
8143
26655
10488
9119
7335
25768
12396
387
26116
15357
9675
25103
29080
15148
17058
10135
7235
33628
10464
6826
11857
10912
20305
10826
8146
7623
37921
12199
7187
18032
9563
20056
29740
17792
7877
8750
9023
10293
7250
6889
11570
9052
9524
7799
7586
9426
28401
8387
26175
42012
10996
9018
6835
6920
9034
13936
10110
9324
8806
7626
49230
17435
43122
9030
9188
9990
17286
9140
9099
6886
9804
8159
17984
14475
49864
8340
7789
10872
30601
26098
9501
7888
32030
9148
9246
42411
9592
9194
8656
10376
9293
14986
12660
36243
19904
4
100
12396
11486
10584
20503
8137
9207
9563
19367
13386
9605
6900
10478
31731
9172
15118
14363
30320
10584
10424
425
415
17943
412
9681
14408
7198
9866
30356
7252
9117
9341
22301
23191
9430
15223
9224
9553
39170
25012
10601
7250
9173
9800
9017
8146
7623
37921
12199
7187
18032
9086
34658
9815
415
17943
412
6824
21073
9033
10040
12743
14326
15223
14558
8196
8148
11841
9366
18968
9136
36349
9882
9580
21695
32803
26421
387
49253
8160
9600
9172
16941
8008
7503
393
15316
37252
7249
11042
26744
6841
7488
15953
10607
15136
12814
28194
26090
12651
6903
9022
13658
22732
10296
5
100
9046
7492
19163
12079
10148
11205
9399
9093
7111
9909
6947
7399
7220
9730
8033
11686
9022
12079
8143
11447
9737
9105
8297
8263
33296
7793
9017
8146
7584
9366
12079
10626
14017
6834
13083
16039
25854
8159
20111
18818
15354
8135
12642
9625
11185
9934
14585
9853
9048
14485
9194
8711
8078
8030
16539
9278
9564
14981
382
9476
9044
15041
9360
25895
389
13566
15019
9023
12122
19081
10882
9355
16135
17073
9177
10769
16021
10852
9564
25579
9029
13334
8148
20661
18818
15354
7958
10345
8056
12230
15176
26421
387
33920
39504
9052
9426
11087
16290
14981
9170
7824
9136
10475
7965
4
100
17707
31898
9480
11000
7235
9580
21733
8146
7623
37921
12199
7187
18032
9563
20056
29740
17792
7877
12092
49135
18742
13363
9172
15118
7859
6903
12671
6824
8084
8196
681
49253
26815
9347
14465
680
15118
7859
6903
12671
6824
8084
8196
12446
14283
8148
9172
9588
12480
18851
22680
31898
7162
11921
9430
23453
10875
23035
8137
11120
9033
9257
8056
8711
11570
9052
15852
7071
47341
38126
9140
16381
11036
387
11852
12033
9804
8159
17984
14475
49864
8340
7789
10872
30601
10221
35807
11683
18294
6947
9044
15041
739
8545
43092
11947
11805
9022
9985
42600
9327
9035
7335
9306
5
100
9242
9379
11693
21308
18614
9140
41824
19095
9207
9172
8814
12937
15481
681
46483
9439
12138
9062
8146
7623
23766
12937
15481
8143
14225
11336
22976
9163
9844
10728
12976
6826
42300
9030
12417
10313
12059
12454
9199
13366
8418
9226
7824
9627
17031
24092
9422
12119
11648
20589
35722
9265
19493
10769
21176
9094
9077
16570
9166
11818
48749
9463
26421
387
9544
16484
17053
10728
12976
6826
7824
14420
12743
49689
9168
11139
10108
24891
12398
43752
9684
27254
13754
9119
7335
9082
8467
7172
9286
10092
9249
9122
7892
9342
9941
17732
8137
9025
9341
44037
9177
10769
9137
36079
11401
4
100
39982
9421
9480
30653
7235
9029
8146
7623
37921
9172
8719
7653
7055
7144
9117
50288
12446
16715
10488
7250
6889
11570
8168
9094
31731
9064
17698
10824
8704
17386
9279
26599
12092
16782
9717
11282
9062
20496
25324
14175
9261
11684
9855
26873
17608
9066
12597
11504
7801
9469
27706
9276
28828
9064
7877
9180
34927
9887
9586
14579
9939
10055
9314
13572
8705
25012
10312
14465
26421
387
33940
20316
10452
9489
9640
16941
7285
10854
10624
7965
8239
9025
9080
24186
9806
8718
26973
13525
7335
9306
10107
8159
9324
7540
10596
22137
7399
23191
9430
9063
7144
8137
12313
9124
5
100
13914
11252
45893
739
8613
8137
9666
7281
7483
36555
378
8270
12438
8149
7485
10952
5
739
9585
378
7804
8429
739
7782
9023
26184
12224
11848
375
8146
10431
12720
10030
9069
23775
9901
12011
10078
27013
7489
29144
7235
12371
9182
7748
7208
9329
12002
7965
7556
50220
9265
7162
9018
6857
7426
9060
7899
8552
8148
9031
50534
9705
9585
19561
7788
45887
22600
9122
27511
8084
468
375
8185
22633
10917
11252
45893
9098
7130
14782
15437
8194
7237
8135
9054
29038
13083
6972
389
36500
30899
8135
10021
14485
9088
8614
8711
7621
7482
14380
468
376
608
608
5
100
10195
9912
9930
8610
18205
387
46122
12537
9030
9311
11101
9304
13023
9277
11841
10195
9912
9930
8255
8022
9167
12401
8135
9211
15910
7530
22137
7397
6958
11357
13579
9430
14222
11356
10061
9885
9346
17049
35838
10137
9278
9677
26973
13525
7335
9640
8368
18279
45267
33245
17337
10122
48681
9301
12529
9974
9154
9355
13417
7407
8428
6903
19306
22646
11750
14222
11356
50867
10599
13229
10341
9243
15755
15910
9149
739
37666
33004
13872
9108
9640
26421
19295
12350
20793
7399
11414
17550
9668
9458
12972
9701
26973
16773
26049
8
12199
7187
18032
9563
19367
13386
9605
9255
10672
3
100
37979
21290
17676
9140
9022
16711
11446
9307
9558
9430
15223
9224
47048
7793
9615
14355
25679
9814
31731
22301
35942
9194
15190
20545
14981
14085
12187
9194
15190
20545
12475
11970
16757
382
9030
12803
16727
32800
8340
6824
10872
9745
12582
6903
27807
16637
12224
9261
10647
8711
12399
14422
14089
9508
26421
387
13230
10026
11181
15096
9882
9553
19011
7235
9304
10488
7249
9341
9366
31724
42676
28881
9566
9243
45487
8146
7623
37921
14472
10151
14147
9148
16852
9168
13042
6826
9563
16858
11787
12660
9426
30320
50262
17692
10686
9156
11675
30320
50262
6905
9804
9599
377
3
100
9689
10239
34949
377
7426
17669
9156
8146
9582
10239
20399
8135
10875
13368
9548
34991
9278
9650
9561
9044
13321
18795
7374
9022
15843
9863
9598
9466
24185
7080
8022
9167
22063
9169
9627
23753
10826
8256
387
15378
15366
21383
11649
20771
9209
42361
9161
9022
11799
10501
8705
13781
9712
21554
13362
26513
9351
9745
13997
31733
12300
9048
23006
7788
15709
12203
32375
11300
19409
9983
20940
10021
12080
9194
8008
10930
14934
382
9594
9424
9527
11813
9644
19403
13940
13903
9316
9257
21319
7532
10384
19342
13138
29852
10401
9929
19635
14485
13484
34910
9378
9036
13768
5
100
9961
10840
8066
9022
9533
12562
9380
12087
9961
9048
10559
394
9374
9528
15883
9046
17605
8519
47829
23794
29935
8022
9080
12040
8599
45157
7621
13111
9023
9877
47379
16627
8146
7623
45980
19011
8135
24912
15523
33571
46023
8137
12120
11949
27224
8066
38637
9799
20033
9034
6890
10840
387
15106
8472
49822
9755
7634
9284
18343
27642
9304
33263
7407
21884
30222
24954
9696
15438
37864
12338
11486
9696
25855
30967
8066
32865
387
35001
49822
11141
8420
7172
9030
10384
16587
9224
9357
10852
16195
8705
25012
10312
7253
9182
14031
9447
22301
38527
9839
9207
14360
14956
9194
15715
6
100
12224
10730
8137
11693
31656
15381
9284
15591
37474
46548
8146
7623
37921
14472
10151
9168
40352
9319
21228
8084
10665
10293
11169
11181
11585
8135
9018
25306
46483
9982
43804
389
451
17447
23263
450
10567
446
30543
16473
43832
9662
12442
14929
9123
11543
9220
8364
8137
9430
11918
9156
7791
7601
7252
14175
9177
10189
23289
8022
19864
9172
10608
399
9767
26599
30320
33838
15714
19156
7249
9457
22220
14979
9939
13230
9124
17382
11570
10950
9044
9426
9824
27450
9039
7889
14488
33461
7840
13010
9304
32800
8704
8652
9018
25306
9804
9599
36841
19975
9224
16311
7416
9264
19073
27971
5
100
9279
9308
9529
9631
44039
8137
12818
7530
16930
12090
9676
13358
26973
13525
8704
8652
9018
18554
14631
7252
16930
7185
34686
14472
10449
9148
10033
9168
26113
26078
7958
387
40352
12042
8149
26098
9303
49036
42411
9592
9279
9094
36777
11361
9140
16761
10412
9023
9105
6963
10480
14671
20050
11101
9876
13421
9508
26421
9456
26829
9741
20717
9041
7426
12621
14575
9136
9564
15174
22448
8104
9185
17671
48455
9167
12423
9529
18649
42698
9029
8146
7623
19397
9741
20717
9041
8143
13941
48123
9422
13744
7847
8421
9701
10007
11693
32336
12516
9214
11657
22328
9622
8406
9101
9188
5
100
29060
6903
10195
39310
9642
7235
9826
8711
29060
8022
16210
9080
10967
9261
27709
8705
9243
10094
26421
387
10869
30765
12111
26681
9123
13417
18476
11022
8236
8011
21666
9172
7691
7384
15699
22483
12446
9249
17939
16368
26221
9076
8694
11414
15128
9038
9341
9882
16278
8146
15225
7335
9306
16756
10607
8552
8148
9172
7407
7281
9230
8446
8599
681
9322
33172
16368
27006
28195
7252
10395
9048
680
7407
7281
9230
8446
8599
681
9052
29000
27400
7426
9231
7515
10726
20028
14253
9021
49157
11247
9025
9029
8626
7812
10161
32104
17472
9324
8806
8042
9018
9908
22137
7397
5
100
10428
12191
31406
10464
16757
9185
10464
9063
9136
7470
10148
19926
9260
17996
20661
18818
10107
6824
9826
9512
11181
11585
8135
14472
13805
9168
9018
25306
46483
9982
43804
389
451
17447
23263
450
10567
446
36955
389
441
439
9662
12442
14929
9162
8364
8159
10157
7162
9536
7187
10087
9048
8704
8652
9018
25306
9180
22301
23191
9430
9390
10368
9902
12298
6903
9020
7756
392
6918
9152
12947
22952
18401
9717
11003
10676
15662
9030
35533
15591
37474
46548
8146
7487
11943
9456
16276
26078
8286
7470
15918
9172
17371
10270
681
16718
37784
20316
9548
44493
9220
8364
8137
6
100
22159
9376
12543
9422
13676
7627
9030
9376
7884
6905
12003
11328
9021
23029
9654
7335
13676
35620
387
13230
10026
9284
15591
11693
18101
9756
7235
9304
32800
26421
9456
26829
9194
34243
9605
6918
15436
6824
8428
9204
10001
7253
9182
14031
9882
9242
9379
35315
9025
9080
9494
23610
8137
9430
21672
24476
16374
9038
9279
24322
10735
20617
17682
16101
18969
8705
9243
45487
8146
7623
37921
14472
10151
14147
9148
16852
9168
13042
6826
10293
11169
11181
11585
8135
9039
13919
41591
9023
9123
9715
9016
9585
8340
27448
43728
34072
9536
7187
16308
9168
9039
46483
9982
43804
389
451
4
100
41144
38892
17058
10135
7235
9566
9505
8263
7058
8711
9052
9172
7982
8068
13409
10252
7877
13439
16727
9036
37066
8146
26876
7249
14133
26744
11686
9018
18554
37270
8704
24030
12199
7187
16583
9086
19643
32750
14827
17740
7692
30022
7489
9771
15994
9879
7250
9173
10137
9641
10346
10250
9048
680
7982
8068
21699
12671
14664
37252
7252
9331
18968
9224
25971
14258
26390
14694
389
8
9426
14450
46715
14472
10151
392
8149
9148
10189
10802
9168
40352
9319
21228
8084
10665
9194
8467
12809
11194
27013
26857
10238
12141
10686
12356
16863
11675
14450
14012
9804
9599
16164
9640
4
100
19534
18995
10259
20757
9185
11204
9276
10293
9119
7335
9306
11328
9600
9172
8563
7428
9605
11987
680
10868
8765
681
9225
9029
8146
8078
7235
9882
9553
30596
11630
8711
12700
9029
8263
7058
16846
10728
11181
10626
9564
28311
9362
10869
9359
9961
11530
17188
10853
9154
10206
8393
27214
9774
10936
9917
9478
10985
10407
11570
8168
13855
10114
17420
10251
20738
20496
9136
10488
7249
9341
9366
44437
25579
10566
9585
8056
26829
9182
7109
9518
9947
26304
9486
7799
8705
9243
10094
26421
9456
26829
9172
10608
399
11528
12407
7673
7702
8643
13082
7601
12178
32750
19529
4
100
12846
9127
10640
30653
7235
9029
7335
9306
30653
20661
12423
6842
9261
11684
28738
11342
16103
9140
9912
11328
6903
9882
9553
19011
8146
10312
7249
9341
9366
17073
10306
35798
23853
10310
21163
8
12199
7187
18032
9563
19367
13386
9605
9255
10672
9036
31354
9023
22004
9524
7799
7586
12655
13201
23264
9667
9640
8084
9379
9676
13358
10247
12583
9668
9172
22507
9337
9025
9080
10137
12974
6969
681
9277
23854
9625
8017
15910
7530
14042
8006
15578
7597
16372
10869
9774
10936
10113
9242
9556
16210
21438
6947
6824
9855
18101
8347
9052
13088
8022
9167
12044
17592
9416
4
100
9293
10259
42568
16195
9140
12224
10730
9030
35533
20738
49119
10293
7253
18194
9594
9447
22301
10647
11149
9194
7293
16006
11758
48012
7426
8098
12951
14283
22651
48012
7426
10490
16727
9036
9882
20760
20659
13421
9508
26421
387
39848
9052
16641
33726
11314
12105
9924
422
16292
10068
428
410
27815
8006
9284
16641
9032
9368
12395
10584
7055
44964
8539
10461
15403
9276
20503
9337
9025
9080
39197
7235
9304
10488
7249
9341
9366
44437
9580
21695
10312
9124
14929
11570
8168
9094
31731
9064
7877
9180
10251
34966
23183
13230
8146
15225
7335
10647
10950
9044
42548
44868
30015
5
100
20237
9036
10623
10043
31938
7426
10490
20166
9788
10960
8
12199
7187
18032
9563
19367
13386
9605
9255
10672
9036
31354
9023
22004
9524
7799
7586
12655
13201
23264
9667
9640
8084
9379
22600
9179
11199
7162
12371
9443
9855
15910
7530
14042
8006
15578
7597
16372
10869
9172
15118
7198
18101
9190
13439
21802
9062
8146
7623
9052
34856
13643
9675
9696
11938
9430
9242
9556
9929
11761
8066
13676
10362
18294
6947
6824
9939
25583
10286
22411
9177
10655
9120
18553
11631
7235
9999
27914
9640
34243
12849
18417
9200
9609
34023
9362
9063
9518
11999
10574
11477
9080
9476
9661
26973
5
100
18967
9451
9480
32739
11000
7235
9029
8146
7312
9148
9194
8237
6958
9034
6969
31520
8143
9109
7055
13047
29787
32739
13538
9580
9788
10960
8
9426
14450
46715
12199
7187
18032
9563
20056
29740
17792
7877
8750
9023
9172
33625
9374
16021
17073
9055
7497
8236
43778
9140
9595
9392
13755
12079
7756
19993
7889
12178
9356
13191
14147
16863
8056
8711
11124
24763
34197
13334
8148
11194
6842
41608
34197
19766
8148
11194
6842
41608
34197
7584
20412
12079
8159
9085
11567
11918
14465
26421
9360
10261
16135
48752
16137
14469
16205
11675
14450
14012
9804
9599
24310
11097
31342
14981
10508
6
100
13919
13883
8518
8143
20244
8098
7235
9304
20166
9788
10960
8
12199
7187
18032
9563
19367
13386
9605
9255
10672
9036
31354
9023
22004
9524
7799
7586
12655
13201
23264
9667
9640
8084
9379
9676
13358
10247
12583
9668
9172
22507
9337
9025
9080
10137
26348
47804
681
9277
23854
9625
8017
15910
7530
14042
8006
15578
7597
16372
10869
9774
10936
10113
9242
9556
16210
21438
6947
6824
9855
18101
8347
9052
13088
8022
9167
9882
17888
9467
6883
9016
10464
9675
33102
12466
19107
16285
40453
9025
10541
33757
27914
9640
34243
12115
11088
7182
10704
35704
44083
37375
9658
7055
9313
15353
4
100
9939
9855
18007
8676
9261
10647
8711
20503
6842
7285
39802
14215
9017
8146
7623
39848
9052
9426
9824
23927
9140
18007
8676
9136
28952
20659
9639
11975
9882
18204
9224
13755
9377
9181
12906
9508
26421
387
9194
40844
7966
10234
18007
8676
382
9180
10004
17486
9868
16905
9194
6953
6905
12187
50596
7789
12187
49362
8094
8236
13047
12120
9270
11842
9148
10205
9168
29254
33585
18526
8704
24902
10647
7249
11042
18142
9016
9585
12715
9304
22301
10228
8187
11768
14472
10151
14147
9168
43455
14987
15326
20322
31723
6929
10022
9536
7187
23091
10189
13805
22009
10383
15974
30237
5
100
9689
18101
7627
12035
9154
10993
14110
11630
9685
9178
7514
37767
10635
387
9194
7496
11608
18101
13047
9659
7991
10659
9558
11357
11761
8066
13676
10362
12950
17779
9199
15177
8146
7312
9929
9242
9379
11649
9695
12657
11896
9167
9065
22759
9304
30702
8022
9167
10014
8143
41142
38016
9348
49686
18520
15359
32450
15882
15393
13927
42015
21855
14554
12487
21159
10586
20618
10548
9280
9458
12972
13769
9025
9029
7335
9306
14710
10021
13088
23482
9443
12128
8711
18978
9257
27450
16943
6824
11355
8155
9217
12341
16285
14059
32845
9362
12353
8139
10990
23600
12443
8137
10554
11484
9448
3
100
9279
11204
20503
8137
9207
31342
14981
10508
9720
9773
10061
9149
11204
9464
14860
8135
12199
16846
10728
36791
9510
16758
8718
19303
13525
8146
9582
20503
6842
11250
28311
9362
10869
9359
9426
13122
7055
27882
387
11196
388
8450
20352
10584
9284
11290
49767
40628
10040
11204
8014
11954
11290
12028
8143
9099
20885
9849
23942
11335
9199
9046
17950
9445
10719
9048
7892
9953
9456
26829
9194
417
8621
12141
12120
9036
7461
9356
15531
9128
9149
43593
14133
23853
12158
36346
12632
21539
8168
24409
49714
17912
9018
7454
9173
10137
9641
10346
10250
9048
10828
9552
9212
5
100
9632
9238
10259
14005
8518
8137
22717
9362
9655
15500
23941
8814
8143
9249
40592
43360
11492
15445
6903
9596
9556
32851
9564
25726
7335
14005
16723
9023
19846
9094
7296
9314
9539
10030
36691
34772
8267
23245
14908
8146
9355
44122
14035
16461
26116
11618
9082
8022
21441
9566
9025
9080
50470
9084
7162
9199
9677
9016
9755
25322
8745
14005
8109
9489
33020
19437
9140
20676
37279
13744
8705
7743
12105
33439
19265
9377
9974
12368
11178
9103
12105
16896
7470
41375
26263
26421
387
10869
9359
34418
35135
7235
9732
33336
11335
11999
12976
9134
9341
23948
40667
11146
9947
7208
41248
4
100
16947
9664
8662
29930
9017
8146
7623
21835
11037
40587
9194
7478
27439
7485
23358
6958
7848
7756
10637
9664
27439
7485
8137
9430
25970
43752
27579
11018
9337
9025
9080
12384
18422
10488
10682
10148
9048
12380
9177
13355
9882
9553
13230
9140
10286
8204
11101
10925
9038
24177
7847
9029
7335
14596
11009
11194
9170
7824
9261
18395
9033
11328
6903
9279
9094
24170
8014
10115
31406
12079
23610
9276
10001
8705
9127
8425
9048
26421
387
21672
13902
9638
15542
9494
11270
12003
7235
23029
8267
46548
8704
8652
9018
18554
41286
9664
8213
8599
18146
8135
14472
9595
9392
10042
7
100
10607
8066
9304
9033
20651
9063
9136
7470
10148
9048
8704
8652
9456
16276
9191
8765
739
43143
49673
22301
9672
10260
9194
8719
7653
7055
7144
387
9063
7144
6903
20898
8143
15725
14623
30649
12141
16727
9036
9882
13230
49119
10293
7253
9182
14031
20616
46233
46483
9982
43804
389
451
10567
443
12145
448
459
447
43832
9662
9580
9788
10960
8
9563
11768
12199
7187
18032
15852
29718
13363
9172
15118
45349
9647
8170
7777
10109
7297
26857
9935
10250
11886
9018
18554
41286
12803
9925
383
10539
8170
7777
10109
7297
9116
13507
10822
17190
15405
7514
37767
9172
15118
45349
9647
3
100
9689
14320
17345
12141
16727
9036
20005
9839
10686
9062
8146
7623
37921
12199
7187
18032
9563
16858
11787
12660
9194
8467
8052
7433
29179
20953
21361
6835
25673
9741
8052
7433
29179
9235
30911
9140
10464
29763
12886
9304
9033
10300
9505
8152
8264
10116
10769
9544
12786
11181
8711
9120
19568
10293
7250
6889
13659
10872
14320
8022
9167
9882
16203
15016
9038
14323
13045
13564
9062
26421
387
9741
8052
7433
8135
30601
11570
9733
14320
25288
10161
14640
9324
8806
8042
9034
11196
407
24054
426
10777
24744
32673
12754
49297
25724
9980
9277
17957
12634
7235
18323
9308
4
100
10195
9437
8143
12003
8135
17727
10195
9966
21432
8022
9167
12948
10912
39964
8239
9025
9080
9689
10997
9136
28952
20659
9466
11188
10206
8146
7623
9084
17047
9216
11909
11003
8711
9172
28903
11325
10146
16718
8643
9950
10293
9119
10296
13805
9168
27129
14402
8635
20959
6947
387
9536
9488
8429
21152
7182
19134
9073
9139
9995
7888
7407
7281
9030
14238
22821
32104
9435
26420
13034
11820
9511
9220
8364
8137
9430
9390
10368
9883
11918
8711
12921
8505
7383
50324
31976
8160
25377
17170
7615
395
681
9147
45745
10607
8626
17012
394
7536
384
9276
9053
15417
24767
5
100
9293
10259
40367
9088
7812
387
9050
16295
10349
21511
40367
35907
9799
25564
10293
7253
18194
9594
9447
22301
35942
9426
43961
12506
8066
17005
29586
9172
417
421
415
17943
40367
6918
17949
11196
388
461
24005
681
27381
12193
32800
8704
8652
9018
18554
26945
11328
9177
9563
13729
9304
9033
9172
417
421
415
17943
40367
6918
15436
6824
8428
15494
10141
32320
35444
9023
10001
9262
25377
16295
10349
21511
9050
16295
38652
8518
42547
11987
10040
12743
14326
16701
8078
20362
8168
9140
20456
15266
10412
8148
37331
7172
8054
8615
8505
16053
9239
10980
9261
11684
9178
15118
5
100
9138
7415
13409
10043
46027
9185
46027
9030
20456
12090
22425
9038
36775
12834
47198
9259
6903
12467
387
10055
9753
9109
10986
8066
30652
8137
12642
15128
9685
9178
7889
7992
26059
9018
18554
41012
7250
9196
10779
14417
7627
16949
14216
12273
10075
7249
12564
37174
19328
8143
9629
50302
10600
9086
7235
9029
8146
7623
9059
15978
9464
19919
10063
13409
14417
20269
22785
9245
7198
9900
9245
26393
11567
14709
13738
9362
11039
11841
9992
9641
10818
16997
9039
19136
8363
8765
8705
14345
10566
12553
8718
19303
25079
11084
10063
6841
13653
7126
9932
10769
14596
9027
8335
8368
9733
3
100
10464
22973
15381
13230
11570
9225
10488
9156
7335
9194
8196
399
8747
9050
26809
382
19597
10434
11204
6903
16062
9224
10121
8159
33334
16952
19011
9030
35533
20738
49119
20160
8146
7623
37921
12199
7187
18032
9563
19367
13386
9605
17692
13363
9194
10608
398
9426
35844
32984
26175
12508
20125
9569
20953
17105
38514
12247
11048
33838
12479
46019
23224
31731
9257
11675
20638
14315
10116
10063
8056
8711
9052
9036
29697
16638
40671
11815
9038
9854
19345
11438
13052
24343
9553
30596
13153
13872
12634
7235
9882
24914
15591
11348
9047
9351
13241
19925
7799
46377
9422
16254
9716
4
100
9215
12372
44163
10135
7235
9304
10488
9156
8146
7623
37921
14472
15815
26098
9501
7888
32030
9148
42411
9592
9194
8814
12937
51000
12671
6903
9179
28383
16727
32800
7859
17217
12935
9304
9033
23766
12937
51000
12671
10809
9882
27175
24177
7847
10517
9389
14465
26421
387
23766
12937
9489
9632
36365
11066
10554
41826
25065
9090
30357
33178
10695
8711
24891
12398
29265
9312
26049
8
12199
7187
18032
9563
20056
36243
12039
32984
27691
9044
7889
13581
23815
9524
7799
8091
10896
389
9258
9036
17495
14309
9028
7607
19465
13647
9640
30899
8135
12642
9018
6857
7426
9024
8066
4
100
19306
17339
9059
6967
8137
9277
10599
9677
6872
9017
8146
7623
9046
7492
9325
20403
9458
9829
9021
11615
8263
33770
9195
9283
10728
7791
11046
7902
8705
9243
10094
7182
8719
8148
6855
22301
10764
9072
8046
12399
19152
9094
13015
13759
35192
7541
9634
25521
9564
18593
9960
13277
9326
9626
10096
7239
46712
13814
10674
10206
22620
19434
14803
12199
8236
9052
11347
34316
16487
10141
9517
16260
14108
7489
9146
9317
9285
387
8149
25483
8325
9148
9427
50859
8267
13447
9029
7335
9259
25483
12109
14705
16848
9075
10164
389
8756
8084
18651
9192
389
7847
12042
16373
6
100
9046
7492
10016
7399
8420
11630
7426
31279
9038
9029
8146
7623
9046
7492
9325
10016
47821
10769
9882
9803
7155
8066
24177
23127
11630
9104
9341
12298
9136
9564
14981
9016
9585
7689
47821
21734
9045
49036
9130
14001
9085
7888
32030
9148
9191
14001
9247
22625
9501
7888
10005
14294
11667
7652
14335
7514
37767
9172
7691
7384
8420
8255
16053
9172
8709
7596
7631
6866
681
9017
680
7692
21567
12480
9407
30908
739
8715
6903
9077
7877
9582
30241
30264
8006
39476
18890
9117
36556
10607
10986
7482
9805
42228
35164
15887
15950
9133
9065
7880
9368
25627
15740
9199
13366
8052
5
100
49166
9077
13501
15730
22828
375
8146
8196
9168
17582
40552
13368
13651
19313
9022
10809
18315
9077
13501
20898
8022
9167
14240
25571
8239
9257
43056
12102
19520
10413
10671
9080
9548
9290
9054
9887
13358
9035
10972
9094
13997
13166
15730
8143
11799
15562
9213
6947
41481
9063
9745
23236
10166
9278
9650
10727
8148
10408
9351
13548
9422
38516
12532
22507
12517
9080
9018
19526
9180
15709
25558
6889
9846
10948
9394
13768
45307
9652
8705
14970
387
15378
12086
9304
41992
9068
30675
20949
9508
30903
34891
9207
14801
9845
9354
9919
9134
15940
9038
9029
13203
9432
6824
29918
9362
3
100
37648
9712
12557
25000
7470
39005
9029
8146
9582
12557
25000
7470
20617
10384
11618
21308
6824
10429
9466
22438
29189
30740
16064
9796
10021
26070
14351
9017
8164
7285
8263
13787
13404
31062
9042
9149
13524
13417
7407
9799
9036
9541
11864
10206
7847
7532
14351
7162
10138
9023
14472
22452
17608
10356
8139
9030
12350
16849
9311
33438
10430
13426
13168
9805
21277
9052
9443
22705
43270
7235
9960
10135
9185
46107
10389
7532
15396
9327
13453
10305
20782
7426
9754
10104
11978
39938
17655
26421
387
9025
10618
49670
10337
10571
15787
9047
9351
17932
10854
37480
7060
14422
14611
4
100
49462
9040
9702
17676
9276
21480
6963
9066
9764
9018
35727
8135
12199
7187
18032
9324
8704
6962
9613
8143
44090
20567
8765
21696
20882
7185
9114
8337
9662
9036
16039
27914
9640
8263
7058
8711
9052
9440
7194
44286
384
9162
7556
22236
9172
12905
8146
24709
15842
14651
42941
9651
15910
7530
22137
8196
13300
19588
12867
13570
42138
26973
13525
11084
9258
48339
43298
9888
9847
24066
18847
13660
16883
9427
13680
7991
18520
9351
18192
19925
10342
40671
10021
10284
7991
10659
9558
11357
23879
37350
10453
8022
9167
10414
8186
12942
8146
9806
19572
10185
10943
9282
7139
7478
4
100
11019
8168
11252
9154
10993
14110
11630
8711
7258
7532
34019
33755
9155
9018
6866
11732
9050
32954
44590
9193
9572
389
8
12199
7187
18032
9563
19367
13386
9605
9255
10672
9036
31354
9023
22004
9524
7799
7586
12655
13201
23264
9667
9640
8084
9379
9676
13358
10247
12583
9668
9658
9518
12371
20164
18174
31416
48541
16285
15495
25799
20237
7235
34166
37202
26973
13525
7597
16372
10869
9359
13088
8022
9167
11898
9638
28597
9029
27914
9640
8139
11187
11355
8155
9176
9022
6857
7426
13902
8705
11688
12974
9031
50534
684
32555
24310
7399
7220
9730
8033
11686
9172
22507
5
100
23706
24101
9065
8084
8707
10809
739
7569
6824
9689
9290
13493
9038
9029
8146
8196
9022
6857
11649
12442
9267
27705
14757
9695
9025
9080
10262
9108
9018
17785
12517
9080
11970
13997
9863
10727
7426
9659
7991
9277
9844
9167
9065
22759
9304
9585
19561
7788
9265
7162
9782
9148
10348
9351
20756
23051
11608
11436
10670
9685
12209
28288
37770
7235
19481
12857
15709
25050
10440
387
9447
25995
9136
26749
9561
10322
14292
31279
9448
43183
49627
11402
9658
9048
43056
12634
10165
14937
9552
11732
15030
12876
8711
32256
14345
10566
16224
6947
7399
7220
45887
21660
9362
11059
12109
4
100
9114
13374
11316
44868
9023
9194
7182
8505
35582
12479
37507
17704
10329
9512
15403
8143
9347
6903
20765
22011
36713
10926
9016
9585
47637
9018
15403
8135
19684
7478
8551
7397
7426
17452
9199
11039
387
9306
9055
37766
9939
27815
9033
9243
10293
11169
9796
11336
9055
33825
11056
46481
29846
7512
7470
9432
9491
9867
32800
7335
9689
37507
18388
13003
29846
7512
6824
9554
19268
8125
8185
8148
11841
48537
29517
10607
8552
8146
10554
9922
12495
11336
9055
35628
9422
13119
23347
7235
10312
7253
18194
389
8
9426
16537
11906
9830
10003
42983
24645
9667
12199
7187
18032
3
100
10152
9034
44163
10362
23697
7991
12209
9761
27914
9640
7536
7767
11165
9548
10229
9170
9438
9337
9025
9080
9597
684
9639
9640
7536
10268
9378
9036
15378
9306
10829
13489
10014
9685
10743
9745
46284
16203
17450
9199
9861
8702
26973
13525
8146
7623
20005
8135
9426
14014
9605
14315
9894
10130
6886
11765
37493
9172
15058
8335
44163
47692
13439
11003
8711
30175
11107
14472
10151
14147
9148
16852
9168
11528
7198
9767
14450
19800
32800
8340
6824
10872
30601
26098
9501
7888
32030
9148
39548
9592
9170
9694
9983
25024
11683
9208
19647
25175
11379
6958
21095
13407
23032
4
100
13914
10856
31898
6958
9030
11912
8149
7827
23895
16930
12090
11604
8378
9016
9585
6963
16372
10063
7126
7623
11351
9043
24071
49224
9350
11686
22301
9032
11149
51041
13229
10341
9243
9658
8718
19303
13525
8704
8652
9018
18554
14631
7252
10380
9578
13455
9177
9094
7109
10502
9168
50917
12092
8143
33906
10198
25413
9304
51042
29718
19238
9194
45721
10978
7756
382
33681
11950
11630
387
9281
12246
14514
9140
9945
35323
9494
9284
12902
13499
9025
10960
8
9563
11380
8263
7627
20917
30595
13759
10233
10070
26098
9501
7888
32030
9148
9324
10264
9034
26284
9134
18116
13544
3
100
11345
13036
50923
9030
35533
15591
20659
9466
9905
14472
10151
9168
40352
9319
21228
8084
10665
13036
6903
18395
9047
9553
13230
8143
15148
12850
9016
9585
11583
20503
32067
26098
9303
49036
9501
7888
32030
9594
17389
25657
28738
11692
34535
16877
12283
19326
14175
14753
9076
389
8
9563
11768
12199
7187
18032
9194
33625
9374
15062
7847
6886
27476
32931
11601
7198
8347
12141
15405
15118
12190
41706
29732
9044
12193
9025
7243
9809
9499
10007
17017
13338
9033
10276
9624
10023
48381
9078
13737
10137
9628
6893
8159
9505
11686
9018
25762
14193
9169
10474
20428
11720
7162
7
100
9293
10259
739
8430
8548
8149
22547
7235
11630
9104
9029
8146
7623
9046
7492
9325
739
8430
8548
8149
9203
40861
20160
26421
387
29000
10278
9950
15887
15950
21279
6866
29193
10769
9882
10133
8185
13719
9304
10312
7253
9182
14031
9947
9181
7356
8704
22547
7426
24177
9103
12532
7208
20616
46233
46483
9982
43804
389
442
441
444
11924
9792
9768
50097
43832
9662
9580
9788
10960
8
12199
7187
18032
9563
20056
36243
12039
32984
27691
9044
7889
13581
23815
9524
7799
8091
10896
9585
27914
9640
8263
7058
8711
10449
9148
14039
11746
6932
10210
35577
8022
18830
9456
26829
9267
5
100
29306
8608
35907
7877
10107
8159
9044
9220
8364
8137
9430
9390
10368
9883
11918
8711
9194
7426
7652
8518
12187
9194
7691
7384
8171
12141
24767
7335
11181
15096
9882
9053
49110
10312
20564
8
9426
24622
10081
6953
10562
8033
10621
11391
18685
9070
13202
9304
11746
8068
11506
13875
9149
27261
11622
9224
16034
45717
44977
25597
25434
9532
7888
10569
32070
36869
7055
7532
9285
9379
9960
8405
7235
9934
10142
12589
9018
18554
9036
8135
8143
31667
8148
15723
16192
10122
12638
39466
16034
9030
9616
12039
9136
13119
9060
11052
25712
11330
9257
8704
8652
30429
8135
30601
26098
6
100
15275
8688
11244
8006
9930
8610
8135
11336
22796
35624
8272
29072
28482
9689
9819
7799
10395
9048
6958
7584
9046
6949
6841
13909
14564
8521
7416
12003
13538
10764
9172
7445
8610
681
27726
16255
7249
9341
41046
9947
10558
8382
9124
31898
6889
9731
9492
16462
7965
12364
8146
38052
12199
7187
10040
44188
7250
9196
10998
10626
15997
13935
9154
10993
14110
13230
8711
9305
35459
12880
23833
9511
19171
14258
26390
9025
9029
34619
8187
9401
9249
10074
9018
16234
10824
10776
10164
12579
10368
8007
39032
9271
9512
9456
26829
22590
7489
9026
14395
10055
7481
9243
40623
8704
8652
10869
5
100
45045
17077
9480
9018
8191
9322
9029
8146
7623
9046
7492
9325
9563
20508
8022
7791
9194
6856
6958
20531
17730
9304
35533
38611
20160
26421
387
9741
20717
9041
7426
20456
12090
22425
9033
10276
16924
22717
17077
9495
9026
7801
9017
15118
6908
8168
17349
51000
26098
9303
49036
9501
7888
32030
27310
16888
9025
9905
9296
8756
12644
27766
8361
11587
19864
9882
9553
19011
7235
9580
12622
9017
8052
7385
20486
10464
9675
28112
15148
17058
26116
11087
10475
8264
10807
21308
6824
10429
8149
9068
9278
9564
14981
14585
9260
17996
9048
11686
21277
9518
11264
34801
9038
15582
17553
5
100
739
8545
7608
31898
6958
9030
11912
8149
7827
23895
9325
11202
13875
6889
9029
8146
7623
37921
12199
7187
18032
9563
20056
29740
17792
7877
8750
9023
9172
15118
45349
9647
14434
32944
14033
9304
9033
9647
7126
11938
9422
739
8545
43092
9378
11120
681
23191
19393
14472
13467
9168
20160
10539
14434
32944
49125
10380
22175
24086
9689
36892
50204
13889
19031
9119
26421
387
10869
11175
9038
18389
11042
29614
9080
25065
9281
10362
31116
9558
9430
28042
24494
22159
11265
13254
9154
9422
9882
15591
20659
9466
9418
22301
37406
8765
9052
15852
7071
47341
38126
9140
12441
10139
13755
3
100
18504
39310
9807
9325
13229
10341
9243
9032
9913
19303
13525
8704
8652
9018
18554
44188
9262
38052
12199
7187
18032
44188
7250
6889
14472
13467
9168
10141
9628
22821
32104
9435
26420
13572
8705
9249
12743
49689
9337
9950
10693
17262
9182
14031
20616
46233
46483
9982
43804
389
451
27191
445
439
389
22174
43832
9662
9580
9788
10960
8
9426
22771
26598
8135
10914
26446
9453
27911
9194
8618
12021
7671
7194
19994
8031
384
10607
8615
8505
382
9114
27680
9129
29705
9063
7793
18194
8148
9513
11881
9401
16210
34201
9885
9029
8146
7623
36225
7561
10776
9453
3
100
9450
13815
15016
40410
8148
9172
7208
7691
8125
681
9733
9018
18554
14628
7252
9084
8745
18691
23937
11336
14652
9518
9947
11455
12107
23819
6903
14112
9377
12572
9243
29830
10960
8
9426
22771
14012
13899
9635
21056
11047
10083
8612
383
6963
7799
8529
9634
12199
7187
18032
13899
26627
29448
7692
8608
21057
7071
9036
8187
7965
8599
35465
10345
9194
33625
9434
9279
25002
9935
10250
9140
16380
7607
9941
9422
9226
7191
8765
13439
9028
17420
30601
11570
9052
9524
8170
7849
32334
10996
9235
30911
9030
17984
14475
49864
8146
7623
37921
10869
11946
16768
41586
5
100
9454
8450
9109
8461
32104
8143
9689
30765
17203
9455
9194
8626
7812
382
21666
7426
11175
17262
9243
10094
26421
387
29060
9109
10064
9224
16210
34201
9885
9080
9362
10869
9774
10936
10113
11998
9038
18389
14223
27347
9789
10607
8552
9136
9517
8148
11841
22301
12055
30935
9052
9947
9882
10395
9261
25891
7847
9029
8146
7623
40648
8135
12199
9098
9518
9947
9608
12107
27400
10985
20668
8265
9199
13366
7514
37767
11336
17939
16368
26221
9150
8517
6903
10377
29000
8066
27129
12555
22483
9030
26270
9920
9438
10693
8711
10903
49745
35696
15384
12364
8056
42822
9447
10286
12801
5
100
12742
15403
8143
20244
8098
7235
9304
20166
9788
10960
8
9426
16537
11906
9830
10003
42983
24645
387
38421
9235
8042
7427
9634
12199
7187
18032
9563
16858
11787
12660
10819
36583
25952
34716
18902
35116
10608
9412
10403
410
32903
8658
47822
9356
13191
14147
16863
411
410
32903
8658
47822
21073
8704
9212
7559
10722
8152
8220
8529
9076
10996
10403
427
8414
21715
14435
7162
9880
14283
24668
8066
9319
14541
13875
10040
25761
20239
13813
6903
14323
9550
13431
8022
9167
14805
21947
26421
30601
9231
7401
9023
24764
9628
11248
34197
7293
16006
11524
20365
10198
12309
11111
9464
6
100
10464
10043
9049
7281
40766
10939
375
8146
8196
7991
739
7569
6824
9337
9025
9080
10137
9846
9031
9239
7220
389
9585
378
7182
7285
739
6910
8811
10624
7965
8239
6969
7661
23356
7252
9016
9705
605
605
375
19561
7788
9265
7162
9018
18554
12396
7380
15403
7235
9651
8006
13704
387
468
376
214
8
10070
8135
9240
7894
10785
9131
10119
8191
23142
9784
16214
9317
30286
6947
7399
7220
14819
12371
7085
7556
11355
8155
7208
9329
8084
36500
30899
8135
23971
48541
6853
17003
6986
8022
8090
5
5
755
5
758
758
758
34424
43056
9108
9306
9803
4
100
16641
10133
8564
7877
12980
7445
7812
8148
9172
7293
8564
7877
13439
42757
9062
8146
38052
12199
7187
16858
8187
9436
9216
27232
37648
9172
6844
7398
12450
13029
413
9776
29942
463
9681
24102
8066
9081
9615
9430
44188
14465
680
6844
7398
12450
13029
413
9776
29942
24813
12480
28643
7398
11909
41953
14524
11336
41779
7521
50204
14124
8756
7250
9173
16266
16041
7335
9306
9819
10852
14346
50073
6958
8006
425
393
7162
9831
35646
24088
8137
10570
8420
9511
35416
24570
9074
11016
19864
34789
8551
10562
23262
11872
18944
384
10570
8420
681
15920
9029
43103
16537
3
100
12122
9647
15697
8137
9430
13895
34934
30528
15265
9036
9172
12407
13425
9647
681
11973
9202
12751
30818
6889
9029
8146
7623
10647
7162
12199
7187
18032
9086
34658
44166
10521
8765
11528
9767
13736
32944
14033
9304
9033
10098
9605
8658
8542
23620
20503
6842
9261
11684
14827
9703
10007
9700
23029
34692
8
9563
11768
14472
13467
21734
9045
49036
16125
28263
9130
8418
9454
10504
9194
33625
9374
11159
7824
21526
8143
9271
13906
10001
12356
16863
8056
8711
9877
37921
35439
9939
36349
9882
24804
11348
9038
38424
8705
22103
9017
15118
12190
21073
9307
9440
8170
384
3
100
47969
37249
15381
13230
8146
15225
7335
9194
8196
7711
8074
15473
10706
9324
7660
7847
14446
20422
9304
9033
47969
7621
7691
7840
7235
32800
8704
8652
9018
18554
26945
9194
8196
7711
8074
15232
14472
10449
13042
9148
16308
9168
14147
6826
9563
9741
8052
7433
7965
8599
35465
12120
11528
387
12094
9030
10141
9628
25573
10293
7253
9182
14031
20616
46233
46483
9982
43804
389
441
10602
9549
9821
445
457
43832
9662
9580
9788
10960
8
12199
7187
18032
26098
9501
7888
32030
6884
11299
46523
9043
7759
7788
11505
12660
9172
8615
8505
9078
8688
28182
23620
5
100
9454
8450
9050
30917
11011
9935
15252
30748
9025
9080
31782
13347
15720
11181
11585
8135
14472
15815
41766
20616
46233
46483
9982
43804
389
441
29103
17112
445
10689
16799
457
43832
9662
9580
9788
10960
8
12199
7187
18032
9563
19367
13386
9605
9255
10672
9036
31354
9023
22004
9018
16452
11816
384
30785
10869
9359
39014
9117
7703
9532
8146
16372
10063
8263
7058
8711
9052
9584
26116
11087
9564
9744
31231
9456
26829
42378
11968
11936
8210
12733
7530
29843
7623
9271
9325
9081
8791
7470
13563
25768
9027
17571
9304
15148
17058
10574
9146
19303
13525
8056
8711
9206
27310
5
100
16701
9280
8467
31054
10762
9030
19416
14112
9377
10416
8711
32256
10148
9048
8704
8652
9018
18554
44188
9262
38052
9172
8022
8006
8448
681
9085
16429
9304
32746
8448
21619
10395
8148
9172
7515
25147
12703
419
427
408
411
384
22015
7301
12178
13119
9062
680
7515
25147
9489
32746
8448
9209
9044
10391
9399
9380
46194
10199
15806
9166
7281
6958
9276
27383
9280
12972
9701
42941
12175
45240
10250
8718
30521
8146
8078
34197
7877
8612
12830
7584
8745
13993
47918
10234
20743
8367
20804
8599
20038
7556
7791
6900
29439
9140
29794
7897
11337
429
19891
9815
23242
9819
5
100
14258
6841
12163
20244
8098
7235
9304
20166
9257
8146
7623
10647
7162
9194
7777
9902
12671
382
24102
7426
10293
11169
14472
10151
9168
40352
9319
21228
8084
10665
32800
14453
10808
9592
20503
6842
9261
11684
12038
8215
12811
25226
9439
16637
12224
18130
10686
9156
7335
10647
10950
9044
9091
12886
10741
24815
30908
10307
7532
9220
8364
8137
9430
9390
10368
9883
11918
8711
9091
20479
9088
8599
9147
45745
10584
8046
50231
28738
8153
8168
9742
24767
8704
8652
24554
7859
46483
9982
43804
389
442
447
446
453
444
9837
11899
39204
457
43832
9662
14827
11181
11585
9511
7
100
28895
7281
8660
11293
8756
7532
15381
375
8146
8196
37648
9021
26184
12224
8135
12857
9027
8102
10690
11823
9031
9239
7220
10078
27013
7489
12720
10030
35416
10730
9262
40056
7235
16444
7877
7487
15283
8420
8148
11841
9882
11262
13981
9788
44890
16941
8660
395
425
8066
28643
7398
12450
10546
13563
25098
20621
8236
41547
7987
8137
10396
7600
10030
10607
8626
7281
394
8022
51132
12224
9261
9580
9788
10038
26764
7540
33342
19971
41591
9023
10021
15695
9025
10590
7335
9306
9819
10542
8429
7521
20340
9080
9476
6903
20155
14965
14008
9666
8241
9361
43056
33726
7426
26184
25098
37673
4
100
10756
12610
9684
12313
6903
9279
10453
37005
9207
10805
26616
12733
7530
29843
7623
47257
13731
9164
26844
9304
9074
7777
8705
9243
9032
9913
19303
13525
8704
8652
12477
11768
12199
7187
18032
9194
31836
8745
14204
14652
15252
9167
11159
6900
8367
9839
10686
8711
10890
11183
387
10082
28868
9030
9188
10346
14805
12904
14323
10822
17190
10157
9790
14472
10151
9168
13507
13045
10488
10682
10148
11692
8
9563
11380
8263
7627
20917
30595
13759
10233
10070
26098
9501
7888
32030
9148
9324
10264
9034
26284
9134
18116
13544
8143
9137
18002
12534
9044
10589
16574
8718
16913
9503
4
100
9046
7607
18236
13461
9030
10997
8022
9167
18370
14390
8146
23029
9654
7335
12298
9136
35768
8705
13342
13796
23095
39508
9194
16371
14912
9945
11967
12141
13254
9307
9558
9430
12298
32297
12259
21064
10507
9119
26421
387
36419
13902
8705
10905
15205
9079
36489
9033
10591
10997
12003
9140
15463
10083
9168
17726
35875
17371
7673
7489
10486
9660
9039
9992
9235
30911
9134
15933
8033
6879
8711
16997
24776
9025
9080
42228
9755
10297
414
13650
10445
14605
384
20859
16390
21127
19092
40497
31696
24139
18660
9918
38171
12876
17973
11815
10682
10148
9048
7965
8095
10034
10384
8335
3
100
9824
20531
10107
8066
9279
10453
37005
9207
9456
26829
9172
9635
15866
11704
9742
10485
8711
10998
10626
10903
42083
13981
9031
14872
9127
8425
9048
11768
12199
7187
18032
9563
6908
8168
9030
10141
9628
25573
9586
13603
8688
10619
22821
32104
10308
7389
8662
9172
15118
8053
7847
10007
11667
48985
23191
18149
8146
7623
37921
15852
7071
9824
13583
9143
6899
9023
10293
7250
6889
9390
12283
397
9869
8030
10378
18992
20496
10808
9592
11159
8135
41752
10478
13572
8705
9025
9029
7335
11930
9220
8364
8137
9430
41286
10368
9902
12298
12333
9995
17333
6903
9039
7889
5
100
12396
11486
9192
7767
17436
7235
9826
8711
34692
8
12199
7187
18032
9563
19367
13386
9605
9255
10672
9036
31354
9023
22004
9524
7799
7586
12655
13201
23264
9667
9640
8084
9379
9676
13358
10247
12583
15910
7530
14042
8006
15578
7597
16372
10869
9172
15118
7198
18101
9190
13439
21802
9062
8146
10192
9180
34856
13643
9675
25970
9304
9855
9242
10324
16285
20659
9466
13676
10362
9494
9119
27914
9640
34243
12849
18417
9200
9426
8078
15133
25175
12904
9019
9399
18101
9464
14160
8159
20111
18818
11011
8705
32239
9131
9149
42640
23696
9362
9432
9094
9499
25308
11898
7756
684
3
100
10464
12224
11252
375
8146
8196
9018
12224
8135
739
7569
6824
9689
9290
9797
8239
9025
9080
43719
14952
10341
9122
7991
375
43056
9022
6857
10056
13358
10846
12642
9098
7652
8159
36500
30899
8135
17582
22600
10584
9036
9266
23230
7662
8006
376
214
8
10070
17339
9148
12371
9220
19647
23952
8718
16913
7182
216
216
36510
644
389
9585
378
10238
7496
8270
739
605
605
605
375
7965
7556
50220
9265
7162
22126
34018
9267
28646
6889
13016
30226
17932
9564
9027
8378
7055
7661
12002
19561
7788
10185
10262
48101
9518
20403
9267
18938
7208
9329
4
100
10328
10313
22893
9478
9030
10313
14417
11101
15205
10381
13309
9463
8146
7623
47257
9430
9164
9908
20038
11270
18958
13508
9140
9279
10453
37005
9422
10210
9935
10822
20038
14398
14832
8137
11693
14408
10026
11011
9276
17005
10293
9119
7335
10873
33139
11420
32336
13299
32119
9882
14461
25037
9304
19031
8511
7426
25218
9065
8042
7796
9426
26241
37416
23170
10201
10063
9635
22244
14649
8705
43320
7085
7470
10345
15030
9063
7793
9031
39396
9135
13872
9065
9255
10201
9604
29843
7623
36329
11440
8135
9426
26241
6824
25930
8014
10346
21078
9090
16249
8159
10049
9427
10190
11568
4
100
12557
8143
11384
34105
9017
8146
7623
37921
12199
7187
18032
9563
20056
29740
17792
14455
419
453
38829
417
384
12092
8143
9036
31354
9023
10293
7250
6889
9018
50905
9324
8806
8042
9034
9300
8168
9030
9188
10346
9060
10398
11159
387
10364
9225
9304
9463
6963
16372
10063
12380
9136
9939
36349
9194
6918
7653
14087
9912
9154
12123
9499
9737
21831
23191
13153
9038
11630
8718
19303
13525
11084
9258
31724
10063
382
9648
8705
10212
9099
12712
17390
21634
17458
34385
7372
12187
9194
9648
8705
10212
9099
12712
17390
21634
11019
21191
9199
9677
24832
9284
25226
9439
3
100
22821
12384
28293
8148
9172
8563
19017
8518
18257
421
411
418
426
425
9681
25175
11379
6958
9422
9243
10094
7847
8726
11103
11684
26945
22301
11631
9180
9319
8690
387
9114
8695
9030
14135
38362
9120
8224
8066
10403
14361
9025
7166
6835
10217
32619
9033
9199
15225
7335
9319
8690
8135
12199
7187
18032
9086
21694
9426
9756
11168
12590
9764
23300
7121
26596
10449
10087
9216
27232
10403
14361
18395
22821
15328
7235
9304
32800
8704
8652
9018
15440
24750
14472
13805
9168
10141
9628
10655
9140
9260
8042
21335
9276
9916
28738
20893
11585
8137
11877
10209
13230
4
100
9293
10259
20666
21422
7235
9826
8705
9243
10094
26421
387
20666
8548
11414
9609
33098
10679
15620
14226
16235
9199
11039
16709
17762
6903
14222
8022
9167
10014
8143
41142
38016
7530
12350
12090
9277
9290
17252
9178
9989
9207
9912
7669
15238
21308
6824
9366
26116
11530
47149
8262
8265
11314
12105
22159
9684
8626
20357
12386
14755
9038
9029
8146
9582
20666
8548
13053
11042
9887
13579
26121
10574
29842
9080
9362
10869
9359
9882
11342
17412
10395
9224
9216
12190
29042
11188
10206
8393
27214
9819
7799
10395
9177
14564
8521
7416
9264
17822
22452
8765
24986
13235
7849
17304
8
100
9538
7374
7182
739
8545
7608
31898
6958
9030
11912
8149
7827
23895
16930
12090
11604
8378
9016
9585
6963
16372
10063
7126
7756
10665
9117
7703
7788
20755
12191
9122
22403
12158
14575
9136
14355
8244
12371
15940
9038
9065
7495
12733
7530
29843
7623
23191
9430
9366
13229
39417
19303
13525
8704
8652
9018
18554
14631
7252
10380
41285
33906
8194
7109
6903
28201
9168
9432
12550
7249
9341
21454
13739
8262
9875
9773
46365
9243
45487
8146
7623
37921
12199
7187
18032
9563
40329
16978
35425
9194
45721
15866
9063
7144
20496
382
13074
16708
10488
7250
6889
14472
13467
9052
10914
50565
9023
19864
4
100
12501
9520
17339
46027
375
8146
8196
7991
739
7569
6824
39349
9031
9239
9032
7671
389
8
10070
8135
739
8076
18844
9018
7400
7312
6824
9019
7055
7661
10078
378
7182
7890
7782
41447
13572
8704
10395
11848
12002
8084
6853
9402
7532
10021
14485
11082
9262
34080
7208
9329
25856
36500
8194
8757
9124
7162
9242
10431
9088
10104
9920
9438
11814
9867
11667
7652
7888
8234
468
375
8185
7235
22600
49574
8243
19465
23230
7788
20589
11213
13358
16693
8084
468
376
608
608
375
43056
9265
7162
9174
24515
9432
9054
9887
9341
12002
37767
16317
8811
9863
5
100
12396
11486
45045
12079
10148
9030
12079
8022
9167
13045
11205
7532
9022
9068
8325
8135
12642
42226
9446
9199
9677
6872
9017
8146
7623
9046
9052
9863
21630
11941
7656
21598
7514
21052
9018
24138
39893
9172
40137
41919
11970
42717
12178
13886
9348
14651
9016
10464
9675
12396
18588
29080
15148
17058
9362
9983
9466
38726
9304
9033
14553
9278
15177
25854
9044
8024
11488
10337
10115
19658
9028
7607
7235
11630
9685
9178
6824
6969
10400
18146
8137
10345
6828
10212
14110
29021
8711
9174
6958
47002
9017
31569
8143
9249
34791
8705
14970
12125
15555
14008
10190
9119
7848
7824
22032
4
100
20237
7844
10259
19534
7892
43393
29085
9362
22479
8702
26973
13525
7335
9640
7236
9449
12695
11419
10497
11495
9110
26033
9207
9929
21554
13362
15223
9224
28250
19534
7884
10100
11357
12846
9444
6903
10741
9352
10072
19691
9262
10137
9677
6872
9016
9447
9229
10900
9861
10342
9304
19466
19534
7884
6905
50551
11382
9882
9494
23610
8137
9807
8705
14345
10960
8
9563
11768
12199
7187
18032
9194
33625
9374
38126
7644
10533
33379
8745
9647
8170
7777
9935
10822
10148
12141
15405
15118
12190
9456
37215
43566
9628
26930
20038
28937
12548
12092
11596
9140
10001
11011
20038
12458
4
100
9454
8450
13088
12035
8711
7655
14677
9126
9668
10401
10917
9168
9078
13823
6889
9138
7559
8718
18952
10063
6947
7399
7220
9265
7162
9018
6866
23971
48541
13088
9131
7788
11355
8155
9217
12341
15495
22386
9122
8234
20702
9135
13872
9065
6965
18339
11689
25882
9784
9317
7235
22311
15882
9769
7182
9314
9277
23854
9625
21901
9859
9022
9068
8325
11903
10185
26141
9183
13927
9508
7965
7556
50220
17582
22600
37375
7532
9677
6872
9176
9585
8084
9379
49236
18381
10203
7216
9036
9515
8135
739
7569
6824
9689
9290
15562
10341
21901
40433
8146
7312
9148
18101
9033
3
100
37648
12224
7851
7235
9304
20659
9466
10590
6963
8263
8739
9032
9436
14017
8073
10010
15118
9023
9586
9036
49286
20155
26219
9467
6883
7210
25098
37648
9021
26184
12224
7285
11848
25856
9278
9564
9269
9362
10330
9194
425
37655
25515
382
9661
16691
8
12199
7187
18032
9563
19367
13386
9605
9255
10672
9036
31354
9585
8429
8643
9052
9172
30899
8135
739
7569
6824
681
9277
23854
9625
8017
15433
10574
9079
8041
14782
8704
9093
12380
6903
9326
387
10005
13171
11763
31491
7198
10967
10985
10841
10492
9919
9134
9640
30899
8135
739
7569
6824
13471
32010
4
100
10328
16069
8143
16302
9140
24706
9430
40477
14979
20771
16302
9033
14422
10488
11151
9178
9989
9207
14472
10151
9168
40352
12042
8149
26098
9303
49036
42411
9592
9194
8345
10919
7788
11120
382
15591
37474
46548
8146
7623
35942
9279
9094
15223
9224
9553
13230
22103
10312
8137
11693
32336
11486
11857
10416
9140
15223
8143
19466
10727
6905
50551
17252
9676
10960
8
9563
11380
8263
7627
20917
30595
13759
7185
7236
9524
7799
6944
9453
9908
30601
26098
9501
7888
32030
9148
9324
14691
11154
32566
6824
8243
8359
36112
20269
9181
7791
7131
14855
8600
6884
20269
12652
21144
5
100
13919
9114
27680
38522
8756
12980
7445
7812
8148
9172
8022
8006
8448
681
9831
35646
8662
6903
45320
7281
739
11578
8614
8137
9430
9874
6826
43232
6858
8425
9140
9945
11262
24767
7335
12298
9136
10903
42083
32746
8448
9209
20459
13254
9307
11913
9468
18835
46586
11139
9030
10313
13449
8143
13538
31041
9025
10541
33757
8704
8652
16858
8187
9446
22301
9060
10007
13731
10040
7743
12105
11290
13583
9168
27709
8711
32256
10148
9048
43103
16537
9804
9599
24310
11097
14537
9586
9698
12112
9153
30009
7426
33253
12137
9733
28347
12572
47310
46981
9033
9280
15534
9038
9418
12634
4
100
13417
18476
37231
16195
7627
375
8146
7623
9052
9018
6857
7426
9534
36500
8084
6853
17053
9077
11414
29873
15740
6855
7220
12002
7824
11001
23971
12371
9271
7182
6919
739
605
605
375
43056
9077
7877
7489
9784
13083
6972
29205
11355
8155
8017
14782
6947
7399
7220
9265
7162
9242
10431
12341
15495
7898
16693
9705
9585
19561
7788
45887
16812
9850
6866
35116
438
8052
15833
22092
21279
6866
25336
438
376
10604
8066
468
468
376
10278
29045
36500
8265
7894
29007
8705
11086
11355
18479
9443
26089
8210
7098
10078
8185
22633
10917
33146
7662
8006
26764
19193
5
100
9689
30478
12438
8149
12035
375
8729
8006
12438
8149
16278
8022
9341
30478
39310
16278
8146
9650
9362
21100
47637
10437
11280
11980
12921
12191
11082
9154
9422
9278
10586
9597
9044
13321
26421
387
9079
28670
12924
17160
36858
9734
30478
39310
7235
22964
7540
19909
14489
18600
9249
10372
12751
16374
9033
14994
17432
10743
25581
18513
9962
12762
50857
10984
12268
9947
7208
12509
7916
7991
9277
34432
7335
16710
9244
10030
41444
6903
49571
10811
12748
13362
9079
43091
18595
9025
11189
35417
9174
8694
8066
36857
13930
30241
9659
10764
10599
9861
9738
9424
17830
9430
22159
21110
9922
4
100
9293
10259
10584
40669
8137
9430
13895
25713
15265
9036
9172
14558
9238
10214
387
19520
10584
13439
9879
11927
25079
6963
11803
8135
9640
680
8042
11111
26095
22146
9179
681
9717
22301
24030
9458
15453
39417
9016
9018
18554
37270
8704
11267
18968
9136
9939
21995
24793
20166
32239
9131
9149
739
37666
9034
13872
9258
9604
22137
8196
9168
10584
7055
28363
9167
30805
21752
9022
6866
10667
9850
9031
50534
22301
26095
32021
9481
7182
9658
8718
26973
16773
26049
8
12199
7187
18032
9563
19367
13386
9605
9255
10672
10383
15326
20322
31723
6929
11074
17692
13363
9194
10608
3
100
16152
10082
12079
8135
12857
12079
8143
9347
9048
25854
6842
9261
11684
11194
9439
31116
18769
18566
9199
11447
20661
12079
8022
9167
11532
15492
14370
13940
9329
28288
8146
7584
9366
14208
11279
9117
12158
21630
9430
13895
9966
9177
9517
17073
7285
43569
9887
13972
7489
9178
21319
6958
11357
23879
9650
9362
9745
9658
9185
10925
387
10167
22719
11039
9290
13166
10348
9022
15902
15016
9038
40636
17338
43056
11993
11420
9689
16203
9659
29964
22836
18561
35723
31656
8137
9695
9025
9080
9278
10586
9597
8149
9257
40137
11941
9149
18315
15333
9194
41575
31656
12951
13444
3
100
10464
18101
25156
8146
13214
9532
34243
21898
8135
12199
7187
18032
9563
40329
11176
739
7432
9155
9018
25306
9023
10293
7250
6889
9018
25306
9180
18101
25156
8022
20316
12298
9136
9939
13676
10362
9039
7889
9038
9455
7789
9053
12947
11604
8378
9016
36419
16285
9659
11867
9362
9983
9466
18101
34350
10510
7453
7991
9277
11841
11181
11401
9032
10220
25108
8340
6824
10872
30601
11570
9607
35853
44037
10985
9082
10133
7295
9395
38652
34425
32343
9036
9562
48487
7335
9306
13659
47897
10063
7496
11608
9242
9379
13185
13358
12733
7530
13088
23482
25926
29207
36117
11630
5
100
13914
22429
9769
14288
13641
10504
17673
9154
9422
9257
8146
10431
12341
41326
34080
9029
14485
9194
7478
8011
8467
8602
23358
7478
8011
8467
8602
8135
11336
9664
7140
7877
10001
17998
8148
16902
7235
21519
9275
28699
13953
9944
10395
9048
8119
7235
12168
10769
12032
11324
393
9030
9548
10001
23527
9848
10181
11011
9119
7335
9306
30653
20661
9209
10626
11136
40600
7847
10310
21163
9018
16234
9278
9458
46993
29932
11562
9445
9240
389
9108
9306
9110
24082
14966
10872
9745
20078
7470
9430
15997
13935
9038
13358
8137
9068
10021
13572
8705
11250
9341
25445
8704
8652
9664
5
100
12396
8066
9304
9033
32104
8135
17727
10464
9675
48541
16285
11355
18479
9784
9248
31938
9520
10135
7235
11219
6962
15605
12298
9136
10475
8704
8652
9018
25306
33173
25655
9180
22301
23191
9430
9390
10368
27663
9169
11367
18708
11630
9790
11570
10950
9044
9220
8364
8137
9430
29457
23157
9052
9085
9869
8030
7489
8104
10439
8143
11704
9742
10709
20564
8
12199
7187
18032
9563
20056
36243
12039
32984
27895
8446
8750
9023
22004
9524
7799
8091
9707
425
13986
34259
9255
10201
9640
8056
8711
11746
6932
12743
44886
8148
26249
7669
22628
9351
25945
42067
9278
9458
9664
9581
3
100
40684
29930
10107
8066
9279
10453
37005
9207
10805
26616
15910
7530
22137
7397
6958
11357
23879
9279
24322
17760
9304
9033
9074
7777
13449
8137
12313
9685
9337
32239
9131
9135
13872
389
8
9563
11768
12199
7187
18032
9194
33625
9374
38126
7644
11639
15460
382
9802
47341
9073
473
10596
11025
9143
10959
380
9974
11927
10087
15405
15118
11346
11639
8159
7483
9976
14249
9191
10179
26203
16364
24868
8711
12444
9247
12085
16839
12629
9331
12202
8286
11139
9062
12548
10139
9088
7847
10616
7235
15736
9130
26822
8361
399
9100
8007
11121
9595
9398
9085
8213
394
5
100
29306
8608
17707
31898
6958
16718
14386
12199
7187
18032
9563
20056
29740
17792
7877
8750
9023
10293
7250
6889
9018
18554
10747
10141
32320
35444
6824
10107
9124
9213
8146
7623
37921
9172
7859
6903
9179
12178
30196
11546
26912
12671
6962
13230
9140
16381
9605
50663
9422
9882
11328
9021
10893
9418
11181
34072
36988
16727
9036
9882
15591
10925
9038
9029
8340
6824
10872
42842
22004
16069
11120
9512
49806
46348
13889
20166
14422
16627
7335
11570
8168
9094
10221
14453
6905
9052
12671
17217
12935
9304
9033
12224
10730
9030
35533
20738
49119
23736
8704
8652
9456
16276
26078
8286
7470
3
100
10195
11639
9945
9140
9945
11967
8146
13254
7253
9243
10094
26421
387
11746
6932
8031
7644
11639
20969
8137
9430
9188
12039
9136
10903
15822
9150
9771
25421
9788
10541
9508
25495
10040
35463
11025
9090
9182
17295
9085
8213
8104
11177
8148
9290
23833
9511
12634
7235
20299
8159
10146
8022
9167
9026
16350
15205
10488
7249
20192
11402
10137
9641
10346
10250
9048
8704
8652
11746
19475
30601
26180
12199
7187
18032
17105
9194
33625
9364
9555
10399
13431
12141
9214
8267
10480
14368
9154
9422
25037
16637
11601
7198
12115
15405
10828
14803
12397
9094
7109
20989
6958
12036
3
100
15658
36877
9922
45759
9207
9929
9548
17218
12662
9019
15966
16863
7335
9640
25495
10040
9052
16858
8187
10155
20026
16537
9023
16362
41201
8756
36238
9480
12492
28585
16089
10776
10678
7249
9341
23034
23946
9325
9214
8267
10480
19378
7253
32239
9131
9149
9018
18554
10474
8705
9169
11652
9432
20081
9462
12356
16773
26049
8
9426
24622
10081
6953
10562
8033
10621
11391
18685
9070
13202
9304
11746
8068
11506
13875
6889
9029
25148
8143
31667
8148
15723
16192
12577
13196
28416
9285
9379
9267
10396
16061
17414
13414
9685
9178
47637
10869
9359
27261
11622
9224
16034
45717
6
100
9456
7281
29448
10607
8552
12592
8137
9430
13895
16061
14199
9034
9457
9535
11365
12395
31638
12791
9140
9127
8031
10026
9753
34409
46548
8146
7623
37921
12199
7187
18032
9563
9741
20717
9041
9464
10040
9877
9286
14056
38066
13463
16395
9606
18516
21188
10122
10293
7250
6889
9331
9018
25306
33173
25655
9180
9246
9085
9869
8030
10378
13659
11927
12175
45240
10250
8718
18174
12298
9177
11570
8168
9094
31731
9064
17698
15997
10688
11213
9939
13230
8705
22103
7235
14306
8704
8652
9018
25306
33173
38285
14472
13805
9168
9172
7281
7428
7659
681
13572
9039
41752
10825
9535
14242
17452
5
100
9138
7415
21699
11342
9945
9140
10146
8022
9378
10177
383
8649
8671
12111
17334
7627
9204
12199
7187
18032
10405
7249
9747
14465
11313
17164
739
8715
387
48060
8263
9030
12806
36129
20600
13600
6903
9129
7492
11904
10395
9276
10779
11696
20269
9194
17370
382
9033
14372
12104
9307
9558
39318
11823
9039
11341
27690
18116
9185
22683
8030
7489
8104
15778
9794
11567
14709
9825
9676
10960
8
9563
11380
8263
23913
30601
26098
9303
7888
32030
9148
9324
19844
8618
7756
9046
11648
10149
17333
11377
44376
9029
7981
7791
23576
8135
12199
17347
21734
9045
49036
9130
38918
13483
5
100
12203
9238
9836
21174
22828
9030
35533
15591
20659
9466
9418
14472
10151
9168
40352
9319
21228
8084
10665
9194
8563
25483
41971
21174
12141
16727
9036
9882
13230
30596
10293
9119
7335
11170
7607
10547
15247
15223
9224
16311
7416
24740
26006
16718
37784
30748
9025
9080
9194
30898
7607
8703
10887
20893
6918
15436
398
8105
395
8149
11323
31547
47708
10001
8705
9182
14031
20616
11373
6903
11181
11585
8135
9426
30320
10026
13305
12092
46483
9982
43804
389
29141
16500
445
10689
16799
37652
463
453
444
11924
439
43832
9662
12442
9498
739
9155
20616
37271
26059
9426
30320
10026
3
100
21308
9945
9597
9276
11725
9119
7335
9172
7546
7501
31898
6958
681
11683
9666
11545
43213
11037
9983
8135
9736
50231
9346
8745
10083
389
8
12199
7187
18032
9563
19367
13386
9605
9255
10672
9036
31354
9023
22004
9524
7799
7586
12655
13201
23264
9667
9640
8084
9379
9676
13358
10247
12583
9668
9658
9518
12371
20164
26973
13525
7597
16372
10869
9774
10936
10113
9242
9556
16210
21438
6947
6824
13088
8022
11042
14089
9498
9362
10655
10512
9200
9609
9131
7788
9505
34243
9559
9069
13737
12160
17302
21752
9730
18046
35145
10578
9347
12472
9355
18101
9033
9280
4
100
32336
11486
38424
10416
9140
9279
10453
37005
9207
10805
26616
15910
7530
22137
7397
8705
9249
9595
9412
9148
39139
36737
9390
9130
9869
27663
14469
11881
8711
14204
12283
12605
9695
6872
9016
9447
11599
16911
15868
10461
10890
11183
387
10082
28868
9030
30718
27299
21430
38885
20018
9033
9280
11312
11011
26616
15966
16863
7335
9640
8056
26829
9172
9635
13052
10857
20730
13439
29817
9279
29423
9422
9882
13929
10822
9307
9558
9430
10533
13368
10570
38930
15730
12458
8146
9947
20866
7253
32239
9131
9149
9018
21939
10363
7756
13020
43623
6963
38384
9108
9640
8263
7058
8711
4
100
10464
10043
35723
17305
9023
9194
8265
7894
10452
26248
13047
13023
9036
19303
13525
11084
10063
12905
8146
10838
47819
22939
9337
9025
9080
24119
7799
10541
9024
10178
9277
10137
9278
9650
9031
9320
7080
39396
16773
26049
8
9563
11380
8263
7627
20917
30595
13759
10233
10070
26098
13363
9212
7849
7892
10896
8022
9167
9877
9067
16845
9264
10920
23559
8704
26475
8739
9034
9300
8066
7198
10414
13305
34667
10672
16330
8213
9748
32464
11479
9448
9524
17680
9026
12905
7756
6903
35727
8135
47569
14465
7597
10150
45240
23576
10580
11536
9212
14691
27286
7126
11657
9552
15030
5
100
10195
13299
9422
11384
11741
6903
14319
387
9925
8756
11011
9276
27700
9115
43566
46548
8146
7623
47257
9430
9164
9908
20038
14398
9830
9807
20038
14398
14832
9140
11881
9030
10210
9935
10822
8137
11693
9039
40097
37792
17033
8022
14461
13309
9463
26421
387
9164
9631
9698
9492
11420
29831
38052
33253
12137
12028
8143
9099
25126
22711
10148
9048
8704
8652
9018
18554
9696
27234
20316
42608
8125
8265
29448
7122
7478
29193
9194
7293
16006
30475
46826
13047
16936
9277
24960
11493
13517
23411
10046
9048
8263
7058
8711
14860
14200
9130
8007
398
9869
8030
7489
10825
37075
8135
4
10
17339
21071
9347
9154
5
10
9450
11088
9480
20244
8098
5
10
25768
9304
9277
17969
33101
4
10
17339
21071
9347
9154
5
10
9450
11088
9480
20244
8098
5
10
25768
9304
9277
17969
33101
4
10
12396
11486
10584
20503
5
10
9046
7492
19163
12079
10148
4
10
17707
31898
9480
11000
