4
100
17339
21071
9347
9154
10993
14110
11630
8711
7258
7532
9677
6872
10010
30899
8135
34316
8143
9795
9165
9317
10515
16800
9625
9243
29213
7182
7489
17339
13277
9563
9501
10897
12094
9349
7235
9030
10141
8146
9097
8702
14260
11615
8263
33770
39814
9344
9626
14042
9976
9231
6949
8704
34018
9604
8263
6872
6889
10078
7071
8149
9960
11793
10382
18515
9168
9128
9149
9220
8102
8267
14694
10542
37770
9168
15369
426
420
9221
8746
8148
21154
8
12199
7187
18032
26098
9303
7888
32030
389
10914
26446
34345
6919
9893
8525
7244
9172
7991
8525
8031
681
9184
7556
5
100
9450
11088
9480
20244
8098
7235
9304
20166
9025
9029
8146
7623
10647
7162
9194
28175
9063
7144
12951
16727
32800
14453
9180
39735
10741
13216
18545
13230
8705
9025
9080
9450
15152
11328
6903
19534
8497
8255
8074
14631
10661
9030
35533
20738
49119
10293
7253
46548
26421
387
15631
10022
9456
8711
9148
9194
8347
26347
12846
15381
13047
9207
11336
14598
12115
10819
16058
13520
9033
20977
14731
44376
9029
7335
8704
9018
18554
14223
20659
9489
22821
9233
8429
8643
8066
42460
40056
383
15970
50093
401
29139
19059
452
450
17807
389
42208
43832
390
9210
9430
12248
50490
40453
5
100
25768
9304
9277
17969
33101
15148
9430
10464
9917
13310
8137
9054
9272
10135
7235
10488
9156
8146
7623
37921
12199
7187
18032
9148
18423
9168
14147
6826
10293
7250
9248
9390
12283
392
9869
8030
10378
18992
26421
387
22301
23191
13153
8704
9524
8170
7626
9943
410
7162
10063
382
13203
21207
15730
9038
29918
17969
33101
12123
30196
11546
26912
29586
11841
9366
30499
10107
6824
9414
12733
7530
29843
7623
27087
9351
27820
9304
9033
14553
9069
6962
47002
19303
13525
7597
9943
410
7162
10063
8263
7058
8711
9052
10464
9675
33102
12466
9919
38424
8705
9025
9080
13495
33628
4
100
12396
11486
10584
20503
8137
9207
9563
19367
13386
9605
32984
9026
48973
13363
9172
10608
399
10584
8196
681
49253
26815
9640
8056
8711
12063
14363
14558
27241
9426
43957
11725
8705
25012
11106
15910
7530
22137
7399
14422
10488
26617
11803
9717
9065
7495
26973
13525
8146
7623
37921
12199
7187
18032
9148
18423
9168
14147
6826
10293
7250
9248
9390
18968
8135
12283
398
9869
8030
25307
11675
8042
11506
9167
11898
9638
46369
9513
22301
23191
9430
10040
10584
8628
9224
21043
11042
15695
9025
9416
26421
9456
26829
11439
9697
6835
8747
648
7597
8337
8093
387
9059
7886
5
100
9046
7492
19163
12079
10148
11205
9399
9093
7111
8146
9909
6947
7399
7220
9730
7767
12079
13045
13797
27972
9105
8297
8263
16022
9266
8420
11260
7965
7556
50220
21630
11941
6958
9034
8024
10074
9366
26142
9098
7258
8017
11992
9463
19561
7788
13570
22126
9052
12079
10627
21681
20244
20809
9304
9022
9592
32409
21308
7235
10307
9885
13358
10247
9017
25854
9844
9167
11532
15491
11357
23879
18354
11087
9564
14981
16262
10635
10688
11213
9028
9368
13815
9119
26421
7055
10869
9359
9522
11530
50463
9064
8296
10061
9149
32104
9185
11194
8137
22717
10574
29842
9029
11686
40210
9278
4
100
17707
31898
9480
11000
7235
9580
9025
9029
8146
7623
37921
12199
7187
18032
9148
15179
9168
14147
6826
10293
7250
9248
9390
12283
392
9869
8030
10378
18992
20496
10808
9592
11181
10626
9939
9855
44011
10676
10824
9512
13572
8704
16061
14199
9034
7983
34774
8146
8100
7242
9399
34409
46548
26421
387
22301
23191
9430
13895
16061
6953
9044
14150
12621
14575
9717
11282
7253
9182
10393
9016
8
9563
11768
14472
15815
26098
9501
7888
16125
28263
35263
34716
18902
9172
15118
45349
9647
8170
7777
10109
7297
9925
10250
8765
13439
10686
12356
16726
16863
16623
11149
34197
10539
5
100
9242
9379
11693
21308
18614
9140
41824
19095
9207
9172
8814
7485
8441
8688
13439
38018
8146
7623
23766
7485
8441
14386
12199
7187
18032
9148
9536
9271
10087
9168
9130
7597
396
8149
11373
9021
13617
12652
22186
10775
33778
10883
9036
8756
7478
9043
11121
32800
8704
8756
7478
33167
22301
16718
43993
9279
9094
15223
9224
27971
9756
9140
17682
16101
18969
8705
9025
9080
9882
15591
37474
46548
26421
387
10464
9675
9304
9033
11328
9600
9172
19062
7575
8263
8450
11987
22123
30898
45750
12582
681
9284
49714
51125
7335
22418
13230
8745
11328
9600
44165
8104
18439
15381
11987
4
100
39982
9421
9480
30653
7235
9029
8146
7623
37921
9172
8719
7653
7055
7144
9117
50288
13439
19393
14472
10449
32688
40352
9319
21228
8084
10665
32800
20496
10808
9592
11181
15096
7162
9220
8364
8137
9430
9390
10368
49009
12921
7622
7877
14527
7119
42460
9032
8688
8608
8469
387
20237
17047
6932
9276
9264
8194
8705
9182
10393
9016
8
12199
7187
18032
9563
20056
9077
14398
739
7432
7220
31569
9023
13363
9194
8196
399
8765
9767
7426
7659
20125
10661
382
9180
25059
8022
9167
9882
9417
13202
6824
10157
14465
8263
7058
8711
10151
9426
9830
32209
21073
7426
5
100
13914
11252
45893
739
8613
8137
9666
7281
7483
9361
8146
7623
9052
9863
9290
11630
9685
9337
15092
8366
13079
9460
11252
45893
739
8613
9021
34108
7656
33755
7220
10078
7514
8185
10635
45382
10137
9278
9650
9031
9144
10010
15437
8194
7237
8135
17320
11252
8194
37137
12466
10408
9311
9340
10578
9277
9122
34693
43056
9108
9036
13693
10021
13914
31000
10542
21319
7532
9018
6866
40052
8168
8811
9650
9679
11848
10078
8092
7791
9293
11064
9080
9300
10115
9078
18267
12201
31000
9033
9280
10166
11968
14553
11732
9539
7478
6960
10351
31416
47533
12442
9069
31204
13675
6947
5
100
10195
9912
9930
8610
18205
387
9912
9133
46122
12537
9030
9311
9340
13579
9430
12350
20793
7399
11414
17550
9348
9277
10137
14441
9648
9034
13417
7407
8428
6903
9376
33820
7627
9276
18736
20391
9685
9178
7489
7992
15632
9124
9912
8704
9249
8024
14222
8022
21441
9566
9025
9029
7335
25106
19295
9301
11806
22423
10108
12204
22452
10912
16374
8705
9788
10960
8
9426
14450
46715
12199
7187
31342
35853
29550
36459
9102
7109
9239
10808
9518
9349
44344
11139
11927
10087
16863
19766
8148
17073
8135
9595
9398
10449
9148
9456
8711
10093
9168
11341
12957
10747
9109
14898
7877
3
100
37979
21290
17676
9140
9022
16711
11446
9307
9558
9430
15223
9224
47048
7793
9615
14355
25679
9207
22301
23191
13153
9062
8146
7623
37921
14472
10449
13042
9148
16308
9168
14147
6826
9563
9741
8023
17698
10686
9156
8719
9908
20038
30320
9136
9939
13230
8705
9025
9080
9194
20893
8215
382
20038
12380
9136
9939
36349
24177
7847
10517
9277
9194
33379
8215
382
9030
12803
16727
32800
26421
387
13230
42347
9249
25970
9745
12582
6903
9211
10471
15918
31747
28070
9038
9882
27175
9337
9025
9029
7335
10107
9525
9180
11132
9676
22386
10888
8022
9167
11532
13769
11178
3
100
9689
10239
34949
377
7426
17669
9156
8146
9582
10239
20399
8135
10875
13368
9548
34991
9278
9650
9561
9044
13321
18795
7374
9022
15843
9863
9598
9466
24185
7080
8022
9167
22063
9169
9627
23753
10826
8256
387
15378
15366
21383
11649
20771
9209
42361
9161
9022
11799
10501
8705
9025
9029
21319
9433
15709
12487
8159
9277
9362
19409
14934
6903
41873
9378
9257
43056
26513
13768
13997
16286
9311
13903
9675
21289
11188
9355
11993
10014
9685
9178
30903
29852
31994
13611
26133
13889
11008
18566
8263
9443
35453
10743
9322
12080
15470
9351
10413
10671
34381
9205
7991
12209
5
100
9961
10840
8066
9022
9533
12562
9167
14240
25571
10826
8146
7623
11204
9180
9194
14066
7119
33893
22634
382
9034
6890
10840
8066
9304
24912
15523
33571
46023
8137
45346
46548
19011
8135
14472
18032
21734
9247
7888
32030
9148
42411
9592
12477
35844
32984
9026
48973
24733
10640
10595
15969
23760
10470
388
10355
9100
9585
31836
29704
39382
11862
12199
7187
16583
24442
23649
8765
9331
14174
9390
9253
26752
12508
47379
10686
9062
8263
7058
8711
9052
44541
9324
7791
8093
6903
30265
17472
9899
7799
9894
9696
8033
10560
9456
26829
44541
9358
6855
28420
12096
46794
29689
9235
8745
6
100
12224
10730
8137
11693
31656
15381
9284
15591
37474
46548
8146
7623
37921
14472
10151
9168
40352
9319
25483
26098
9501
49036
21734
9143
38916
10293
11169
11181
11585
8135
9018
7521
13015
449
456
442
5
446
9574
23495
11060
389
34192
9560
12442
9508
8159
14261
9089
33369
739
15970
50093
401
29139
43804
389
451
10567
10227
441
37531
439
31778
9585
417
426
7162
22301
23191
9430
12298
9136
11196
426
8143
23990
25761
47590
9939
13230
8705
9025
9080
14422
10488
10682
10148
9048
26421
387
11196
426
6824
23411
9882
12352
21580
11420
36419
12668
43689
42083
16888
9025
10517
5
100
9279
9308
9529
9631
44039
8137
12818
7530
16930
12090
9676
13358
26973
13525
8704
8652
9018
18554
14631
7252
16930
7185
34686
14472
10449
9148
10033
9168
26113
26078
7958
387
9390
9130
11687
10219
9279
9094
36777
11361
9140
16761
10412
9753
51078
9056
7559
10676
17938
9030
9063
7144
11101
11604
8423
46548
20050
11862
12634
7235
18323
9308
6900
8724
31384
22112
29955
9134
15402
8143
25226
9439
11282
9307
14671
7660
10041
9167
11446
12003
6903
10107
18735
13941
8711
32256
10148
11692
8
9563
11380
8263
7627
20917
30595
13759
10079
12691
8618
7756
9324
7801
8127
9667
18107
5
100
29060
6903
10195
39310
9642
7235
9826
8711
29060
8022
16210
9080
10967
9261
27709
8705
9243
10094
26421
387
10869
30765
7281
8148
9172
8626
7812
39310
12178
36330
8704
10395
10852
14346
50073
8146
7623
40648
8135
12199
7187
30547
8428
9331
9246
19328
12957
35371
10824
10776
19231
12605
29019
9790
9490
12696
16364
9215
8265
9262
9030
9458
14133
23853
9029
7335
22418
9018
18554
14223
20659
9489
21666
9177
9432
11336
14652
8143
34588
10554
9922
13645
9689
14253
9021
44188
14465
680
8450
36096
681
9180
29132
6824
9939
36349
9882
10607
8552
8137
13154
9033
9199
13366
14435
5
100
10428
12191
31406
10464
16757
9185
10464
9063
9136
7470
10148
19926
9260
17996
20661
18818
10107
6824
9826
9512
11181
11585
8135
14472
13805
9168
9018
7521
13015
449
456
442
5
446
9574
23495
11060
389
441
11308
9560
12442
9508
8159
14261
27146
9426
14450
14012
13919
41591
9023
10190
15225
6963
8220
8774
11194
40798
10258
21056
10201
10063
8056
8711
9052
9741
20717
10559
7426
10407
11290
25854
33769
9773
9566
6889
9080
11841
28341
10040
40137
9207
11350
9038
19686
8704
21630
9422
9882
15591
11630
8718
19303
28296
9016
8
12199
7187
18032
9563
19367
13386
9605
32984
6
100
22159
9376
12543
9422
13676
7627
9030
9882
11532
13769
9025
9029
7335
8704
18101
6918
16428
14472
10449
9148
10033
9168
40352
9319
25483
26098
9303
49036
42411
9592
9390
9130
11687
10219
10293
11169
11181
11585
8135
9018
7521
13015
449
456
442
5
446
9574
23495
11060
389
441
11308
9560
12442
9508
8159
14261
9089
33369
739
15970
50093
401
29139
43804
389
451
447
463
453
448
459
26719
43832
9323
9034
10773
391
393
25293
11729
29941
400
11537
384
10167
41446
11337
396
11836
388
9100
11391
9291
9430
9826
19572
8
9563
11768
12199
7187
18032
9194
33625
4
100
41144
38892
17058
10135
7235
9566
9505
8263
7058
8711
9052
9172
7982
8068
13409
10252
23279
16718
8643
8148
12178
10293
9980
9463
8146
7623
37921
12199
7187
18032
9563
40657
15062
6900
11121
13363
9172
15118
10779
15866
33838
23620
19101
9456
16276
9873
10636
7470
28793
8056
26829
9741
20717
10559
7426
10407
22821
9086
10996
40247
7532
14743
21361
20496
25324
9246
14753
26265
47372
12423
9938
11570
8168
9094
10779
14417
7824
9180
9390
9130
9869
8030
11243
35439
17389
9062
8704
6835
16841
45240
9640
8467
20717
9041
6824
12742
8756
12495
16301
47415
30093
25621
9207
22301
4
100
19534
18995
10259
20757
9185
11204
9276
9430
15223
9224
28250
19849
26006
9199
11447
9048
30320
9136
10854
17151
13797
12313
8711
19930
11536
19466
10727
6905
17271
8146
23029
8267
9025
10517
9277
9280
20981
10447
9029
7335
8704
15223
8143
9308
33379
8022
9167
11446
12003
9140
30465
14755
9038
9882
9553
13230
22103
10312
8137
9207
9194
8345
7965
9932
47048
20347
382
15591
16390
9905
9558
11693
10192
26614
13744
6903
16103
387
13786
10339
11328
13010
44376
9029
8263
7058
8711
9052
11528
9635
9044
35444
9023
9390
9130
11687
10219
10364
9326
10378
23598
9513
9020
7597
4
100
12846
9127
10640
30653
7235
9029
7335
8704
9172
15118
7198
18268
14026
34856
7648
9764
16575
12171
19073
22056
18544
11420
10040
10281
20467
18356
13796
20607
9418
9563
9573
7442
11098
9304
9033
9882
11328
6903
30015
12498
10001
8711
15365
9094
9523
11401
13902
9626
21647
10960
8
12199
7187
18032
26098
9501
7888
32030
389
10914
26446
34345
6919
9893
8525
7244
9772
47670
12311
27691
23806
10807
9707
383
11995
384
22718
12604
9368
13647
22976
21489
41535
7470
12814
17664
408
16372
10063
7965
22507
10070
17339
34801
9328
11492
9293
14248
41359
9414
12733
7530
29843
7623
4
100
9293
10259
42568
16195
9140
12224
10730
9030
9882
23205
10458
7253
9243
10094
26421
387
10869
9359
42568
8429
7521
14965
26462
12647
27027
387
26201
26026
7889
16641
33726
7426
26184
25098
36309
44978
8705
9025
9080
10395
7235
44188
7249
14133
23853
9029
8146
38052
12199
7187
10040
23407
20659
8148
9172
7293
16006
23765
681
22038
9304
9209
10626
11136
22711
9025
10517
9036
12425
13366
680
8240
14026
20155
20340
23041
7252
16893
32340
10180
15003
35416
22328
22353
10090
11262
12662
9418
9172
8240
12446
9249
12743
9253
14814
9192
7824
9168
10601
15225
7335
8704
11336
48012
5
100
20237
9036
10623
10043
31938
7426
10490
20166
9025
9080
11153
9048
26421
387
9194
8467
20717
10559
13906
11931
10890
17920
7258
9368
12313
9448
40247
7532
9077
10787
13941
10122
9947
9882
9553
12543
24177
9025
10541
33757
8704
8652
9741
20717
9041
8143
16487
10407
22821
32104
8146
21367
9033
50038
739
7432
7220
32947
13793
14472
13805
9168
10141
39119
9023
9194
8467
20717
9041
382
13744
6903
9127
8031
7847
8421
9701
10007
9422
16718
8643
9950
10293
9119
8092
7791
13669
9094
16026
424
23655
9230
8439
8137
9430
12298
9136
9109
10986
15128
9093
11625
9526
25523
12556
5
100
18967
9451
9480
32739
11000
7235
9029
8146
7312
9148
9194
8237
13486
32739
11000
15800
18371
6947
7399
7220
9018
6866
19588
12867
7991
406
376
10604
8146
6857
7426
9393
16213
20185
739
7569
6824
32361
11334
17461
382
8237
8139
12951
10137
10353
10185
9193
9155
10909
10829
15159
8135
37024
9554
25689
9194
36616
9179
23358
43056
9022
29914
24548
9409
11419
389
9455
10909
10829
15159
8135
9306
13679
9745
14226
16797
8239
9025
9080
9257
19561
7788
14909
9068
24736
11146
11132
10325
9548
9290
9054
9887
13972
9178
21319
7172
20298
10152
16709
13090
11286
20192
11402
21163
6
100
13919
13883
8518
8143
20244
8098
7235
9304
20166
9025
9029
8146
7623
37921
14472
13805
9168
10141
9628
9215
10996
22821
32104
7545
9023
10408
10293
11169
11570
10950
9044
13883
8518
8137
13572
8704
44493
9220
8364
8137
9430
9390
10368
49009
12921
7622
7877
14527
32936
9264
9715
9016
8
9426
24622
10081
6953
9379
9081
17267
16839
31411
10355
380
40172
15464
9062
8263
7058
8711
10449
6903
17974
9604
9456
9359
13265
13079
9017
25148
11746
22519
19475
30601
9040
7424
23216
20759
9018
9239
12891
17436
10399
13431
9842
9941
14656
11927
16863
7981
7788
12199
7187
9285
8570
8117
4
100
9939
9855
18007
8676
9261
10647
8711
20503
6842
9717
9580
21695
20607
9029
7335
8704
9172
15118
16904
8676
10238
12446
9249
12199
16846
10728
11181
15213
10023
23410
9510
9974
9938
9447
18007
13292
8022
9167
11898
7235
36969
387
23193
8160
11250
9102
9283
10728
32269
13556
29057
8056
16276
26078
8286
7470
15918
9563
16904
8676
10238
8135
14472
10151
17347
9148
19468
9168
14147
6826
15852
7071
26767
10686
9156
8146
7623
39848
9052
10040
19760
10892
22024
10378
36349
9882
45046
20760
20659
9466
9418
9447
22301
10647
11149
9426
9824
11048
6903
10384
11074
8137
36330
10436
5
100
9689
18101
7627
12035
9154
10993
14110
11630
9685
9178
7514
8185
18101
10362
36367
7258
7532
13676
11783
11082
9156
8146
7312
9929
11761
8066
16590
8135
10615
10443
25294
28869
11947
12347
11864
9034
23482
13233
25791
30857
28869
11947
28102
16878
36772
9280
21612
36045
14481
7692
9023
9128
36584
25882
34367
11131
34616
25698
28493
49969
49930
26884
19970
9568
37653
9376
16538
12726
45631
31441
9133
9427
44603
26173
10826
397
389
34152
17930
7260
42600
44579
7788
9784
9766
32524
34152
16637
9395
11734
9304
31369
10586
22336
20594
8238
9016
8
9426
14450
46715
12199
7187
18032
9148
3
100
9279
11204
20503
8137
9207
31342
14981
10508
9720
9773
10061
9149
11204
9464
14860
7235
21367
8704
9243
14759
11675
14450
46715
12199
7187
16021
17073
11250
9102
7109
9239
10808
9518
9349
44344
41910
35684
400
15387
7489
398
8361
9883
9437
11927
10087
16863
8160
22869
9018
9513
31258
395
12575
7489
396
8361
10378
22564
9586
9243
30112
14465
9489
9034
9268
399
10895
42271
7536
384
12618
9041
10179
380
28311
27035
9017
8078
20412
36459
9278
9564
35853
15452
9522
383
12979
12081
12234
9360
12879
12085
18685
9470
9551
13334
8135
9426
11194
8146
9458
14133
5
100
9632
9238
10259
14005
8518
8137
22717
9362
9655
15500
23941
8518
8143
20244
8098
7235
10330
14005
8446
9136
9278
22600
34432
6947
7399
7220
14005
8446
6824
15465
9207
9929
9199
10021
9230
7119
7652
17203
9455
9230
7119
7652
7281
389
9018
6866
15570
9650
9439
9181
9399
9267
8705
9063
8117
10433
10586
9597
11692
8
9426
14450
46715
12199
7187
18032
9148
15179
9168
9522
17852
383
1409
997
9662
13363
9194
8196
399
8335
9457
8704
7767
10661
15252
23598
9036
12340
21228
9085
9365
11194
10258
9804
8159
9140
12383
9030
22024
9883
11684
11975
16575
9824
9605
4
100
16947
9664
8662
29930
9017
8146
7623
21835
11943
9664
8662
10997
8022
9167
21127
14805
11381
8711
11336
9664
27439
7485
8137
9430
14223
20659
9489
11107
12298
9136
10903
42083
16888
9025
9080
9689
50059
13796
40506
46548
7478
27439
7485
8143
9249
17057
9133
36419
15605
42431
7478
10546
9939
11493
8705
9025
9341
13456
32851
9773
9566
9075
9882
24950
31041
7847
9029
7335
8704
11969
10950
9044
9929
9548
18346
29546
9033
11000
7235
9580
9243
45487
7432
7220
15151
9804
9599
9640
17371
9224
13902
9626
24934
9422
18323
10805
6903
9304
739
7432
44773
21666
20397
10416
7
100
10607
8066
9304
9033
20651
9063
9136
7470
10148
9048
8704
8652
9456
16276
9191
8765
8286
7470
15918
9172
7859
7825
10868
8196
12480
10141
32320
35444
9023
11181
11585
8137
9700
12671
17217
12935
9304
9033
11328
9021
12199
7187
18032
9148
9536
9271
16989
9168
14147
6826
9563
40657
15062
6900
11121
24733
8146
7623
9961
10260
15223
9224
12582
6903
27807
16637
9882
45046
17068
20659
9639
49806
46348
13889
28754
8159
10488
7250
9016
8
9426
14450
46715
14472
10151
392
8149
9148
10189
10802
13015
8105
15885
9036
7187
9226
9522
17852
383
1409
997
384
9030
13497
7965
9628
17499
3
100
9689
14320
17345
12141
16727
9036
20005
9839
10686
9062
8146
7623
37921
12199
7187
18032
9148
18423
9168
14147
6826
9563
16858
7244
9741
8023
17698
10293
7250
9101
9194
29179
7426
22717
14320
13047
16727
9882
15111
24609
9675
9544
11087
11181
8711
9356
7367
43363
9876
19132
12175
45240
25079
10876
9804
9599
10063
8056
26829
10040
12743
14326
16701
13933
10100
16666
9033
9030
9689
9095
10181
11630
9038
9019
12733
7530
29843
7623
23191
9430
9366
14208
14320
8022
9167
11532
10312
9307
14323
9325
18323
9308
6900
8724
11101
13214
31511
50375
9135
13872
8
9426
24622
4
100
10195
9437
8143
12003
8135
17727
10195
9966
21432
8022
9167
12948
10912
18614
8705
9025
9080
9689
10997
9136
28952
20659
9466
9029
8146
7623
9084
12053
9177
9172
28903
11325
10146
12980
7445
7812
681
12179
37331
8711
36781
18295
9140
9945
11967
11987
34789
6900
8263
7166
13703
415
384
11217
8143
15781
10083
681
9915
9389
7249
9341
9444
9401
14112
9377
9312
9505
26421
387
31272
40410
9214
11657
9125
11100
9772
45640
33503
12942
8137
20139
9115
21370
11262
24767
7335
22418
26463
9939
9745
20078
7470
9430
30458
8467
12819
34301
19310
9700
14319
12368
9788
9418
5
100
9293
10259
40367
9088
7812
387
9050
16295
10349
7372
40175
14564
10083
9030
9882
11328
9021
10893
9029
8146
7623
37921
14472
10151
14147
9148
16852
9168
13042
6826
9563
16858
7244
9741
8023
17698
10686
9156
11675
14450
14012
9804
9599
10063
8056
8711
9052
11290
25854
6842
9261
11684
9036
9882
15591
11630
8718
12733
7530
29843
7623
23191
9430
10040
12079
8014
11954
10903
26304
11177
10017
11194
13796
40506
9025
9080
16879
45946
9032
9913
19303
28296
9016
8
9426
24622
10081
6953
9379
9081
17267
16839
31411
10355
380
40172
15464
9062
8704
11554
19138
12199
7187
18032
11746
5
100
9138
7415
13409
10043
46027
9185
46027
9030
20456
12090
22425
9038
36775
12834
11488
9109
10986
7470
15128
9685
9178
7889
7992
26059
10063
8467
20717
10559
12516
7648
9182
12294
11357
9179
9226
31448
17031
16298
9526
13896
10163
9032
8425
8046
8189
25621
9276
9684
8756
9512
10195
8117
11103
18736
22733
9036
19303
35763
9062
8704
8652
9376
40152
6945
22822
8146
10190
7253
9249
9992
38052
10236
11957
8153
40049
6824
11105
9405
9523
7673
17262
9025
10960
8
9563
11768
12199
7187
18032
9148
9018
9271
16989
9168
15852
7071
47341
38126
11533
21760
7252
9194
33625
9374
7235
3
100
10464
22973
15381
13230
11570
7235
10293
9119
7335
8704
9172
417
426
381
413
15514
28668
681
9180
11196
408
12905
11622
9235
30911
9140
10464
9261
11684
11196
408
12905
8429
12111
9553
19011
6903
33461
7840
7470
24177
9025
9080
30015
12498
37474
46548
8146
8078
9325
9882
38204
9136
10488
7249
9341
12298
9177
10769
9544
45803
29080
15148
36661
7847
9846
29124
26421
387
22301
23191
9430
26945
11204
8135
14472
10449
10087
22147
8187
7194
11197
7788
8599
8750
9023
19864
9172
22613
9707
12778
10068
10435
11650
10929
10421
11370
29839
10227
13799
9815
459
10473
4
100
9215
12372
44163
10135
7235
9304
10488
9156
8146
7623
37921
14472
15815
26098
9501
7888
32030
9148
21734
9143
38916
10293
11169
11181
11585
8135
9018
7521
13015
449
456
442
5
446
20449
43618
389
441
11308
9560
12442
9508
8159
14261
9089
33369
739
7432
7220
31569
24237
46483
9982
43804
389
450
13650
458
9792
446
13650
10630
440
10567
9574
9662
15695
9025
10960
8
12199
7187
18032
9563
19367
13386
9605
32984
9026
48973
13363
9172
10608
399
9457
25672
8196
681
49253
26815
9524
7799
8771
13899
24385
9672
9391
9463
27914
9640
12407
38123
18636
31422
4
100
19306
17339
9059
6967
8137
9277
10599
9677
6872
9017
8146
7623
9046
7492
9325
20403
9458
9829
9021
11615
8263
33770
9195
7109
13001
6903
32786
9960
6872
13083
11342
22866
12509
12097
8236
12450
47002
9016
8
12199
7187
18032
9563
19367
13386
9605
32984
9026
48973
13363
9172
10608
399
9457
25672
8196
681
49253
26815
9524
7799
8771
13899
24385
9672
9391
9463
27914
9640
12407
38123
18636
31422
9362
12220
11692
9250
9022
30460
9426
13134
16667
7252
9199
9320
15910
7530
22137
7399
13983
8143
26681
9080
10137
10021
9351
26018
13525
7597
38384
9604
9640
11675
8022
6
100
9046
7492
10016
7399
8420
11630
7426
50517
8704
9063
7060
9551
6947
7399
7220
14819
14705
9094
11749
10472
8146
7623
17915
12199
8236
9518
20403
9267
18938
6889
9029
8263
7058
8711
9239
10808
6903
32786
22659
31087
7055
9829
8037
8600
18336
10396
8265
20786
22620
19434
12412
9456
11170
10281
13277
8135
10196
392
8149
9148
10189
10802
13015
398
8105
10521
31547
10113
9278
9312
12306
9243
14759
8393
8185
13001
7235
9195
7109
9518
9045
11096
23030
11259
11177
9048
11686
9018
18554
16252
26441
28492
9182
9283
10728
21187
10127
8056
30898
9052
9447
9110
16686
10870
32431
9341
5
100
49166
9077
13501
15730
22828
375
8146
8196
9168
17582
40552
13368
13651
19313
9022
10809
18315
9077
13501
15730
9744
9399
9552
17885
18484
10972
9782
9018
18814
9325
387
9094
23236
9167
19520
9548
9290
9754
11213
13358
9017
6947
41481
9063
9745
13997
20034
12399
9043
9639
24692
14223
9277
11334
9313
12532
22507
12517
9080
9088
10283
45937
9341
9194
7762
8143
12565
14986
9554
26280
13047
15003
27539
10310
12089
9394
12102
11993
9430
14757
30514
14870
14089
9213
7071
10413
9052
16899
12964
9306
10829
45307
9029
7055
9134
10166
28569
10526
33606
43056
15378
9919
9134
18607
21381
3
100
37648
9712
12557
25000
7470
39005
9029
8146
9582
12557
25000
6824
9117
7748
22870
7172
26116
11618
10769
44037
10852
16576
17339
10134
10394
6949
9133
15148
17058
10984
12268
9532
10828
9161
10869
9359
16924
36309
9337
9025
9080
13919
8456
8006
10395
9261
14981
10229
9064
8296
10061
9035
8751
8456
11280
9293
9733
30846
13914
9300
10115
9337
9025
9341
44037
7285
13078
14133
23853
9905
14411
27073
7514
8263
9030
10313
13464
10306
41046
10146
8705
11178
9554
23479
42226
9446
7220
12972
10764
9819
7799
32883
9136
37536
44188
9405
9029
34619
10105
20550
8135
12199
7187
4
100
49462
9040
9702
17676
9276
21480
6963
9066
10116
10063
8263
7058
8711
10449
9148
10033
9168
28814
9194
33625
9398
7235
15219
7967
19042
11168
12141
10704
20060
11607
13031
12307
8066
9696
10217
9430
9182
12189
9929
9925
9261
11348
9038
38504
13012
8718
12733
7530
29843
11536
9279
20699
9177
11009
9141
11023
16614
9207
10805
9938
9447
9093
7194
15675
9136
15030
17552
8704
9199
9458
19087
8041
19303
13525
11084
9324
9066
10116
10063
9635
6919
13936
9764
9249
9745
32647
19296
9167
32248
13922
9297
9176
9279
8739
16350
9145
19254
15946
9092
7692
8757
7652
9316
9269
4
100
11019
8168
11252
9154
387
35265
6958
13016
9154
9030
13914
48052
6919
7789
11252
8194
7237
9168
9585
8270
7967
12191
12466
32409
21308
7470
42645
7621
11749
9207
9293
11023
31000
9033
9199
10021
44037
7285
12665
9684
17417
8148
9031
9144
10010
8146
10431
16924
9337
9025
9080
16988
10879
8143
18250
9608
11686
9278
9650
9362
9745
23479
21162
21717
7335
8704
21277
9052
9443
11242
9944
13088
8022
9167
11893
10912
9887
9341
11136
9301
11806
12818
9313
11718
23006
7788
9046
10101
12557
32030
11644
39306
12130
9430
11342
22866
12509
7916
7991
12209
10161
19492
33004
11387
5
100
23706
24101
9065
8084
8707
10809
739
7569
6824
9689
9290
9706
9033
9199
20430
21598
6947
41481
17289
9351
9745
13997
14223
9277
9280
13229
10341
10978
23955
47637
9022
9065
31237
15709
25558
9149
27594
9934
9311
9340
18415
6903
18998
28252
9038
9029
8146
8196
15378
13768
23236
9167
22063
32010
13727
9654
30903
9863
13368
16601
9430
9424
11436
10670
9685
9337
13485
13203
9134
9929
9362
11114
9594
11649
12442
31994
22426
8056
9025
9080
12657
19635
8092
9620
20838
9124
9934
14657
41407
43056
15378
24431
22375
13023
49406
406
9316
45211
12817
8705
13781
9909
7762
8135
16040
4
100
9114
13374
11316
44868
9023
9194
7182
8505
35582
12479
37507
17704
10329
9512
15403
8143
9347
6903
20765
22011
36713
15311
8146
7312
9148
11316
44868
9052
9306
9055
37766
24024
40766
9180
27815
11813
9939
27815
10546
18611
9033
9199
11039
387
10854
18611
8705
9025
9080
31090
8745
16404
8148
11841
10757
6958
11349
24757
9655
14289
18909
9480
23819
9185
13193
11165
10769
10280
13842
7888
13426
21827
9325
25756
7162
36703
7235
9322
13427
7788
10757
9399
10728
45879
10295
11615
47910
9022
19410
9211
9134
14581
14611
9801
14318
9956
10017
9266
9585
6866
9317
9018
31902
17452
3
100
10152
9034
44163
10362
23697
7991
12209
9761
27914
9640
7536
7767
11165
9548
10229
9170
9438
9337
9025
9080
9597
684
9131
9149
9640
7536
10268
9378
9036
15378
9306
10829
13489
17450
9199
9861
8702
26973
13525
8146
7623
20005
8135
9426
14014
9605
9935
10434
9172
8814
7485
8441
8688
681
11328
9021
23029
9654
11675
14014
9605
9935
7185
9804
9599
22137
7584
9366
44163
11783
9807
7249
12158
11059
34418
7487
22321
26760
9019
15910
7530
22137
7399
14208
7162
44163
10362
11693
23766
7485
8137
9430
19959
32739
8022
13229
10341
32239
9383
9135
13872
8
12199
4
100
13914
10856
31898
6958
9030
9882
13230
30596
10293
9119
7335
8704
14175
7060
50562
8148
18153
9052
9172
7859
7825
10868
8765
13439
19393
13467
9168
40352
9319
25483
26098
9501
7888
32030
9148
39548
9592
12671
17217
12935
9304
9033
9172
7859
7825
10868
8765
681
9225
10488
9156
8146
7623
37921
16381
8367
46483
9982
43804
389
444
9821
16043
389
42208
43832
9662
14827
9703
10778
9016
8
9563
11768
12199
7187
18032
9194
33625
9374
7235
11490
24348
11601
11696
10118
12141
15405
15118
12190
30200
10148
17164
12382
9720
9745
12350
10255
26769
11342
20179
9552
10854
12553
3
100
11345
13036
50923
9030
35533
15591
20659
9766
26421
387
9194
12407
37169
31579
11003
10228
8187
12141
12120
9194
8196
399
8765
36178
9457
9605
10539
11918
12489
7889
12187
36253
29412
18931
7759
12224
14453
8765
382
13010
9304
32800
7335
8704
11570
10950
9044
20503
6842
9261
11684
9053
8676
9220
8364
8137
9430
9390
10368
49009
9882
9553
17047
14028
9553
19011
11316
8461
9276
40506
46548
8146
7623
37921
14472
10151
10087
26098
9501
49036
21734
9143
38916
10293
11169
20616
27146
12455
8367
46483
9982
43804
389
10707
439
388
22614
43832
9662
15695
9025
10960
8
7
100
9293
10259
739
8430
8548
8149
22547
7235
11630
9104
9029
8146
7623
9046
7492
9325
739
8430
8548
8149
22547
8022
9167
11532
13769
9025
9080
9194
8430
8548
8149
9664
7685
382
39197
7470
9430
20616
9966
9261
27595
9025
10960
8
9426
14450
46715
12199
7187
18032
9148
9018
9271
16989
9168
9522
17852
383
1409
997
9662
13363
9172
10608
399
35021
9767
11194
32944
8765
15714
11181
8711
9390
9130
8007
397
9869
7489
20552
8143
16103
15263
25739
9217
14147
16863
11675
14450
35140
12412
22301
37406
11687
23598
9522
9117
11084
9177
9432
9247
13307
6841
7756
9017
8704
12340
5
100
29306
8608
35907
7877
10107
8159
9044
9220
8364
8137
9430
9390
10368
49009
12921
7622
7877
14527
32936
9264
8194
8705
9182
10393
9016
8
12199
7187
18032
9563
20056
9077
14398
739
7432
7220
31569
9023
13363
9172
33625
9374
44090
9060
9971
23620
9212
8529
8104
9815
417
9255
10201
9640
8056
26829
9689
9095
11557
9422
9036
19733
10341
32239
9131
7530
50345
16863
8393
8765
10201
30601
11570
9733
9640
8263
7058
8711
9052
33253
9555
8117
10234
9265
7799
10110
27725
8425
8368
9915
25077
21752
9456
26829
9022
10203
9098
9518
30755
9243
15755
15910
9149
22137
7400
6
100
15275
8688
11244
8006
9930
8610
8135
11336
22796
35624
8272
29072
10728
9246
23410
9366
13538
9580
9025
9029
7335
8704
14564
9238
9148
9049
7884
6903
24119
9168
9036
30720
25421
9025
9341
9117
7749
10384
15193
42073
8146
7623
9084
12053
9194
7478
8011
9664
7155
8025
382
9052
15285
12003
9819
7799
10395
8148
9172
7478
8011
9664
7155
8025
681
27726
16255
7249
39713
24139
9090
47246
8614
14830
9080
9199
13366
15439
6841
13909
9121
7610
387
46575
9214
11657
22957
19671
9805
10869
46060
13372
10960
8
9426
22771
16322
35576
418
414
9667
12199
7187
18032
9563
28481
5
100
45045
17077
9480
9018
8191
9322
9029
8146
7623
9046
7492
9325
9563
20508
8022
7791
9194
6856
6958
20531
15800
24733
15118
6908
8168
17349
11285
10201
14472
13805
9168
40352
9319
21228
8084
10665
7489
10001
9156
7335
15852
7071
26767
17077
10234
10741
35533
27087
51125
7182
8139
7187
10087
26098
9501
7888
32030
9148
21734
9143
38916
27766
8361
9296
8570
6918
9497
9180
9194
8196
399
8765
14816
17077
6958
33838
13047
10686
9119
8220
7426
11519
9456
16276
9253
10636
7470
15918
22301
9672
10260
9882
9580
45705
24177
19386
10488
11927
25079
7514
8185
30601
11570
9052
9279
5
100
739
8545
7608
31898
6958
9030
11912
8149
7827
7242
9399
18139
9017
8146
7623
37921
12199
7187
18032
9148
18423
9168
14147
6826
10293
7250
9248
9390
12283
392
9869
8030
10378
18992
26421
9456
26829
9741
20717
10559
7426
10407
10890
17920
7258
9368
12313
9448
40247
7532
14743
9874
14465
7126
8742
8135
30601
11570
9023
9172
8719
7653
7055
7144
11046
10106
6958
681
23191
9430
18142
16061
6953
9034
11658
30718
29955
9134
11282
9062
6963
18268
44209
11380
8765
10201
9640
8467
20717
9041
8143
13941
9021
17451
25991
9080
10380
10951
22112
6886
17126
11968
9185
7487
13229
3
100
18504
39310
9807
9325
13229
10341
9243
9032
9913
19303
13525
8704
8652
9018
18554
44188
9262
38052
12199
7187
18032
9148
10141
9628
24584
14055
10824
9405
10960
8
9426
22771
16322
35576
418
414
9667
9563
27785
6919
31960
7244
19514
26160
9172
8135
8656
10109
23027
9045
15753
681
22976
9300
11557
9536
9271
16989
10293
12356
18423
16863
8146
7623
10474
9169
11652
9390
9143
13760
29402
9017
16870
20800
21619
16349
19852
9740
11603
14917
7426
20390
50295
16349
50242
34197
17405
407
473
19370
408
14917
9191
11995
29402
34197
13634
409
473
11391
411
35550
22801
3
100
9450
13815
15016
40410
8148
9172
7208
7691
8125
681
9733
9018
7187
9359
12557
11025
12423
8159
11250
27768
14207
11511
7798
9217
16863
7335
9306
16756
25946
8006
9460
9172
25832
7621
15316
12637
12131
8146
11372
27129
7621
8143
42460
9803
7890
8185
9488
8429
8052
8564
10330
12199
8236
9043
12579
9444
8159
9025
19231
9170
14469
28780
9045
9657
18410
7182
14420
9536
8137
12120
47694
387
9073
6951
9030
43239
7098
15283
8505
16371
15410
37655
9291
9916
9036
9815
37655
8066
15403
9284
16487
9444
9436
10061
9149
23813
12653
21231
8505
14465
425
417
12513
5
100
9454
8450
9109
8461
32104
7545
9023
10824
9405
9029
8146
7623
37921
12199
7187
18032
9148
9347
7250
9248
9390
12283
399
9869
8030
6841
21666
6824
10107
10560
9018
9513
9246
14753
394
9869
9636
41276
10055
10009
26421
387
29060
9109
8461
8135
10869
10998
10626
9278
9564
14981
22821
32104
24587
7426
49619
9448
9456
8711
20989
6958
10081
9034
7109
19584
12618
14860
16399
23410
9510
9974
9938
9447
15990
7461
13572
18790
10842
12336
11511
7798
9217
12175
45240
25079
7335
8704
11570
10950
9044
12557
11025
12423
8159
9788
30022
9883
22702
7530
10017
14133
26744
6963
7799
5
100
12742
15403
8143
20244
8098
7235
9304
20166
9025
9080
15403
9048
26421
387
9194
7691
44333
7984
7824
8095
15232
12199
7187
18032
44188
9331
27266
8149
20486
35371
29165
30022
7489
9771
14209
9033
9030
9458
14133
23853
9029
8146
7623
9084
8160
9180
11336
16756
37507
8539
8148
739
8251
28140
23228
24102
8066
11451
9256
17642
46354
8137
17781
8704
9199
13366
382
8251
28140
23228
13438
9457
10100
16936
9036
19684
7478
8551
7485
6903
9882
15209
11211
7470
48629
10622
10108
29964
11967
9021
42452
9518
9947
49479
6830
22831
9150
13051
16066
8705
9243
45487
7335
22418
9018
6
100
10464
10043
9049
7281
40766
10939
375
8146
8196
7991
739
7569
6824
9337
9025
9080
10137
9846
9031
9239
7220
389
9585
378
7182
11084
8599
10952
739
378
7182
11084
8539
7824
8570
8758
8042
8
10070
8135
9240
7894
10785
9131
7788
11264
10124
11611
27120
375
7965
7556
50220
9265
7162
17339
9148
17969
9168
14821
7513
44837
14841
9668
8084
468
608
608
375
19561
7235
9050
8425
10134
9784
13083
6972
9677
7208
9329
12002
7605
9036
20106
8022
9138
8337
9174
10104
9465
11630
9104
8155
8017
6919
12002
43056
9226
7889
10852
9564
9359
49067
10119
6826
10820
4
100
16641
10133
8564
7877
12980
7445
7812
8148
9172
7293
8564
7877
13439
42757
9062
8146
38052
12199
8711
10449
9148
9528
28518
7992
12318
412
32525
22234
20303
9045
7767
26534
15851
12349
10008
9017
43103
16537
9804
9599
9640
24665
10592
32525
8143
9477
9720
17754
12577
16858
8187
9401
10133
8564
11001
19400
12028
9124
14807
33253
12137
10259
48201
9947
45579
9337
9025
10541
39417
26973
13525
8704
8652
16858
8187
9436
9216
27232
16641
20790
8066
42037
13870
9432
9456
9081
7492
6995
44188
7253
9182
10393
9016
8
9426
24622
10081
6953
9379
9070
22865
9362
10869
11746
3
100
12122
9647
15697
8137
9430
13895
34934
15982
11420
9689
9095
10181
11630
8711
32256
32239
9383
13525
8704
8652
9018
18554
41286
12079
9908
34197
39516
48499
7235
11194
10258
17139
13613
8022
9786
11852
12033
383
14450
14315
32209
384
9770
24057
9140
10001
14739
6953
11011
9935
10107
8159
16328
25119
8149
10081
11527
20497
19816
9094
24170
8014
10115
20681
17498
9017
8146
7623
26857
15836
40281
12079
7756
9326
6899
6903
12077
7888
9030
39970
9292
38264
12383
9191
6899
9023
9390
10005
6841
9641
10180
14631
9062
7791
7601
7252
24763
14472
10183
9168
17241
9592
9478
3
100
47969
37249
15381
13230
8146
15225
7335
8704
9172
8022
8006
7596
8094
7877
9525
681
9180
32746
7596
8094
12328
9479
8467
7610
387
9763
6947
8452
9030
9882
10607
8552
8137
41730
9264
8194
8705
9182
10393
9016
8
12199
7187
18032
9563
20056
9077
14398
739
7432
7220
31569
9023
13363
9194
8196
399
8765
9767
7426
7659
20125
10661
382
9052
25059
10274
10040
10281
17790
10225
9528
44650
7198
9454
8112
9524
10398
9360
15019
7198
9114
7119
28982
7965
8511
40959
9522
17852
9573
9110
47857
6835
21439
49864
7426
8112
9524
9908
10063
8263
7058
8711
5
100
9454
8450
9050
30917
11011
9935
15252
30748
9025
9080
31782
13347
15720
11181
11585
8135
14472
15815
9168
9018
7521
13015
449
456
441
5
446
9574
23495
11060
389
34192
9560
12442
9508
7791
7601
7252
13717
12333
9390
9074
6953
25151
9764
11011
18647
9304
9478
10808
9592
9882
9553
19011
6903
10647
387
13230
10026
22103
7235
10312
9156
8146
7623
26857
11865
9194
417
8621
9050
30917
11348
8137
11693
9279
10453
13576
11111
14204
17033
12141
17252
12199
9595
9398
9148
9347
14465
8056
26829
9741
20717
10559
7426
10407
22821
9703
10007
10293
9328
9944
10276
40247
7532
5
100
16701
9280
8467
31054
10762
9030
9882
13796
20659
9466
9029
8146
7623
9084
12053
8135
11336
9172
8022
8006
8448
681
10276
47965
20993
13981
9025
9080
12218
7607
11262
10416
8711
10998
10626
10903
17010
8186
9038
42083
9209
12610
9199
13366
680
8487
7485
16004
14026
32746
8448
16849
13993
14499
8137
37611
9098
11545
16701
23036
9040
16298
43752
29329
10474
9154
9422
16668
9017
6958
8215
9052
33476
9399
11947
29873
26132
30738
7532
33476
9495
49349
20097
7249
12218
13065
14059
13953
9944
10984
15200
11686
22301
9084
44482
9424
11436
10670
8704
9257
7890
28935
40587
10040
11765
5
100
14258
6841
12163
20244
8098
7235
9304
20166
9025
9029
8146
7623
37921
14472
10151
9168
40352
9319
25483
26098
9501
49036
21734
9143
38916
10293
11169
11181
11585
8135
9018
7521
13015
449
456
442
5
446
20449
43618
389
441
11308
9560
12442
9508
8159
14261
9089
33369
739
7432
7220
8751
42302
46483
9982
43804
389
450
13650
12895
14960
16473
458
460
43832
9662
15695
9025
10960
8
9426
24622
10081
6953
9379
9081
17267
16839
31411
10355
380
40172
15464
9062
8704
11554
19138
12199
7187
18032
11746
22519
18108
20759
10081
6953
10562
8033
10366
11391
18685
9070
6879
7
100
28895
7281
8660
11293
8756
7532
15381
375
8146
8196
37648
9021
26184
12224
8135
12857
9027
8102
10690
11823
9031
9239
7220
10078
27013
7489
12720
10030
35416
10730
9262
40056
7235
16444
7877
25306
8660
9023
25098
20621
10021
13258
8711
7258
7532
10021
12224
8022
51132
9070
26603
9203
12191
9580
9025
9341
12002
378
8429
7521
7372
739
378
7804
8694
739
5
441
11650
9485
439
437
48894
10227
27627
8
10070
8135
9240
7894
7889
7756
10290
17969
7513
44837
9028
11611
12583
9668
9705
9585
8084
8259
34018
12371
9220
19647
10185
8263
9267
28646
6889
389
9585
19561
7788
4
100
10756
12610
9684
12313
6903
9279
10453
37005
9207
10805
26616
19303
13525
8704
8652
16816
22301
9800
9023
10141
18862
16313
11918
7249
33703
9438
11124
9124
39417
9016
8
9563
11380
8263
7627
20917
30595
13759
10079
12691
8618
7756
9324
7801
8127
9667
18107
26098
9501
7888
32030
11154
32566
6824
8243
8359
7625
20269
9181
16453
8170
9030
22267
22528
7252
9018
9034
17680
9877
9067
12439
10293
9119
8146
9034
20684
12199
7187
18032
23576
8022
23559
8711
10063
383
30284
9134
384
13758
739
8245
9173
15961
9126
12733
7530
31455
17017
13969
9062
28397
8135
30601
7235
4
100
9046
7607
18236
13461
9030
10997
8022
9167
18370
14390
8146
23029
9654
7335
8704
9018
18554
14223
20659
9489
9172
7478
8011
7877
8513
8456
8006
12480
12010
9049
7884
27726
49929
10395
9048
680
7478
8011
7877
8513
8456
8006
681
9052
14564
9166
13106
24119
13538
10764
9479
7803
7813
46998
9140
9114
11724
9050
16295
8052
8149
9284
9096
16720
15386
409
6824
16255
7249
9341
39713
9025
11189
35417
10558
8382
9124
31898
7162
9280
12972
12364
11314
9554
9664
40783
9498
38052
10141
9628
24584
8191
9215
10996
22821
32104
7545
9023
13572
8705
9025
10960
8
9426
3
100
9824
20531
10107
8066
9279
10453
37005
9207
9456
8711
10747
9194
8196
399
8765
11528
14363
25672
10424
212
10592
412
384
15800
24733
24237
14363
25672
10260
14472
10151
14147
9148
16852
9168
13042
6826
25031
7198
42223
12449
9023
19864
10040
12743
14326
12220
33838
9017
8146
7623
37921
12199
16846
9604
11527
13069
9021
9356
33338
9457
22220
9843
11439
9675
15395
16659
28952
10107
9119
26421
387
49253
8160
9600
17929
41734
9224
9357
23785
9036
11459
9023
9580
9025
9080
9194
10608
398
739
212
10592
412
9767
19011
11048
8398
8187
14986
10488
9156
7335
8704
5
100
12396
11486
9192
7767
17436
7235
9826
8711
34692
8
12199
7187
18032
9563
19367
13386
9605
32984
9026
48973
13363
9172
10608
399
9457
25672
8196
681
49253
26815
9524
7799
8771
13899
24385
9672
9391
9463
8146
7060
11204
9180
12220
8148
27362
9324
7584
7982
15389
16278
8704
9172
10972
10099
8143
12396
7285
23619
8033
8400
9235
8194
7965
9139
17395
9121
8397
8143
19335
7644
6903
17194
23619
8033
8400
9018
6835
8774
9116
49714
13214
9532
7597
38384
9640
12407
38123
18636
14369
9426
12220
10346
41734
9261
21498
9351
12212
9882
48214
9359
11213
8159
22301
23191
13153
3
100
10464
12224
11252
375
8146
8196
9018
12224
8135
739
7569
6824
9689
9290
9797
8239
9025
9080
43719
14952
10341
9122
7991
389
8
10070
8135
9265
8806
9293
9497
10187
33797
22004
9036
9093
6889
7777
10542
8185
22633
48101
9148
12396
8066
9304
9240
7894
7889
9391
9676
9414
10010
6947
7399
7220
14819
38726
10624
27006
24848
12341
9779
13243
9668
31046
12371
12011
9867
45887
10635
9028
11611
9651
14782
19561
7788
9728
11519
9022
14594
12462
6866
13943
10078
8422
10810
9054
12935
7788
27274
9193
7098
9149
10917
9135
8718
18961
377
7085
7235
9443
19581
4
100
10328
10313
22893
9478
9030
10313
14417
11101
15205
10381
8705
9127
8425
9048
8704
8652
9018
18554
41286
18112
20050
11862
12199
7187
18032
9148
15179
9168
13042
6826
9563
20056
29740
17792
8420
12449
9494
8765
17692
13363
9172
10608
399
15223
14671
7660
10041
9378
46391
7844
23620
13755
16930
7185
10045
11918
14465
15118
7888
9756
8367
9804
9599
9640
30320
9136
10854
29312
9562
11004
9684
10809
12313
8711
32256
9025
9080
20459
10695
9033
9280
11202
10805
26616
26973
28296
9016
8
11528
9635
10655
9136
9094
7109
33442
7777
14631
9023
9279
6945
8745
7791
7601
13396
4
100
12557
8143
11384
34105
9017
8146
7623
37921
12199
7187
18032
9148
15179
9168
28814
9194
33625
9374
7235
39604
6958
33442
26040
33015
8441
8688
382
21802
7777
9136
9939
36349
30175
11328
9021
9390
9130
11687
10219
10293
14465
8340
6824
10872
16718
37784
20316
41736
9675
9304
13717
8102
18387
32406
10387
15388
24740
9422
9882
15591
10925
9062
26421
387
22301
11170
7607
8703
9052
9741
20717
10559
7426
10407
22821
9086
14259
9874
9328
18148
11181
10626
17451
25991
9080
12880
23833
8711
40247
7532
14743
23029
9532
7335
8704
11570
8168
9094
31731
9064
17698
10649
9038
9080
3
100
22821
12384
28293
8148
9172
8563
19017
8518
18257
421
411
34617
24002
15905
449
10929
23995
9216
27232
9280
44283
12199
7187
9052
9319
8147
11950
8143
17724
7442
7235
36287
18566
23191
10293
9980
9463
8146
7623
37921
14472
13467
9168
10141
9628
22821
32104
7545
9023
32800
8054
18333
42302
7545
8135
9447
22301
11570
10950
9044
9114
15703
10951
20391
8711
29586
11841
10903
9882
24950
31041
9025
9029
7514
8185
18153
26098
9501
49036
16164
9042
8194
9168
739
7432
7220
7193
8451
9180
9194
8563
19017
8518
382
13796
9430
32619
12367
12743
49689
9337
10297
8393
4
100
9293
10259
20666
21422
7235
9826
8705
9243
10094
26421
387
20666
8548
9860
12350
12090
9277
9592
19107
14226
17761
10090
9912
9131
9337
9025
9029
8146
9582
20666
21422
9120
8224
7162
15620
9736
7489
10307
6866
27290
9199
11039
16709
17400
13364
25679
9355
9947
11000
34252
9580
9025
10960
8
9426
14450
46715
12199
7187
18032
9148
9018
9271
16989
9168
9522
17852
383
1409
997
9662
13363
9194
8196
399
8335
9457
8704
7767
10661
15252
23598
9036
12340
21228
9085
9365
11194
37790
34238
7185
9134
11975
16575
9824
19345
11725
11927
10087
16863
11675
14450
14012
9804
8
100
9538
7374
7182
739
8545
7608
31898
6958
9030
11912
8149
7827
7242
9399
18139
9017
8146
7623
37921
12199
7187
18032
9148
18423
9168
14147
6826
10293
7250
9248
9390
12283
392
9869
8030
10378
18992
26421
9456
26829
9741
20717
10559
7426
10407
10890
17920
7258
9368
12313
9448
40247
7532
14743
9874
14465
7126
8742
8135
30601
11570
9023
9172
8719
7653
7055
7144
11046
10106
6958
681
23191
9430
18142
16061
6953
9034
11658
30718
29955
9134
11282
9062
6963
18268
44209
11380
8765
10201
9640
8467
20717
9041
6824
12742
8756
12495
17451
25991
9080
10380
15193
11968
9185
7487
13229
9069
6962
4
100
12501
9520
17339
46027
375
8146
8196
7991
739
7569
6824
39349
9031
9239
9032
7671
389
8
10070
8135
739
378
7182
11084
8599
10952
5
5
755
5
375
7965
8425
10134
9784
7210
29755
387
9162
36547
9142
7374
21323
11481
17366
20262
7760
9030
7290
9705
9585
8084
6853
9402
7532
12557
7235
9054
7513
8137
9025
9080
6860
376
36500
30899
8135
45941
18171
15495
7898
8006
10119
6889
19307
8066
17366
20262
46771
9317
23491
50450
7788
9784
8017
14782
6947
7399
7220
12371
7085
7556
11355
8155
7208
9329
10078
8185
8806
18754
45941
15344
15679
15546
5
100
12396
11486
45045
12079
10148
9030
12079
8022
9167
13045
11205
7532
9508
25854
9044
9929
11532
13769
9025
9080
9194
25854
9966
9231
8542
10898
43804
389
458
16649
24161
449
41141
43832
9431
11290
9843
18146
34791
387
12736
6932
13572
9276
9422
35309
8255
15646
10058
8511
8263
382
13010
9029
8146
11372
9882
38204
7235
11630
14465
8711
8078
9628
17499
10688
11213
18354
24170
9140
9376
8139
24231
9553
13230
9284
24950
31041
9025
9080
9194
8711
8078
16756
11194
10978
9590
8006
17730
10040
12743
14326
42711
8615
8505
8148
739
7432
7220
8105
7281
7545
9023
19864
20301
4
100
20237
7844
10259
19534
7892
43393
29085
9362
22479
9328
9111
32107
14805
26019
10828
9552
9018
9613
7162
10063
29969
15627
9712
15942
9517
19534
10947
25933
9080
11841
19534
15555
9444
14437
8135
36739
8702
12733
7530
29843
7623
9059
7424
10740
17164
12846
6903
15631
10211
9304
15174
11599
17736
10100
20866
9154
9422
50375
13525
8146
9239
9570
26807
12199
7187
18032
9563
12190
9194
33625
9398
15852
13143
10001
10118
12141
36901
9347
14465
15118
11768
9595
9412
9168
26434
8006
19975
14401
10368
6841
9510
20018
8711
9390
12283
399
9869
8030
10851
14175
18179
11093
7480
9173
4
100
9454
8450
13088
12035
8711
7655
14677
9126
9668
10401
10917
9168
9078
13823
6889
9138
7559
8718
18952
10063
6947
7399
7220
9265
7162
9018
6866
23971
11355
8155
9217
9658
37194
11403
45887
33146
7662
8006
25856
377
32555
14042
9035
8704
8652
30601
10866
9180
9194
7496
11608
17366
20479
12187
9194
7188
20262
7760
12187
25542
9885
6958
382
9030
16756
9556
9159
8042
7252
13122
9238
18101
9261
9304
11725
9119
7335
22418
40352
9319
25483
21734
9247
7888
32030
9148
39548
9592
26945
9125
8270
11524
9023
14446
8688
9224
9882
9242
9379
20659
8149
9182
10393
9016
3
100
37648
12224
7851
7235
9304
20659
9466
9029
8146
7623
10647
11149
9194
425
37655
8143
9689
36892
7182
8152
382
9805
9815
37655
8066
10741
9882
44631
9430
12298
6903
38424
9038
28453
9834
19543
9280
22328
9622
8406
9017
8704
8652
16858
8187
9599
12199
7187
18032
9148
9536
9271
10087
9168
9528
9755
7877
14766
6853
17698
19864
9457
12743
36645
39848
9752
411
425
9023
9194
6844
7398
7888
7119
8599
396
13047
12120
28643
7398
7888
8534
10521
10179
387
28643
7398
12450
8006
393
9030
9084
27675
14628
9062
43103
16537
9804
9599
10063
8056
8711
39604
4
100
10328
16069
8143
16302
9140
24706
9430
40477
14979
20771
16302
9033
14422
10488
11151
9178
9989
9207
14472
10151
9168
40352
12042
8149
26098
9303
49036
21734
9143
38916
10001
9119
8340
6824
10309
8135
9018
7521
13015
449
456
442
5
446
9574
23495
11060
389
34192
9560
12442
9508
8159
14261
27146
9426
14450
14012
13919
41591
9023
10190
9511
34851
8
9563
11768
12199
7187
18032
9148
9036
9271
6826
26074
47341
38126
11533
21760
7252
9194
33625
9398
15852
11311
7892
8529
11062
382
9802
9390
12283
399
9869
8030
23771
9232
9894
10863
7250
9217
16989
16863
7586
5
100
13919
9114
27680
38522
8756
12980
7445
7812
8148
9172
8022
8006
8448
681
9831
35646
24088
8137
9430
12298
9136
10903
42083
32746
8448
9209
10362
9181
9025
10541
33757
26421
387
9479
10987
8216
8135
11336
12218
7607
8054
9626
9922
13645
16701
6900
9368
17010
8186
9124
42677
10764
9084
21968
12218
40779
6958
9017
8146
38052
33476
9399
10728
11913
8771
14924
10017
9199
13366
27452
9115
9544
7079
15772
9020
11096
7489
20305
7235
30453
36152
17224
47637
9018
18554
44188
7252
9172
8022
8006
8448
14026
9045
11096
7470
12916
7235
12743
9292
15409
11940
7426
43752
26132
20314
4
100
13417
18476
37231
16195
7627
375
8146
7623
9052
9018
6857
7426
9534
36500
8084
8259
8135
739
7569
6824
9689
9539
22600
10229
9146
7208
9329
10078
7965
7556
50220
9265
7162
22126
8024
11732
9267
9266
9124
387
9108
9306
9290
22717
10137
9677
11117
10185
9031
27511
10078
37767
12857
6992
45887
16290
7662
7210
28440
9564
10056
16444
6947
7399
7220
19174
17272
6969
12371
9150
7592
10247
9427
29144
7235
18767
8155
8137
9122
9144
10010
10072
22600
37209
12036
15584
10021
10584
10542
14558
9023
28605
9498
14085
9044
36356
10165
8185
7399
12519
39966
9277
11066
9580
5
100
9689
30478
12438
8149
12035
375
8729
8006
12438
8149
16278
8022
9341
30478
39310
7485
8143
35864
19700
10314
12704
10051
13345
11260
7335
8704
10437
11280
11980
7047
9148
9082
19795
18365
12921
12191
13364
10090
9650
9679
11864
9355
9947
7208
12509
7916
7991
9178
14571
7858
8146
12454
11146
10372
7540
7235
9443
9183
11976
9075
25581
15053
50857
12210
9322
10870
11388
23006
7788
16710
9244
8137
9068
9079
43091
18595
9025
11189
10474
9047
9174
8694
8066
36857
13930
30241
9659
10764
9199
15177
33340
32331
9133
25041
9763
14199
16893
9427
47734
6919
7532
16064
9964
9079
28670
4
100
9293
10259
10584
40669
8137
9430
13895
25713
11420
9879
7250
9173
10137
12175
18227
10250
9048
8704
8652
9018
18554
44188
9262
10584
40669
8135
14472
10151
9168
10141
9628
25573
10293
7253
9182
10393
9016
8
9426
22771
16322
35576
418
414
9667
12199
7187
18032
9563
9120
24836
9065
7209
7244
9065
7209
8236
6900
393
7185
9439
49322
9033
29511
15552
6889
6835
8149
395
10911
384
12141
9544
36225
12356
16863
23524
35263
468
39521
10373
24676
17627
9070
387
21619
16349
19852
9740
11603
35550
9390
9253
15547
29402
24766
10695
12495
12918
8104
9169
11652
9130
10559
3
100
16152
10082
12079
8135
12857
12079
8143
9347
9048
25854
6842
9177
10082
16069
9304
22584
10688
11213
17359
9486
16501
9394
9022
10809
18315
18529
10106
7530
29080
15148
33874
8146
10431
21630
11941
6958
9034
15378
9863
16203
13340
10341
13485
30903
12079
9023
22375
13023
9277
19635
40137
9430
13895
10925
387
10167
31656
8137
11649
22711
12657
11896
9552
17885
18484
43056
11993
11420
9689
9290
9659
7991
9178
8092
9620
21660
9362
15620
9194
25854
12951
11638
12699
8263
9801
15709
12517
9080
11009
14979
20771
17450
9257
21319
7532
13768
28569
13611
16493
9652
8705
28606
9316
3
100
10464
18101
25156
8146
13214
9532
34243
21898
8135
12199
7187
18032
9148
9347
7250
9248
11181
10626
18101
34350
10510
7453
13723
9152
7886
10181
9407
7454
9017
8393
16506
10283
9036
7889
13676
23128
10661
7426
41286
9194
7763
8367
6825
14986
10015
10560
16573
37159
38514
8053
12458
17196
9194
6835
7474
7888
15800
9880
11918
14465
26421
9456
26829
9741
20717
10559
8143
16487
9182
7109
9518
9947
9882
14743
26682
9272
11841
9366
44437
9304
10107
9512
29080
15148
19083
9173
9800
9016
8
9563
11380
8263
7627
20917
30595
13759
10079
12691
8618
7756
9324
7801
8127
5
100
13914
22429
9769
14288
13641
10504
17673
9154
9422
9257
8146
10431
12341
41326
9199
10021
9194
7478
8604
7693
7877
23358
7478
8604
7693
9860
9664
22295
17071
14253
9021
13526
9062
10559
396
9617
9148
14039
9018
18866
9528
11766
387
23291
9030
9843
24584
15462
9241
8191
8711
9029
24665
9180
11580
14860
8143
9292
12336
32741
8608
7426
16041
7335
8704
20393
9278
9458
14326
12845
14823
9044
12193
18734
6947
12982
21666
30985
6824
14908
8263
7058
8711
9052
14978
7489
9390
25151
20552
44670
9501
9100
27663
9116
14860
8137
16929
8056
26829
19989
9267
28311
37226
395
9869
5
100
12396
8066
9304
9033
32104
8135
17727
10464
9675
9304
9033
32104
7235
15225
7335
8704
9172
7208
7691
8125
681
12665
12776
25169
10400
12298
9136
10903
42083
16888
9025
9080
9199
13366
680
7208
7691
8125
12480
9882
36287
24950
15662
9267
28015
12369
22613
25063
20955
15369
15949
9575
22200
7470
9430
9947
27180
35454
13572
8705
9025
9029
8146
7623
22200
8022
9167
20616
11248
9267
28015
12369
34626
25063
20955
15369
15949
9662
15695
9025
10960
8
9426
24622
10081
6953
9379
9081
17267
16839
31411
10355
380
40172
15464
9062
8263
7058
8711
10449
9331
40982
12957
9108
9036
3
100
40684
29930
10107
8066
9279
10453
37005
9207
10805
26616
19303
13525
8704
8652
9018
18554
41286
26930
20038
24237
9635
9824
13583
11704
6932
13572
20866
9925
383
6963
8711
7888
384
20038
40844
13583
23806
11270
12003
9935
9440
7062
13505
384
9030
12803
33590
9390
25151
393
8361
7489
9771
11011
20564
8
9563
11380
8263
7627
20917
30595
13759
10079
12691
8618
7756
9324
7801
8127
9667
11154
32566
6824
8243
8359
7625
20269
9181
16453
8170
22267
22528
7252
9034
9300
34689
18116
11527
397
11179
6903
9876
6953
37226
396
9869
8030
7489
10825
9220
8272
6953
5
100
29306
8608
17707
31898
6958
16718
8643
9950
10293
9119
18563
31898
6958
16718
8643
10261
17707
31898
9368
9430
9647
12398
23542
7791
11598
49703
34292
15174
50991
9882
24950
15662
9290
17252
9676
9029
8146
7623
37921
14472
10151
9168
9246
19328
6826
32800
8340
6824
10872
12671
17217
12935
9304
20038
7859
7825
46027
7426
17077
9841
396
9565
384
20038
8194
9764
9040
10773
393
451
484
10521
13315
9276
10925
9512
49806
46348
28458
10726
9069
7769
6962
9025
9080
15148
16483
7335
8704
11181
15096
7162
9220
8364
8137
9430
9390
10368
49009
42454
11003
10676
24767
6963
7799
3
100
10195
11639
9945
9140
9945
11967
8146
13254
7253
9243
10094
26421
387
11746
6932
8031
7644
11639
20969
8137
9430
9188
12039
9136
10903
15822
9150
9771
25421
9025
10541
9508
25495
10040
35463
9249
9759
9182
10646
9292
17636
16162
9191
8213
8104
36646
13462
8146
9472
43617
12139
46363
19451
7249
9341
9558
11693
10619
24547
27144
10127
10828
9161
27261
11622
9177
9472
43617
12139
34536
29863
10822
9124
33757
13986
7194
11554
22301
10619
9021
10407
9279
7588
8336
8745
12564
6903
12298
16371
6824
19511
10416
10798
16061
16940
15072
9262
9030
9039
40097
14830
17841
11839
3
100
15658
36877
9922
45759
9207
9929
9548
17218
12662
9019
19303
13525
8704
8652
9018
18554
13254
9262
34971
12199
7187
16583
16220
7252
9194
417
31488
388
7759
8361
382
9073
9917
10001
10083
20859
15442
387
11196
31488
8066
18395
9033
10619
13067
19504
10034
48266
8094
8719
11325
9140
15658
18503
15848
14556
20725
9276
17726
9945
8711
22381
12527
22187
8137
18634
9178
7335
11336
11967
8146
13254
9104
11218
18318
17881
8031
468
8091
37157
8367
32653
14472
10151
9168
47184
9115
16220
7253
9182
10393
9016
8
9563
11768
10869
9172
15118
45349
9647
8170
7777
10109
6
100
9456
7281
29448
10607
8552
12592
8137
9430
13895
16061
14199
9034
7983
34774
8146
8100
7242
9399
34409
46548
8704
8652
9018
18554
44188
9262
38052
9172
7281
7482
7877
8487
15474
9172
16941
8026
7692
681
9174
10104
9017
680
7281
7482
7877
8487
14026
10607
8026
7692
9023
25583
40944
22551
25861
9879
7250
9248
34535
9880
17059
400
8361
10825
22437
395
8361
8104
9585
7258
10395
9432
11336
49640
10377
9920
9438
9608
8756
9790
14253
7235
15895
13051
9267
9062
26421
387
13003
9230
8609
8745
9230
8609
6903
10377
9209
10626
11136
13981
9025
9080
34588
10693
8711
9947
5
100
9138
7415
21699
11342
9945
9140
10146
8022
9378
10177
383
8649
8671
7281
7627
9204
30147
9331
739
7432
7220
7487
13719
9138
7415
6877
6903
9304
9033
9882
15591
20659
9466
9029
8146
7623
37921
14472
15815
9168
10141
39119
9023
10293
11169
11570
10950
9044
739
7432
7220
25306
9180
9138
7415
45731
16249
8704
44493
15601
8066
9226
7889
9030
11141
8269
8704
36720
9264
8194
8705
46548
26421
387
10869
14133
23853
9080
9194
7982
8068
13409
10252
23279
382
16718
8643
9950
9207
10779
14417
7824
7235
16390
9341
12298
9136
10903
42083
16888
9025
10541
33757
12715
10735
5
100
12203
9238
9836
21174
22828
9030
9882
13230
8146
15225
7335
8704
9172
7208
7691
8125
8006
12438
8149
14026
10607
8066
9304
9033
16316
11153
9048
16941
9675
38424
8705
9025
9080
24186
10488
7249
9341
34927
40886
9328
13784
22329
9062
26421
387
10624
12715
10741
44631
9430
29889
25701
9432
24177
9025
9029
680
7965
9760
22600
26873
6830
12178
9939
9659
12399
9172
8511
8255
8215
15474
14175
9261
9422
10252
8255
8215
8137
33628
49876
29076
9430
16311
9492
36282
14422
24767
11314
12105
42738
9847
7127
10828
22353
9882
23347
6824
11630
9104
15398
41218
7743
9554
11676
7235
3
100
21308
9945
9597
9276
11725
9119
7335
8704
9172
8814
7485
8143
9271
8148
12178
11918
8711
11342
10105
47869
10362
31116
23766
7485
8137
12313
8705
9025
9080
11683
39772
12715
9304
11181
10626
9939
13230
9512
24177
9025
9080
9882
11328
7235
11630
14465
8340
6824
10309
8135
14472
15815
9168
9018
7521
13015
449
456
442
5
446
9574
23495
11060
389
441
11308
9560
12442
9508
8159
14261
11248
739
7432
7220
8751
42302
46483
9982
43804
389
450
13650
12895
14960
16473
43832
9662
15695
7847
9029
8146
7623
37921
12199
7187
18032
9148
18423
9168
28814
9172
4
100
32336
11486
38424
10416
9140
9279
10453
37005
9207
10805
26616
19303
13525
8704
8652
12477
11768
12199
7187
18032
9194
31836
7888
14204
8344
8400
11011
9059
7424
13047
10740
46452
13872
8
9563
11380
8263
7627
20917
30595
13759
10079
12691
8618
7756
9324
7801
8127
9667
11154
32566
6824
8243
8359
7625
20269
9181
16453
8170
9030
22267
22528
7252
9018
9034
17680
45163
7894
9023
18116
11527
397
11179
6903
9876
6953
25151
9771
16574
11927
16989
16863
31253
22528
7249
9020
13922
10293
19926
9220
8272
14199
9085
9869
7489
42331
8146
9034
20684
9595
9398
10183
19181
392
4
100
10464
10043
35723
17305
9023
9194
8265
7894
10452
26248
13047
13023
9036
19303
13525
11084
10063
12905
8146
10838
7282
8705
9025
9080
9024
10178
9430
9888
9311
7671
6995
9166
26816
11482
7832
8702
12733
7530
29843
7623
33252
13731
9351
20756
9947
17135
13453
7991
18520
22301
10578
13731
9267
28730
9308
10034
10903
28341
16887
10548
9280
9548
11830
15456
6872
9016
39396
16773
26049
8
9563
11380
8263
7627
20917
30595
13759
10079
12691
8618
7756
9324
7801
8127
9667
18107
26098
9501
7888
32030
11154
32566
6824
8243
8359
7625
20269
9181
16453
8170
9030
22267
22528
7252
5
100
10195
13299
9422
11384
11741
6903
14319
387
9394
9022
11536
13426
9882
30722
26167
9280
9341
9366
16254
42811
9029
8146
7397
8704
41966
18782
10407
9351
24582
10903
27705
30229
15003
17868
9932
13165
9356
47447
9418
9558
9430
15378
9267
27705
14265
7426
47610
9025
9080
18874
9706
9124
9213
6947
7399
7220
9424
10805
9136
9432
10363
9154
11357
20030
15709
10325
18114
9492
19226
13228
9685
9178
8092
9620
11004
9080
18114
7416
9261
14554
10458
9867
9689
9095
10181
11630
8711
19930
9199
15177
43056
11993
34393
9207
9929
9548
9290
9054
9337
11688
9909
30903
9745
21719
32113
