4
100
17339
21071
9347
9154
10993
14110
11630
8711
7258
7532
14441
7965
8425
7889
9908
17339
6903
17969
9021
38409
7788
9178
39514
8135
14821
9036
23036
9784
9075
9240
17302
9138
8337
8146
7380
9779
16766
8191
7894
10785
9052
33101
9133
15872
9226
9562
42226
6874
7513
9568
8052
8772
9045
7888
32030
9148
9130
38916
7162
10138
30315
47230
9034
33102
9676
21734
9143
49036
9191
38916
9042
7991
9119
8164
8137
9443
9068
9278
9650
9362
39306
9376
7884
6905
9048
10354
9090
9684
7426
10407
9346
18279
10061
9314
9228
8368
8243
8149
9249
8024
11488
10161
17014
18489
5
100
9450
11088
9480
20244
8098
7235
9304
20166
9025
9029
8146
7623
37921
14472
18032
9168
10293
11169
11181
11540
28738
9017
8340
6824
11585
8135
9018
7521
13015
449
14960
457
20449
5
445
23495
11060
389
441
11308
9560
12442
9508
8704
8652
22301
11570
9180
9194
10470
12405
12767
19534
10238
382
11124
8160
10647
35655
24733
8056
16276
9191
8765
8286
7470
15918
12767
19534
10238
8135
40427
14450
10233
21073
9038
9426
16323
9605
10258
14315
9894
39931
42526
9456
26829
9390
17243
9064
12156
38409
32800
26421
387
22925
9249
12199
8711
9518
9036
12314
9641
31210
7281
7252
5
100
25768
9304
9277
17969
33101
10135
7235
10488
9156
8146
7623
37921
9194
10470
12405
9563
14363
34243
23128
10661
12479
16715
10293
11169
11181
11540
28738
9017
8340
6824
11585
8135
14472
16798
9168
9018
7521
13015
449
14960
457
20449
5
445
23495
11060
389
441
11308
9560
12442
9508
8704
8652
22301
18101
21898
29866
12199
8711
9148
9426
28936
9971
11380
8765
9046
11443
10686
7249
34551
9456
26829
9741
20717
10559
7426
10407
22821
9091
8243
14449
32800
7335
22418
11570
50562
16380
9703
14520
9826
19572
8
10384
15416
13803
9528
11028
10161
8263
19218
7540
25147
7155
11001
4
100
12396
11486
10584
20503
8137
9207
12199
7187
13805
9148
9018
7187
10087
9168
9563
19367
13386
7426
45903
20322
14248
13363
9172
10470
10521
12767
10417
10238
681
19993
26815
18442
9999
8146
7623
26857
11865
9426
11074
12506
8066
35517
6824
21073
9038
40427
14450
10233
14996
9062
22410
15953
9390
9085
8191
9805
11573
9052
9074
6953
22149
9894
15932
14465
13472
11124
45810
9324
8263
8135
18349
11267
10384
41982
9689
18874
10657
11568
16266
10884
9029
6963
26869
9640
15326
11074
8022
9167
16210
45406
9882
45046
11772
9703
9154
20685
8210
15910
7530
22137
7399
15946
22301
9025
5
100
9046
7492
19163
12079
10148
7235
11205
8263
11335
9395
387
12079
8143
10780
8137
39005
9029
8146
7399
15946
9036
9340
9267
389
10021
9194
25854
382
9048
6947
41481
21630
9430
15492
20244
8098
8148
9257
40137
11941
6958
9034
9278
10635
13023
9337
14370
9022
9863
10599
13510
8705
9025
14299
14086
43056
9022
9548
9290
24499
13358
9173
23854
9625
9068
13689
16357
10428
10628
10345
20116
8791
11187
15620
30172
9422
9199
9554
13368
34427
15072
10320
9280
12972
12364
7335
8704
21630
41919
9592
15378
9306
16069
9304
15148
11219
9149
9689
15902
13340
9508
21319
9433
12079
8135
4
100
17707
31898
9480
11000
7235
9029
8146
7399
12519
10869
9359
9172
13335
43151
8186
681
22976
9163
9737
14133
29614
9029
26421
387
9632
9728
8756
9090
16484
11943
13466
9094
30357
10412
9185
29306
8608
10980
9276
9443
36815
24891
18901
43752
12417
12543
31041
9025
10310
16850
9341
12042
11401
16210
14908
7892
9953
12199
8711
10033
10914
16414
7888
9070
8521
393
7890
10539
9772
388
10802
7691
7427
8022
10474
7252
29781
8521
8031
10607
8615
8505
12480
9390
9143
13760
29402
16328
8022
12283
396
8361
8030
10378
10125
18334
11025
11579
7464
9130
12081
7198
42371
20670
5
100
9242
9379
11693
21308
18614
9325
13229
9508
7335
8704
15386
409
6824
12923
9330
11187
9346
7071
11913
9091
9377
12486
8711
10279
36122
9960
8405
11545
24873
7198
9391
37611
9098
8244
22452
8765
27929
12972
12364
26421
387
9065
26578
9265
8432
7426
7478
13600
8148
17366
20262
7760
6903
9114
9885
9446
28596
8137
30738
6889
13235
7849
17304
14355
43213
17053
48512
7188
20262
22877
15768
32702
11747
29317
9620
24760
48276
15528
8066
21302
8146
10988
9738
47011
10294
12189
12268
20287
6884
9823
13744
9038
15025
16402
8143
25433
11139
13469
8052
9885
9480
9249
29035
19157
34986
4
100
39982
9421
9480
30653
8148
9172
7877
25306
8660
8137
12395
9912
681
9030
9882
13230
15591
10001
9119
7335
8704
14175
9224
9847
7127
10828
27558
16316
11328
7235
11630
9062
680
8006
19975
7060
11003
9832
37931
15259
16053
34359
19975
9673
10121
8159
7380
11987
9172
16593
8347
15381
45034
12178
9430
49876
9939
13026
11119
11213
24177
9025
9080
14422
24767
8146
8078
9325
14175
26577
15247
14472
18032
9148
9536
7187
13042
9168
9563
6908
10807
19864
44166
10521
8765
12767
10417
10238
15714
11181
8711
9357
10647
9140
10824
387
9053
8676
9220
8364
9284
30015
12498
10293
5
100
13914
11252
45893
739
8613
8137
9666
8236
41547
8146
7312
7162
739
8427
7828
8267
9148
9347
9867
10078
7801
8194
8196
9209
7627
375
25294
9407
7992
9185
9088
9743
19593
9801
26457
47734
6931
7073
9133
25041
32445
9536
9164
8420
10770
11718
30857
9164
10062
9337
10212
40304
6949
8704
11947
13563
29123
11058
10078
36045
41072
9368
20589
9411
9626
9676
27972
41072
7060
7426
14687
8135
9200
9427
15354
17853
7071
43003
9361
34616
9411
9976
11242
10091
16893
10021
13896
6889
13875
50530
9465
24019
19057
9027
8102
8241
12521
8
10070
7235
9105
6963
10480
14705
9094
5
100
10195
9912
9930
8610
18205
387
9912
7395
12537
9030
9882
13579
9337
9025
9029
7335
8704
9912
9133
9346
7071
15563
9129
12771
9161
14222
10776
9974
8711
48681
22837
9626
20305
10826
8146
7397
8704
12519
43213
8599
9044
9278
9564
9277
19295
10021
22646
7824
9648
9048
37169
7824
18988
9252
7416
10416
8066
9304
46122
9244
11356
9430
12350
20793
7399
11414
22353
10090
14830
9341
9366
10574
16364
12313
9038
9080
29302
10552
10960
8
10384
15416
13803
12199
7187
10040
26435
9034
7109
9070
8105
12618
9303
10179
380
41910
18921
399
8361
396
11460
9834
10824
11927
10087
3
100
37979
21290
17676
9140
9022
16711
11446
9307
9558
9430
15223
9136
9745
20545
49760
9025
10517
26006
9199
11447
9048
8146
7623
16718
14386
14472
10183
9168
9390
9130
11687
10219
10293
11169
11181
10872
20038
30320
9224
47048
8524
7770
11328
8148
9194
7024
7019
7162
10192
382
20038
8265
7426
20893
23610
8148
9194
7523
8563
7485
12187
20260
8608
11486
25366
8137
11693
10152
20967
8186
12384
7627
9030
9882
15591
13230
8705
46548
8340
6824
10309
8135
9018
7521
13015
449
14960
448
9610
5
446
9574
23495
11060
389
34192
9560
12442
9508
8704
8652
22301
37921
3
100
9689
10239
34949
382
9030
9882
15591
10001
9119
7335
8704
9194
10470
12405
8703
19063
10655
8153
7888
10250
8765
13047
9430
9025
8726
7777
9136
48397
8711
9277
12259
9939
16103
8705
46548
8146
7623
10250
11149
14472
16268
21734
9045
49036
9085
38916
9563
37043
19990
7244
47280
11211
7293
9269
11636
24733
16623
49125
9241
10412
7536
9839
12120
45895
11011
18087
387
37805
14739
12693
9140
12133
8046
8414
9597
9753
9167
11532
40506
10148
9048
7847
7166
9331
9026
32585
34120
17747
9065
394
25085
9422
25181
20347
7235
32800
8340
6824
11540
28738
9639
20616
27146
5
100
9961
10840
8066
9022
9533
13114
10407
9366
10574
9961
11101
9676
9029
8146
7397
8704
12519
35907
7889
25237
10800
10868
10423
9306
9689
20003
14354
9038
9080
9257
8507
7383
11187
9022
46895
10526
26874
9354
9882
24761
44599
9887
9418
9322
10800
22955
9036
10274
11520
12532
6947
7406
6958
9355
35907
9562
9430
9351
11758
9548
9290
14223
13158
7656
9025
9846
11178
12105
13768
10413
10809
9278
9650
9362
10021
21376
9723
9048
23006
7788
15378
17068
13166
15709
12517
9080
9018
12795
9929
28440
9706
9307
11993
46232
9642
8711
18948
9025
13972
9178
7335
22418
9424
10805
9136
6
100
12224
10730
8137
11693
31656
15381
9030
9882
13230
11328
7235
10488
9156
8146
7623
37921
14472
18032
9148
9536
7187
13042
9168
40352
9319
25483
21734
9045
49036
9130
38916
32800
8340
6824
11540
28738
9639
11181
11585
8135
46483
9982
43804
389
448
443
9549
440
44683
389
42208
43832
9662
12442
9508
10640
7162
9034
10773
391
393
388
10470
16341
29941
399
9100
9560
12442
34851
8
9563
11768
12199
8711
10033
392
8149
10081
15852
7071
22976
12283
394
8361
396
12575
6841
9163
9750
11025
13939
15186
6903
16811
9932
9880
37226
395
8361
400
14814
11098
25151
398
10895
5
100
9279
9308
9529
9631
44039
8137
20166
9025
9080
25012
10341
32239
9383
9135
13872
8
9563
11380
8263
6858
12139
392
10079
12691
16293
9235
6905
8738
9667
30601
26098
9292
7888
11816
7671
9148
21734
9020
38916
9324
9034
9214
10100
29018
8159
35952
12108
10580
9038
9029
6963
9034
26284
45240
12199
8711
10449
23576
8146
10149
17333
7770
8704
15658
17939
7597
7877
9097
10944
9464
387
10063
28397
9023
9054
11531
8718
19303
16832
9243
16639
7981
7788
23576
8135
42393
22679
8022
9552
11154
32566
6824
8243
8359
7625
20269
11432
7561
22267
17214
8042
9607
14977
9062
27917
5
100
29060
6903
10195
39310
9642
9325
16210
10475
8146
7623
30935
9052
9172
8626
7812
8143
19033
681
9324
8806
10886
29060
8137
11511
12203
9733
14945
12512
39310
7485
9021
49157
18037
9568
6963
8806
12447
12199
8711
12055
9148
9456
11294
9168
9246
9036
9271
6826
9563
9300
7191
7244
11007
7847
6962
9023
13363
9172
10470
12405
9815
390
425
40648
23620
9882
12921
12191
39998
26421
22301
30935
8135
17939
6903
29000
27400
7470
31406
13417
10662
8688
27134
8022
30765
7293
8704
33959
48218
9199
13366
7691
7384
16368
26221
13417
10662
14386
10967
15297
43120
20787
15384
12364
7335
5
100
10428
12191
31406
10464
16757
387
10464
9063
9136
9030
9882
11101
9337
9025
9029
7335
8704
9046
7492
10134
26945
9194
19062
15866
16718
8643
8148
15232
25768
9304
9033
15148
9430
21207
28458
10726
31909
8102
11545
8159
10488
14465
8146
7623
37921
14472
16798
9148
9536
7187
13042
9168
40352
9319
25483
21734
9045
49036
9130
38916
32800
8340
6824
11585
8135
46483
9982
43804
389
448
19965
444
9792
9768
50097
43832
9662
12442
9508
7194
8364
9599
9094
7109
10093
16308
10157
9119
6963
8220
7847
9426
7991
8484
12338
14832
21056
10201
10063
7981
21894
12298
6903
38424
8705
6
100
22159
9376
12543
9422
13676
7627
9030
9882
11532
24767
7335
8704
9172
10470
12405
12767
18101
10238
681
9180
10040
9613
14446
8688
9136
9939
36349
9855
9242
9379
20659
9766
8146
7623
37921
14472
10111
19468
9168
10293
11169
11181
11540
28738
9017
8340
6824
11585
8135
13919
41591
9023
12442
9508
8159
14261
11248
46483
9439
11522
9900
9034
10773
391
393
388
13224
16341
29941
399
9100
9560
37271
9511
34851
8
9426
14450
46715
12199
8711
10033
11194
10258
37005
9207
9194
33625
9412
7235
11194
14315
28658
45404
9935
12141
20986
9062
8131
9599
9456
8711
9148
39139
9400
9168
4
100
41144
38892
17058
10135
7235
10061
9035
8146
7399
12519
12199
8711
9052
12557
11025
9085
10785
9510
7958
387
9456
26829
9130
10785
39210
16127
6947
24976
9640
16941
9136
22600
9290
12011
9154
9355
9267
9366
15148
39005
9019
26973
13525
7335
8704
12988
34927
22600
16285
9784
10941
20244
8102
9038
10566
16773
9505
7965
9760
9080
9293
9180
10607
9675
9304
9033
14553
12268
9532
8263
7058
7187
9135
13110
9528
9094
14175
8270
11688
9246
12283
393
9869
6841
9017
9489
9034
7109
12618
23410
15149
41910
27035
9016
8
9522
13540
10869
17105
9172
33625
9364
9555
10399
4
100
19534
18995
10259
20757
8765
9030
9882
11101
9430
15223
9224
19466
47367
9678
11469
12972
11805
9029
7335
8704
12199
8711
9052
9172
30320
8143
9673
12178
15247
10141
9044
11359
6918
7777
9140
35521
9261
11684
9036
9172
10470
12405
47048
20893
8441
8688
13439
10686
9062
8146
7623
16718
14386
10192
26614
13744
6903
10364
49063
19872
9207
10488
14465
12380
9177
9939
13230
12090
11584
9745
16203
39878
20757
9033
15148
16627
26421
387
22301
37921
25970
10854
48159
11493
9038
9558
11420
20545
27359
29964
11921
10925
8705
9025
10517
11487
9422
10889
10293
7250
9016
8
9563
11380
4
100
12846
9127
10640
30653
7235
9029
7335
8704
12423
6842
9224
29265
9207
18769
7220
10986
7470
16708
29817
9444
41480
42083
16888
9025
10517
9463
8146
8078
9325
9882
38204
9140
13230
23610
8137
33628
17073
9717
9580
21695
20607
10960
8
12199
8711
10033
13805
9148
9456
10093
10087
9168
9036
9271
6826
28814
22301
37921
9194
10470
12405
12767
32650
7801
8149
382
10808
9592
9390
12283
396
9869
8030
10378
36349
9246
9130
8007
9764
14860
8137
20670
26421
387
11570
10950
9044
9278
9366
9060
15098
10125
7480
15942
9563
26640
6919
42165
8031
14596
9021
14759
7244
13773
4
100
9293
10259
42568
16195
7235
15225
7335
8704
9172
8022
8006
8448
681
9185
42037
6889
9030
36645
12053
8135
10769
19293
387
35265
10163
32746
8448
9284
9028
18130
9304
13572
8705
9025
9029
8146
7623
37921
14472
13805
9168
10293
11169
11570
10808
9592
16858
16537
13919
41591
9023
15997
51145
38204
10223
7540
9133
10395
12359
8137
12442
9508
43103
8187
9599
22301
23191
9430
9390
10759
49009
12921
7622
7877
14527
7119
9032
8688
8608
8469
6903
28643
7398
7888
8534
9292
10179
9276
9264
8194
9119
7335
22418
9220
8364
8137
9430
41286
10368
7536
12333
16858
29794
20790
5
100
20237
9036
10623
10043
31938
7426
10490
20166
9025
9080
9172
7208
7691
7783
681
20237
7470
13815
9119
8146
7623
9084
7521
7155
7162
739
7432
7220
8423
7799
8139
20636
13011
7584
8013
21666
8148
9172
8507
19247
7281
12446
9613
10395
9021
44188
14465
680
8507
19247
7281
12480
12199
8711
10151
9216
27232
9331
35371
10824
7395
22149
8161
8137
29019
9512
14133
29614
9029
26421
387
10869
10998
11401
27790
12438
8149
14606
22353
9882
9803
7155
8066
9304
24177
9025
10517
9036
9199
13366
8092
7791
45320
9952
10040
11765
20659
9489
34398
9017
6958
8215
8022
28482
9689
5
100
18967
9451
9480
32739
11000
7235
9029
8146
7312
10924
9018
15403
9023
9278
9650
9362
10021
9194
38361
7416
23358
382
38361
7416
15232
12057
9956
47359
11903
9022
9536
25099
28346
6866
9508
8256
387
12057
9492
10940
10030
9427
45436
9199
9554
25689
10554
9080
9257
23006
7788
32739
11859
9745
10008
8066
28878
12086
9922
12958
9178
6947
7406
6958
9355
10339
9956
9712
16893
9716
17684
29247
12204
9267
9458
12059
18371
16096
6824
13671
9133
8024
11488
36976
13023
9277
10175
9017
7335
8704
10339
14830
12974
9249
8024
9306
12650
50909
9025
9909
16096
7162
15620
9346
12112
6
100
13919
13883
8518
8143
20244
8098
7235
9304
20166
9025
9029
8146
7623
37921
14472
18032
9168
10293
11169
20616
11248
13919
41591
9023
15695
9025
10960
8
10384
8335
15927
8135
12199
8711
10033
13805
9148
9456
10093
10087
9168
10141
9628
25573
9194
10470
12405
9563
7540
8539
7840
13047
10686
11927
16989
16863
15326
17572
22301
38426
7840
7470
9430
25065
14265
9079
7695
33337
13517
20659
9639
33253
11028
9641
10346
19552
9999
26421
387
10647
8168
9094
16246
18225
25142
17659
8236
8719
27455
10114
7099
32604
8429
9030
9882
9084
21580
39998
38318
18225
17773
9249
26247
9419
14990
12743
4
100
9939
9855
18007
8676
9261
10647
9119
7335
8704
18007
8676
9879
14241
9939
13230
8705
9025
9080
9194
16904
20893
6905
47708
10001
9156
8146
7623
37921
14472
10111
9168
40352
9319
25483
21734
9045
49036
9130
38916
32800
8340
6824
11540
28738
9639
20616
27146
46483
9982
43804
389
448
443
9549
20549
453
12337
43832
9662
15695
9025
9029
8159
14261
11248
9034
10773
391
393
388
10470
16341
29941
399
9100
9560
37271
9511
34851
8
9563
11768
12199
8711
10033
392
8149
9148
9456
10093
15664
8149
9168
26074
28147
9444
6842
31258
396
11460
9883
11684
20010
20966
5
100
9689
18101
7627
12035
9154
10472
8146
7312
9148
9258
18101
7756
11349
20545
10252
23279
9347
13872
15157
7470
20319
10655
10478
25181
8704
9200
18101
9866
9043
10095
9044
26273
15562
9498
9199
10021
9172
34243
681
9505
27914
9640
8084
9379
12466
17582
9337
9025
9080
9362
32434
9126
15910
7530
9640
7055
7235
44083
9277
10137
9554
10854
13023
15353
37666
13525
6947
6824
9855
9242
9409
739
8715
7621
6853
387
9301
9775
9407
8513
9030
9882
9803
7155
7426
9389
7249
9029
26421
9018
18554
20659
8148
9084
7521
7155
7162
9172
8420
8255
9848
8539
16053
9304
15242
3
100
9279
11204
20503
8137
9207
12199
8711
9148
9456
8711
9168
9390
9130
11687
10219
11204
9607
35853
18968
9717
41730
17389
9742
38409
8245
9017
8146
7623
37921
9194
10470
12405
11528
14363
19011
11048
8196
12479
16715
10488
14465
24237
11768
22301
20945
9430
20503
6842
9224
9553
8721
8125
14422
10601
9307
9279
24914
8143
9265
7643
8757
9834
13754
8705
10148
9048
7335
8704
11159
6903
9304
9033
9882
11328
9021
12900
9194
8345
7965
9932
9961
8765
13047
12120
44437
9939
21942
35533
11570
7235
11630
9062
26421
387
14472
10111
14147
9052
21734
9247
7888
32030
9148
5
100
9632
9238
10259
14005
8518
8137
22717
9362
10769
10280
9745
14226
10854
40328
9033
10599
15225
8146
7397
8704
14005
8518
8135
12350
9090
11342
9325
9458
13229
9508
23941
8518
8143
9278
9650
30994
10021
9736
15813
14222
6903
9060
7198
9017
31509
8022
29035
10429
13530
33245
17337
9448
13235
19430
7235
17310
9328
18148
22452
13097
9327
17655
23006
7788
21277
13579
9430
9346
9492
25016
9038
48681
44362
17761
10090
9199
14441
7335
22418
9912
9133
13417
7407
8428
9021
16709
17400
13364
11545
19265
9377
20305
10826
26421
387
19306
9145
12115
9337
10212
9596
9379
23334
34545
32132
4
100
16947
9664
8662
29930
7235
10293
9119
8146
7623
21835
11943
12199
8711
10033
9664
8662
10161
11183
8148
42608
7478
7700
7388
6903
10387
8742
11557
26960
9280
9604
9456
26829
9741
20717
10559
7426
10407
40247
7532
14743
29586
9257
8467
20717
10559
13941
9021
17451
25991
9080
9077
24524
10951
9042
27014
9589
9207
9664
8662
8137
11693
14860
9264
9834
11011
8705
10148
9048
7335
8704
22301
29930
9052
9390
9085
8007
9764
9925
10787
17394
9156
9935
11540
50059
9140
42431
7478
12481
10524
12061
7877
9030
10274
7644
24609
10985
12900
9172
8448
23784
8612
14664
9939
14253
7
100
10607
8066
9304
9033
20651
9063
9136
7470
10148
9033
10599
14441
8146
7623
9046
7492
9063
9136
8022
18139
10846
10464
9675
9304
24177
9025
9080
9882
13230
11328
7235
11630
7249
9029
7514
8185
9172
7859
7825
23766
7485
8441
8688
12480
12671
9238
13162
20893
8137
9430
31049
13489
32739
9038
16550
28458
10726
20166
9025
10517
9389
14465
680
7859
13750
17707
14026
34927
42842
9939
20152
39869
9103
8204
42282
19866
24793
35315
9788
9341
42738
17381
8707
27235
9632
16916
8143
14422
24767
7335
8704
14175
9224
9847
7127
10828
27558
19383
6919
8033
9140
9832
8347
28833
8236
10163
40478
3
100
9689
14320
17345
376
32520
13525
8704
8652
9194
10470
12405
11196
36501
27651
382
12068
13919
41591
9180
14472
10183
18153
9168
40352
9285
25483
21734
9045
49036
9143
38916
36336
23167
16125
8705
9025
9080
30015
12498
10293
20564
8
9426
14450
46715
12199
8711
10033
11194
10258
37005
9207
9172
33625
9412
7235
11194
14315
28658
45404
9935
12178
20986
9062
8146
7623
26930
9456
8711
9148
39139
9400
9168
16393
9390
9925
7692
9085
9869
8007
9771
17394
9119
8131
8159
26841
10040
25854
8014
9140
24170
17303
12079
7756
9030
9464
9641
10080
11740
9775
16021
17073
387
4
100
10195
9437
8143
12003
6903
9304
9437
8143
16700
9377
24934
9207
10805
26616
19303
9135
13872
8
12199
8711
10033
13805
9148
9456
10093
10087
9168
9036
9271
6826
28814
22301
37921
9194
10470
12405
12767
32650
7801
8149
382
10808
9592
9390
12283
396
9869
8030
10378
36349
9246
9130
8007
9764
14860
8137
20670
8146
7623
11570
9052
9741
20717
10559
7426
10407
22821
32104
7545
9023
13572
6824
12621
10998
12421
9422
36287
11738
8530
7235
10312
14465
20496
10950
9044
16576
26098
9292
49036
21734
9191
38916
26945
9194
8054
18333
42302
10228
8187
12141
9430
12743
42835
9337
5
100
9293
10259
40367
9088
7812
8137
9430
40367
39341
9939
13230
8705
9025
9029
7335
8704
40367
14842
8022
9167
22939
23895
9207
9194
43961
11229
382
9070
8042
9438
9879
8711
9055
8593
7689
387
47694
9030
9815
37655
7470
9430
14628
9119
8146
7623
37921
14472
16798
9148
9536
7187
13042
9168
10293
11169
11181
11540
28738
9017
8340
6824
11585
8135
13919
41591
9023
9123
8336
25318
21760
9738
20616
27146
46483
9439
11522
9511
34851
8
9426
14450
46715
12199
15449
9563
20056
36243
12039
8765
17692
13363
9172
10470
11050
12767
11194
13472
681
19993
26815
10150
50613
18641
41157
5
100
9138
7415
13409
10043
46027
7426
10695
387
46027
10034
39982
9758
9030
14112
10412
7235
20018
9062
8146
7623
26930
12199
8711
10033
17454
8704
9133
11341
8030
12957
19272
14465
11768
22301
13929
9430
20508
9238
9632
9728
8756
8186
13162
10539
7470
13254
9307
9279
10453
13576
11506
46365
9243
13493
9038
9029
7888
9804
9599
10063
7981
21894
11159
6903
9304
9033
9882
9039
12115
11348
473
22765
26616
19303
9135
13872
8
9563
11380
8263
6858
12139
392
10079
12691
16293
19317
7789
9667
30601
26098
9292
49036
21734
9020
38916
9324
9034
9214
10100
29018
8159
35952
12108
10580
3
100
10464
22973
15381
9030
9882
11101
9676
9029
8146
7623
22973
8135
12199
8711
10033
43249
7252
9172
425
414
421
429
681
9331
9246
11341
12957
20659
9489
9084
6890
9048
7985
7626
9052
14006
8604
10071
8148
9172
418
37090
15369
15949
15316
10226
7249
10960
8
10384
15416
13803
9456
39604
6958
9528
26435
10824
7541
13910
19856
10148
9518
43494
9510
36893
23723
15326
17572
10869
14978
13363
9194
10470
12575
47089
14363
8052
8563
7840
20953
9094
7109
20989
11010
9390
28999
396
9869
9834
10055
15476
16863
8263
7058
7187
9168
11384
8420
10463
33082
394
9869
4
100
9215
12372
44163
10135
7235
10488
9156
8146
7623
37921
9194
8814
7485
8143
12671
382
46483
9982
43804
389
446
16770
10929
442
13038
445
44388
43832
9662
11585
9511
9508
8340
6824
11540
28738
9639
11181
8159
19657
12333
23766
7485
8143
25796
48569
9882
13230
6958
9839
24767
8704
8652
22301
11570
9180
44163
11328
6903
9304
9170
9438
9430
31049
13489
32739
9033
10135
7235
31731
9016
8
12199
8711
10033
13805
21734
9045
7888
32030
6995
9563
37043
9184
7763
7244
9036
22976
9023
9772
383
11995
384
15389
12154
8265
9395
9706
14465
407
16372
21277
22438
12289
4
100
19306
17339
9059
6967
8137
9337
9068
9278
9564
9277
9912
9048
9648
9133
32030
9465
13579
12442
14222
10776
14073
6866
9508
7335
8704
17339
9059
6967
8135
9346
17049
9244
7395
9033
9280
13229
15465
9355
43213
8599
9325
48512
11686
21203
13671
12834
11488
13417
7407
8428
9021
14226
17761
10090
9199
14441
9581
39470
16709
24873
7198
9391
15787
8711
10251
25572
16374
8705
9025
9029
23006
7788
21277
39344
25235
9304
39306
9376
7884
10100
19870
10599
15177
26421
387
19295
12350
17397
6903
17400
22353
7991
9178
11764
9430
17932
19265
15840
13235
19430
8146
17310
24625
9736
6
100
9046
7492
10016
7399
8420
11630
7426
50517
8704
12557
8041
10010
30899
8135
48101
9518
9267
9231
6949
26616
9668
10078
15118
8143
9960
13277
8146
9253
7235
9168
11888
9149
9182
7109
9018
7494
7312
13001
8137
12057
8705
9243
29213
7182
7489
9043
33323
9292
7235
9510
9773
13578
8263
6872
6889
26764
7071
8149
17339
9052
9563
20403
9097
8702
9130
9758
10070
6903
10323
9900
11968
9312
6872
10010
7067
11097
9325
9195
7109
21951
14042
7239
7530
34008
26616
9176
9046
7492
20993
9220
11002
9604
8263
6872
16691
8
12199
8711
10033
13805
21734
9045
7888
32030
6995
11528
5
100
49166
9077
13501
15730
22828
9017
8146
7399
15730
22828
21835
11943
12199
8711
9148
9347
14465
8263
7058
7187
9168
9390
9130
11687
10219
10293
7250
9248
9456
26829
9172
8719
7653
8345
6958
681
16718
8643
9950
9430
9246
9085
9869
9902
44437
18992
26421
387
22301
37921
9563
12190
21073
9038
9426
50860
15704
11092
13412
9062
15118
11768
9640
8056
16276
49251
8286
7470
15918
15730
8345
9446
15852
7586
18818
30748
9025
9080
42526
11159
10107
8745
11328
684
9131
7530
22137
7623
23191
13731
9267
9366
35439
29918
28280
9659
9028
6962
47002
26973
9135
13872
8
11528
7888
3
100
37648
9712
12557
7470
11219
7991
9277
26116
11530
9065
27458
39964
25679
9207
31731
22301
37921
9194
10470
11050
15402
7055
7144
16718
8643
8148
12479
16715
10488
14465
8146
7060
11570
9052
9235
30911
9140
10464
9030
9390
17984
10378
36349
22112
7252
14575
8137
9422
9063
7144
8143
9526
16535
9034
9062
26421
387
30601
33940
20316
9036
9260
10116
10063
8264
8168
11087
9278
45231
9033
9199
10021
22438
8262
377
9131
7530
29843
7623
23191
9430
18401
9136
11968
9185
7487
19959
19095
16462
6889
21030
11312
8705
9025
9080
16879
39417
10030
9677
6872
19303
13525
8704
4
100
49462
9040
9702
17676
375
25294
9040
9702
17676
375
8194
9409
9311
9340
16136
15177
15717
9359
9863
10229
9745
22601
31152
9022
10687
21473
27077
9033
11066
9580
9068
9040
9620
9655
9861
12782
9290
9181
9025
9029
8146
7399
9249
11132
44534
12222
8022
9552
26248
9038
9427
16300
7991
9178
30857
9306
10829
36725
10075
9512
27077
9685
9277
10175
8066
9304
9745
29314
17155
8135
22968
11039
9439
12553
9119
36045
9306
13679
14581
14611
18807
9207
10805
8705
14345
9080
10978
17885
25601
9178
34616
10152
13548
20034
11213
14223
26121
9199
14441
37653
10854
9134
14088
9027
4
100
11019
8168
11252
9154
387
35265
9154
9030
9882
9684
9238
12313
8146
9826
8711
8210
10010
7335
8704
9018
18554
44188
7252
9172
8022
8467
7610
14026
9479
8467
22623
9430
10313
14417
8066
9304
10998
11401
27790
12438
10665
9161
21657
8745
15997
38714
9025
10517
9036
9199
9704
10542
34619
8187
9599
22301
9084
12053
9216
11909
11003
8711
14472
13805
9168
13572
12298
9044
9220
8364
8137
9430
9390
10368
49009
12921
7622
7877
9032
8688
8608
8469
8137
9264
8194
9033
30015
12498
10293
11387
6963
8042
6958
20026
16537
9426
414
407
25288
7191
12326
9640
17371
9136
5
100
23706
24101
9065
8084
8707
10809
387
9394
9022
9065
8084
8707
10671
9080
9362
11114
8148
11817
11777
24488
9585
6947
41481
10021
9194
18129
382
12240
9644
9048
8146
7397
8704
10875
9845
15625
21635
8135
9927
30405
9917
10413
23358
50285
28569
15366
11251
13368
14934
6903
10735
20617
9257
21319
9433
18587
9745
13997
9430
9469
9455
10152
13548
13166
25558
7991
9178
43056
9424
45307
18561
18816
9422
9278
9650
9367
9383
9337
9025
9029
47637
9018
22455
37073
31361
9167
32889
22329
8149
14195
19561
7788
15378
9644
9780
32894
13023
9277
9199
31753
17044
6897
17885
25601
9178
4
100
9114
13374
11316
44868
9023
10063
8092
9620
9018
14594
9080
9362
9351
7470
9207
9469
9394
13768
30229
11382
20702
13525
27914
9108
29843
7623
9046
7492
9592
15378
15709
9337
9025
9080
9548
9290
9054
9651
12733
7530
10063
30903
10070
8137
9347
9805
9094
8149
9148
9536
9673
9168
9716
8705
50375
16773
9505
8146
7060
21734
9052
9528
15883
8236
17605
37724
9466
8143
9036
18146
8022
13160
6889
9816
9848
7373
46005
7487
18638
31338
6905
9293
7556
18902
20567
9675
11667
50345
16863
8052
7596
17415
9604
35881
9782
9655
9650
11897
9019
19303
21480
27914
9447
9745
3
100
10152
9034
44163
6824
10463
9257
6947
7399
7220
9018
44163
11510
10021
9022
10706
9194
7536
7767
10266
10156
382
9551
8146
8196
9258
9170
9438
9430
9745
13997
9754
7656
9025
10541
9213
27914
11132
39349
28235
17000
14700
17785
28000
11611
9463
43056
11993
12313
9154
9207
9366
16254
23247
28657
28569
9294
10413
9023
9278
9650
9679
9383
9337
9025
9029
47637
9871
17220
9621
9177
9517
10152
13548
9422
10701
19561
7788
9258
9745
23236
9552
16591
27077
9038
28467
9062
21319
9149
9306
14208
7162
16040
21201
10091
39734
12242
13368
16601
19610
7965
35162
11777
20736
4
100
13914
10856
31898
6958
9030
9882
13230
12090
10293
9119
7335
8704
14175
9224
9847
7127
10828
27558
16316
20105
7235
10488
9156
8006
19975
9177
9939
9855
26873
10912
13563
10624
9149
19107
16311
9492
10252
8095
9025
9029
8146
8078
9325
49876
22600
37507
8539
9261
31406
42548
8215
387
40478
8643
8148
8614
387
38577
7965
8599
9284
38204
11570
7235
32800
26421
22301
37921
14472
10111
9168
40352
9319
25483
10134
10686
7253
46548
8159
14261
27146
46483
9982
43804
389
457
459
461
9549
444
36505
43832
9662
15695
9025
10960
8
12199
8711
10033
13805
9148
9456
10093
3
100
11345
13036
50923
7426
22016
9148
19101
13036
9497
9168
9246
38966
24867
9023
32800
8146
7623
37921
9194
10470
12405
12767
18931
7759
11573
382
19993
13595
9304
10293
11169
12455
8367
8168
7767
9039
10944
11003
10613
387
42548
44868
9030
9882
27087
10488
9156
7335
8704
11570
10808
9592
20503
6842
9177
23758
6903
46120
8137
10688
7656
9025
9080
14422
13769
9025
9029
6884
7653
6929
8135
12199
8711
36178
9457
8125
14642
31579
7252
29036
11580
10111
10087
13530
20918
8066
15483
11016
9432
14613
9262
15176
26421
9456
26829
27624
8022
9604
9174
33230
17759
9094
9628
7
100
9293
10259
739
8430
8548
8149
22547
7470
9356
8017
10010
8146
7623
9052
739
8430
8548
8149
22547
8022
14063
7788
10070
8135
9194
8429
8643
8148
9712
20237
13047
16727
9036
23818
21871
10293
8718
10010
30899
42170
9180
31354
9720
35943
14905
47202
9552
11560
7662
9668
10078
7514
8185
31354
10261
16233
48093
9795
10764
9243
10552
10590
37184
11742
8191
9185
10058
9581
8671
7281
14055
9564
10055
9409
9488
12491
7329
7162
9517
20237
8143
9076
16943
6824
9934
18324
8643
7122
27726
9359
8155
6958
9355
38407
31272
8705
9025
10310
9417
13202
7235
16409
16691
8
12199
8711
10033
5
100
29306
8608
35907
7877
10107
8159
9044
9220
8364
8137
9430
9390
10759
49009
12921
7622
7877
14527
7119
9032
8688
8608
8469
8137
9264
8194
9119
7335
8704
14472
10183
15179
9168
9172
12438
7622
7877
20237
35907
11337
425
22068
424
408
427
409
417
9752
421
420
426
29382
28289
10293
8711
20237
8066
9304
9033
9882
30015
12498
37474
46548
8146
7633
8599
10107
14710
19275
9404
37184
11742
8191
31354
44797
46483
9982
43804
389
441
439
19180
29383
26494
43832
9662
38204
21470
9844
23328
9511
9508
7194
8364
9599
10196
10087
10157
9156
8429
8643
7631
25831
22301
6
100
15275
8688
11244
8006
9930
8610
8137
9430
14564
9238
9148
9731
9492
16462
7965
10090
9199
15177
26421
387
10869
9359
27073
7514
8263
9030
13387
10313
10306
41046
10146
18566
9819
7799
17098
14826
14133
29614
9029
40865
9049
7884
6903
24119
13538
10408
13769
9025
9080
9172
8022
7803
7877
681
27726
49929
10395
9136
16756
9017
680
8022
7803
7877
12480
12010
10573
19671
8148
9479
8467
7788
8599
33027
16255
8711
39713
12443
10912
9267
22522
7335
8704
14564
9166
13106
29729
48461
12972
10764
15386
9707
14141
9707
12997
9752
6824
12923
30191
9114
13626
32878
9341
10558
8382
9038
5
100
45045
17077
9480
9018
8191
9355
9366
10574
17077
6958
13579
9676
9029
6856
9368
9337
9068
9278
9650
9362
10021
42126
9257
8146
7397
8704
12519
17077
9446
11342
9325
13229
9508
6856
7162
9592
9346
17049
9244
7395
9033
9199
15177
8368
8243
6830
11356
9207
9912
8705
10212
11488
32030
9465
9539
11992
9178
7335
8704
12557
9292
7671
9510
16364
10377
7532
14222
10776
14073
6866
10973
9252
27920
12011
9654
11686
12371
10714
10065
8263
21634
22979
42126
10599
14441
9648
9133
13417
7407
8428
8137
9430
48681
44362
17761
11545
13235
7849
17304
37611
9098
8244
7991
18520
8
5
100
739
8545
7608
31898
6958
9030
9882
11101
11604
8423
46548
8146
7623
37921
12199
8711
10449
9148
10822
17741
9194
10470
12405
15402
7055
7144
16718
8643
8148
12479
16715
10488
14465
44885
7055
7144
8441
8643
10261
36777
8418
16782
9134
12582
6903
27807
22921
25679
9207
11580
19956
9029
8056
26829
9390
9130
8007
9764
38504
15994
9058
7071
30718
29955
9050
11818
11684
9036
9494
9140
13230
12090
10293
9119
7335
8704
9279
26599
12092
8066
18395
9047
33914
9133
10192
15591
10001
8705
10148
9048
6963
8042
8220
19367
8367
10201
10063
7981
21894
22112
7252
14575
8137
9422
9063
3
100
18504
39310
9807
9325
13229
10341
9025
9029
8146
7397
8704
12921
12191
16278
9154
11357
10635
9745
39310
7485
8137
9443
11853
7661
7991
9178
24850
36197
9339
7481
9025
9080
10607
8552
8135
11114
39512
9863
17458
9241
11992
9277
8263
9276
50017
38455
12399
9199
14441
7335
8704
23715
34158
11019
8143
21667
11562
7235
34850
11867
10599
15177
8393
6949
9052
9882
49954
15997
20659
9466
12158
9022
16408
9278
14346
15116
7162
9362
10021
9172
8626
7812
20708
26421
10869
11998
9033
10058
7301
9185
9741
17053
10728
15293
21306
29932
9266
8148
36854
7055
9150
8517
10484
3
100
9450
13815
15016
40410
8148
9172
7877
25306
8660
9105
35646
24088
12178
9430
12248
15695
9025
9029
8146
7623
30015
11943
14472
13805
9168
10293
11169
9162
8364
9599
9094
7187
10087
10157
9156
8704
8652
9230
7487
15283
8420
10161
21666
739
7099
9581
33845
11280
12199
8711
10449
9216
27232
29794
12062
13475
46019
29362
9882
11262
12572
9084
12053
9194
8102
8420
11504
25147
13047
44188
9062
382
8102
10077
37648
8137
9422
9819
9021
9209
10913
13711
10726
10312
10013
13438
11197
7806
11714
29831
9018
38052
11336
10395
9518
19511
9641
31210
7281
7252
33073
10925
19004
5
100
9454
8450
9109
8461
32104
7545
8137
9430
10824
9262
11704
8135
9390
9191
9869
8030
6841
9017
8146
9044
16137
8022
12122
9246
22683
12419
11290
9260
6919
7767
15417
9389
7249
9029
8711
8078
8264
11519
9584
22821
32104
39477
9278
9564
9277
9243
14759
8054
18333
42302
7545
8143
9249
12199
7187
10081
9759
10664
7983
9513
11290
8264
10810
14442
26971
16013
17636
20754
26421
10869
9774
24483
10040
10998
10626
43593
9939
13572
9033
18790
16364
17933
9080
22447
16274
14323
9325
9018
9239
9220
11617
50962
29124
7892
9953
9456
20989
6958
9147
11323
8105
384
10040
22821
42302
5
100
12742
15403
8143
20244
8098
7235
9304
31041
9025
9029
8146
7623
30015
11943
14472
13805
9168
10293
11169
15403
8022
23328
8704
9548
9055
8185
9134
9194
40766
9979
13047
10709
9119
7335
22418
38204
10808
9592
16576
9123
8336
7849
10368
49009
9194
16941
8626
7281
32291
12187
10607
8660
387
28643
7398
7888
8534
9030
9882
9053
10676
9264
8194
9738
9220
8364
8137
9430
9390
10759
9883
11918
8711
12921
7622
7877
9032
8688
8608
8469
6903
9553
17047
9742
24767
12715
31987
22301
30015
12498
11003
8711
19268
37507
8539
8148
20301
8484
7965
7503
12141
13119
9307
11336
37507
6
100
10464
10043
9049
7281
40766
10939
681
30015
12498
10293
9119
8146
7633
8599
10808
9592
16576
9123
8336
7849
10368
49009
9172
8429
8643
44797
20237
13439
41730
9264
8194
9738
9220
8364
8137
9430
9390
10759
9883
11918
8711
9488
12491
7329
9032
8688
8608
8469
6903
9304
10584
8046
7501
6932
9045
20719
24767
7335
8704
38204
10107
8159
9044
40352
9292
47828
12333
31354
44797
14527
7119
12861
9742
387
40352
9326
7536
12333
31354
7631
28659
16756
34398
8148
9172
12598
7119
9079
8429
6893
7281
16053
47054
8276
7410
7372
9407
8255
8456
13503
11987
9394
10005
10935
20237
7694
4
100
16641
10133
8564
7877
12980
7445
7812
8137
9430
12298
9136
10903
42083
10133
8564
7877
13796
16888
9025
10517
9337
10148
9048
7293
16006
10133
8564
9860
16641
9032
9368
13563
9882
11262
17781
8705
9025
9080
49517
6958
8215
9052
20078
7055
37648
387
50667
7484
37086
9030
42460
26432
7489
10458
8146
9826
9062
11686
22301
9084
12053
8135
11336
10395
9518
9267
9366
15920
42757
7249
9947
13711
9038
14239
26462
15225
7335
8704
29794
8626
7281
9582
22932
40056
9603
10433
10021
13981
9788
9029
26421
9018
38052
16858
8187
9436
14509
25583
9172
425
8645
12178
10864
17861
3
100
12122
9647
15697
8137
9430
13895
15902
11420
9036
12079
8143
20244
20809
28881
9304
10106
14836
13153
14465
8146
7623
37921
14472
10189
13805
9168
10293
11169
11181
11540
28738
9017
8340
6824
11585
8135
9018
7521
13015
449
14960
457
20449
5
446
9574
23495
11060
389
34192
9560
12442
9508
8704
8652
22301
11570
9180
9172
10470
12405
9563
14363
14450
8187
681
14408
7669
11414
10001
8711
9882
9580
45705
24177
21695
24767
7335
22418
15852
11194
37790
7198
9866
30356
7252
11439
9524
7652
6858
6903
9304
9033
42548
8215
387
739
7448
7413
30015
17052
40478
8643
3
100
47969
37249
15381
13230
387
12010
7692
7139
15381
9030
9882
27175
9337
9025
9029
7335
8704
14175
7060
9052
10464
9675
9304
9033
9194
19062
15866
9961
8765
17730
9194
13203
8270
9050
7703
8066
9304
9277
19383
6919
8033
382
9284
47414
10488
7249
9341
13455
9717
29080
15148
16066
8705
46548
8146
8078
9325
11570
8168
9094
31731
42548
8215
9180
40478
8643
8148
8614
6903
38577
7965
17052
47703
8359
9222
10163
40478
9942
8148
8614
8137
9430
31656
8143
25098
9112
6962
9025
9080
14422
24767
20496
9804
9599
10063
8006
19975
26577
15247
25768
9081
10633
12396
5
100
9454
8450
9050
30917
11011
9140
12134
10026
11011
9030
9882
15591
10001
8705
10148
9048
8704
8652
22301
26857
11865
12199
8711
10033
13363
9172
10470
12405
12767
23347
13472
23620
13755
9438
42775
9117
10960
8
9426
14450
46715
14472
18032
9148
9536
7187
13042
9168
9563
16858
7244
9741
8023
17698
19864
9194
8196
400
8765
9767
14450
32944
10921
415
412
22068
384
15252
11181
12356
16583
16863
8146
7623
37406
11149
9457
22220
11194
10258
48046
20976
9580
9025
9080
10647
17173
9456
26829
9034
7109
12618
9246
43494
41910
9390
9085
9869
8030
6841
32011
49711
46548
26421
387
5
100
16701
9280
8467
31054
10762
387
12298
14112
7799
10416
9276
9430
9456
8711
14860
17151
12199
13898
394
8213
396
9869
27663
29667
29529
41910
9085
26822
9869
8007
10045
23723
8146
18866
9108
9094
7109
9148
11290
13583
27709
8137
9207
9522
17852
8022
18354
7627
9950
9770
8705
10148
9048
19766
12137
9180
10074
40574
17318
6903
19411
9030
12913
7965
9279
10259
12564
7235
32406
9029
8263
7058
7187
9052
10420
23407
12028
9154
9422
9164
8711
6825
10103
46630
427
9291
30491
12786
15052
7162
9708
25151
7536
10576
20912
42402
14264
9246
30022
7489
9902
36459
14981
11194
10539
5
100
14258
6841
12163
20244
8098
7235
9304
20166
9025
9029
8146
7623
37921
14472
18032
9168
10293
11169
11181
11540
28738
9017
8704
8652
9172
10470
12405
12767
11061
9581
7689
9936
11573
14026
29837
10233
21073
9038
9426
19981
8159
12033
15704
11092
39931
42526
9456
16276
9191
8765
8286
7470
9622
32574
8
10384
15416
13803
12199
8711
9528
26435
10824
7252
43403
8335
9513
9278
9564
10055
7480
9214
11652
38979
22392
18691
8095
8148
9243
14759
15326
17572
12199
7187
14978
18921
399
8361
398
7610
8030
9834
35879
9034
7109
9070
8105
12618
9303
10179
380
9974
11927
10087
16863
7
100
28895
7281
8660
11293
8756
7532
15381
9030
9882
11262
24767
34619
8187
9599
9108
9018
7187
9044
28372
8137
9430
12224
6903
9070
8042
9438
10730
8705
9025
9080
35116
27013
44978
10997
13047
20659
8149
46548
8146
25169
9860
20026
16537
46483
9982
43804
389
450
16025
389
22174
43832
9662
11585
9511
9508
8704
8652
16858
8187
10155
19633
8530
7984
8503
7478
8551
8135
12199
8711
10033
41201
8756
8091
33726
8660
8148
35116
43849
414
388
428
392
10521
12141
44188
13872
8
9426
25608
10003
417
407
24054
426
384
12038
12805
19900
9324
7586
7847
13643
37780
10869
9528
15883
4
100
10756
12610
9684
12313
9021
9279
10453
13576
11506
11643
26616
19303
9135
13872
8
9563
11380
8263
6858
12139
392
10079
12691
16293
19317
7789
9667
30601
26098
9292
7888
11816
7671
9148
21734
9020
38916
9324
9034
9214
10100
29018
8159
35952
12108
10580
9038
9029
6963
9034
26284
45240
12199
8711
10449
23576
8146
10149
17333
7770
8704
15658
17939
7597
7877
9097
10944
9464
387
10063
28397
9023
9054
11531
8718
12733
7530
31455
13969
9062
7981
7788
13175
8135
42393
22679
8022
9552
11154
32566
6824
8243
8359
7625
20269
11432
7561
22267
17214
8042
9607
11585
10660
28762
4
100
9046
7607
18236
13461
8066
9304
9046
7607
8091
10676
41697
9038
31000
9033
9030
13914
9300
10115
18736
9098
12364
7335
8704
35265
9133
25041
32445
9200
13016
9368
13563
28989
33828
9508
8146
8078
9325
9088
9743
19593
9801
26457
47734
6931
10090
10599
30840
9135
14335
7801
8520
12834
41767
9811
9080
13091
19057
17853
11058
23426
9025
45706
29123
33778
14441
7965
8095
7397
11019
8168
9238
10199
9439
37521
10207
9362
10769
11678
26033
9965
8006
7258
7532
14162
9515
9562
18312
9025
9029
7706
7383
8705
10212
9169
6857
7407
7426
48052
6919
7789
14687
6889
17458
50522
3
100
9824
20531
10107
8066
9304
9279
10453
37005
9207
9882
23191
10488
9119
8146
7623
9672
10260
9194
10470
12405
12767
20531
32944
8765
382
12068
46483
9982
43804
389
444
9792
9768
50097
43832
9291
9430
14827
11585
8137
16041
16622
9703
10583
14472
16798
9148
9536
7187
13042
9168
9017
33838
10808
9044
16576
21734
9045
49036
9143
38916
26945
49253
7889
9052
16062
9524
7767
7586
387
9324
7626
10334
9018
12956
9235
8344
12198
9212
8265
45857
9110
8127
8194
9030
9843
9028
12031
9086
6947
7503
9136
15395
8711
20451
27910
11604
15349
6841
7488
11187
9376
8187
5
100
12396
11486
9192
7767
17436
9023
9640
383
6963
9034
18638
384
9172
7085
7556
10714
18405
9016
17582
9443
9339
9025
10517
14355
50206
37664
9135
8718
26973
13525
11084
9324
9034
20684
9640
10072
9440
30284
8146
9498
10846
384
9265
7235
10150
11790
10028
9124
10341
32239
9131
7530
24310
7399
7220
45887
12371
12587
11273
8073
6958
9355
10185
24117
8137
9078
7890
9031
9144
15910
20480
9463
27914
9108
22137
8196
13300
19588
11271
14651
13823
684
7162
45211
9552
7791
42640
9337
13444
9126
9668
11649
14927
9168
16732
11250
46859
37666
9138
7559
9062
8704
8652
30601
26098
3
100
10464
12224
11252
375
378
27013
739
378
43128
12438
10952
739
5
442
35112
463
444
23616
8
10070
8135
9265
8806
9293
11345
31354
9023
20237
7470
17624
7530
375
37184
9036
8161
8137
9109
7816
14782
8146
8196
9730
23437
34166
9080
9044
22954
8185
22633
12857
9927
22426
8056
11170
25594
11630
8022
30616
10542
19561
7788
45887
41281
14585
10021
35116
438
8429
8643
44797
438
23360
37767
9018
18554
31442
31354
7631
28659
9215
9607
9744
7978
10010
8030
6958
9449
14527
32936
16812
8718
19826
12598
7119
34535
16248
8104
9465
9585
43056
9488
12491
7329
4
100
10328
10313
22893
9478
9276
9430
10313
14417
11101
15205
13214
31511
10148
9048
8704
8652
12199
8711
9052
9390
9085
8007
9764
9925
10504
17394
387
9058
7071
15220
10328
6903
10192
17006
9167
22893
12090
11604
8378
9016
8
9563
11380
8263
6858
12139
393
10079
12691
16293
9697
6884
8747
9667
30601
26098
9292
7888
11816
7671
9148
21734
9020
38916
9324
9034
9214
10100
29018
8159
35952
12108
10580
9038
9029
6963
9034
26284
45240
10063
28397
9023
16330
8705
12044
12268
10070
8135
23559
9328
11823
9031
377
9131
7530
11271
9050
6997
9017
7981
7788
23576
10228
23019
4
100
12557
8143
11384
34105
9017
8146
7623
16718
8643
10261
12199
8711
10033
13805
9148
9456
10093
10087
9168
10293
14465
8441
8643
8148
10808
9592
9390
12283
396
9869
8030
10378
36349
9246
9130
8007
9764
14860
8137
16929
26421
387
22301
16718
8688
9180
9172
10470
12405
12767
32650
7801
8149
681
11570
9023
10824
7252
11704
9044
9278
10017
16061
17414
11464
18708
11918
9062
680
41157
32650
7801
8149
14026
9741
20717
10559
7426
10407
17451
25991
9080
9077
24524
10951
9042
27014
9589
30789
9207
13153
8704
42526
10141
9628
24584
17613
13226
7487
17052
22821
32104
7545
11587
3
100
22821
12384
28293
8148
9172
7877
25306
7397
7180
12178
9430
12384
13538
24309
26619
9025
9029
7335
8704
29794
7397
7180
8135
37648
8137
13563
12668
43689
15605
41306
9337
9025
9080
9199
13366
8146
13644
9882
9494
44631
41203
25970
10854
11018
8705
9788
9688
9745
24339
15918
21657
8745
12384
23347
7235
10312
17262
9025
9341
21672
13902
9638
14908
26421
387
9018
18554
44188
7252
29794
9981
7085
9860
11336
50667
7484
37086
8066
10377
22932
40056
9603
10433
20078
9023
10021
16888
11250
9418
12743
9130
10785
9168
13981
7847
10310
12425
9110
24082
6958
8215
8022
29517
4
100
9293
10259
20666
21422
7055
40367
9030
9882
13579
9430
23479
42226
6962
9025
9029
7335
8704
9912
9133
10021
20782
8146
9826
8711
26116
11530
13902
9638
14908
26421
387
20666
21422
9120
8224
7162
10161
33038
14900
16712
43487
32619
7777
9224
13902
9626
21647
9418
9447
14411
9172
43961
6835
7756
681
33681
13746
8137
9422
10154
7235
12138
7249
9341
9947
14133
23853
10960
8
10384
15416
13803
12199
7187
10040
10824
9023
9034
7109
9070
8105
12618
9303
10179
380
41910
18921
399
8361
396
12575
9834
9437
8718
10010
15326
17572
9456
9359
10151
9168
20081
9390
28999
8
100
9538
7374
7182
739
8545
7608
31898
6958
9030
9882
16930
12090
11604
15349
7335
8704
12199
8711
9052
9279
26599
12092
16782
9261
11684
9036
9172
7024
9588
15402
8143
9293
681
11596
