4
100
17339
21071
9347
9154
10993
14110
11630
8711
7258
7532
14441
7965
8425
7889
9908
17339
6903
17969
9021
38409
7788
9178
39514
8135
14821
9036
23036
9784
9075
9240
17302
9138
8337
387
9394
9226
11187
12862
42226
6874
16766
8146
7312
7162
33101
9133
32030
9465
30172
9499
9307
10138
30315
47230
9034
8024
11488
10124
7991
9178
8164
8137
9443
9068
9278
9650
9362
10021
14226
46503
9277
9257
7546
8022
33099
9366
11146
30700
12537
8143
16711
40358
9154
24172
18747
10017
11525
17932
14674
8705
10212
17896
16285
15740
9199
37428
15105
31154
13088
9052
12218
8704
9330
9562
5
100
9450
11088
9480
20244
8098
7235
9304
20166
9025
9029
8146
7623
10647
7162
9172
8347
26347
20244
8098
12178
16727
9036
9882
13230
11328
6903
19534
9605
50663
9422
35533
47414
10488
14465
680
29969
9605
13941
9140
9450
11088
6958
9553
9286
11873
9378
10228
8187
681
9180
39735
10741
10251
31412
20005
387
20757
9225
32800
7335
8704
9172
28175
9304
9033
10464
25854
11987
34359
19975
9229
8772
10026
11987
25377
7244
17736
6918
7892
681
9030
14175
9224
9847
7127
10828
27558
15591
9430
29889
25701
9919
38424
9038
28453
8705
9025
9080
15148
25976
26421
22301
39848
9052
12199
5
100
25768
9304
9277
17969
33101
10135
7235
10488
9156
8146
7623
37921
9194
10470
11050
31651
46740
17901
10363
6841
8393
7470
9422
9888
8186
9923
9771
17930
12123
16727
24733
20496
9052
14604
10686
8263
13617
7586
387
9095
22759
9304
9033
9882
9553
19011
6903
13230
8719
10333
20451
19011
9225
51125
7335
8704
11570
8168
9094
31731
42548
8215
9180
40242
17901
8143
14871
25993
12224
10613
8137
9337
9025
9029
26421
22301
23191
9430
12767
9613
8612
13536
9224
9123
10181
11721
9038
10223
8104
25226
9439
16637
13226
9141
7847
7488
9140
9301
8461
9276
10647
8711
20503
6842
9717
4
100
12396
11486
10584
20503
8137
9207
12199
7187
13805
9148
9018
7187
10087
9168
9563
19367
13386
7426
45903
20322
14248
13363
9172
10470
10521
12767
10417
10238
681
19993
26815
18442
9999
8146
7623
10647
7162
9426
11074
12506
8066
9304
13153
8704
11107
9456
8711
9609
20659
8148
9257
11675
8756
7380
35210
9640
8056
26829
9447
11999
10892
9261
9916
9036
24873
15213
9224
14952
9564
23193
7250
15910
7530
22137
9136
9689
13494
9021
11772
16195
8705
9025
9080
25012
39417
26973
13525
6963
8042
7586
26869
9640
8160
9932
9745
9357
15876
9430
9306
10829
13997
28467
9038
9022
5
100
9046
7492
19163
12079
10148
7235
11205
8263
11335
9395
387
12079
38998
17721
11978
9029
8146
7399
9513
12199
7187
15179
9148
14039
9194
10470
11050
31651
40242
17901
382
13215
8022
9167
13493
13097
28597
9080
50038
13617
7071
11194
8014
11694
14604
10686
6824
14656
12577
17073
9055
10062
9422
9882
14832
8137
11604
8423
10148
9048
31832
14450
12506
9804
9599
10063
8656
8344
46740
17901
8135
19220
9670
9689
10622
7244
9956
10341
9031
377
9131
7530
29843
7623
35217
9430
9279
10453
13576
11111
14204
17033
9030
9366
12418
14830
9846
9243
9032
9913
19303
9135
13872
8
9563
4
100
17707
31898
9480
11000
7235
9580
9025
9029
8146
7623
37921
12199
8711
9148
10822
17741
9172
10470
10802
12767
14671
20050
13472
681
11124
8159
9140
13755
12262
20050
9589
11684
10293
14465
8056
26829
9390
9130
11687
10219
10141
24121
14631
7252
14671
7660
19644
11098
10464
9030
9246
31308
10378
27379
26421
9456
26829
9741
20717
10559
7426
10407
22821
40247
7532
14743
10293
7250
9101
11181
10872
11570
8168
9094
31731
9064
17698
9939
18109
14598
8452
8137
13647
33940
18992
7335
8704
16930
10026
25515
7783
6903
9304
11003
10676
9264
8194
9033
38204
7235
25976
20496
25324
9882
5
100
9242
9379
11693
21308
18614
9325
13229
9508
7335
8704
15386
409
6824
12923
9228
18651
42600
17764
9511
21308
9098
11577
12972
12364
49019
7586
9752
7162
9351
16709
14458
9492
20305
11545
24873
7198
9391
18028
9277
10254
9178
26421
387
41845
18418
9430
22452
8765
30299
13235
7849
17304
37611
17537
9061
10279
36122
9960
8405
10090
14830
9029
8146
8078
9325
9346
7071
36736
9693
12006
10108
10764
27726
9359
9341
14564
7584
28418
14441
7208
10720
15386
409
7470
34300
41006
16285
24923
9301
11806
17761
45816
10337
10571
25206
9025
10541
14355
10826
7965
8425
7889
9908
42655
13132
4
100
39982
9421
9480
30653
8148
9172
7877
25306
8660
8137
12395
9912
681
9030
9882
13230
15591
10001
9119
7335
8704
14175
9224
9847
7127
10828
27558
16316
20105
7235
10488
9156
680
8006
19975
10624
13251
12480
49876
9939
13602
7122
9025
9080
11153
9805
34927
22600
37507
8539
36672
6948
9276
9430
42738
39351
12694
8705
46548
8146
9858
20038
46788
12715
9304
9033
10464
14558
6905
20038
7965
7703
8066
25701
9304
9277
10584
6905
9225
11630
7249
9029
26421
387
22301
37921
14472
10111
9168
40352
9319
25483
21734
9045
49036
9130
38916
10293
11169
20503
25657
28738
9017
8159
5
100
13914
11252
45893
739
8613
8137
9666
8236
41547
8146
10431
11252
45893
7252
11019
9261
46435
9124
34108
9870
10030
10078
8063
8168
9238
27034
6900
14053
12862
9806
8015
8006
22627
6969
10078
6947
7084
739
7129
7258
7532
9069
23775
12371
9266
8702
34693
43056
9018
6866
10021
35265
6958
20483
7801
8520
9446
11678
7383
13016
9399
11947
13233
50522
9122
31204
13675
7706
26033
9965
9068
12725
9443
33158
13656
27290
10254
18396
19561
7788
10917
9169
7489
39827
14807
8084
36500
7561
7428
12729
47734
6919
6889
27972
9427
9135
27436
23172
6972
389
11403
12857
9148
35265
9368
5
100
10195
9912
9930
8610
18205
387
9912
7395
12537
9030
9882
11683
9430
46122
9244
11356
9337
9025
9029
7335
8704
9346
10294
11139
8022
12972
10764
15386
409
8066
10403
6824
12923
16285
17764
9033
10599
13229
9508
8146
7397
8704
12443
7824
9177
50691
12735
9955
11492
43213
8599
9325
14830
9080
9243
10552
10960
8
9426
14450
46715
12199
8711
31342
35853
16021
17073
8135
9034
7109
12618
9349
380
41910
9130
8007
393
9869
7489
11095
30112
7250
9217
10087
16863
9489
9595
9398
9518
9459
44344
28311
27035
9017
26421
29550
36459
9773
10061
9035
8263
7058
8711
48413
31442
3
100
37979
21290
17676
9140
9022
16711
11446
9307
9558
9430
15223
9136
9745
20545
10345
6828
9025
10517
26006
9199
11447
9048
8146
7623
16718
14386
14472
10151
9168
9390
9130
11687
10219
10293
11169
11181
11540
28738
9017
8340
6824
11585
8135
9018
7521
13015
457
451
17447
449
41141
5
452
18597
9485
389
441
11308
9560
12442
9508
8441
8688
9338
10230
15605
47340
9536
7187
13834
9148
17399
9168
9123
8336
7849
16328
9119
8159
14261
27146
46483
9982
43804
37652
12153
447
461
25228
389
9821
43832
9291
11522
9511
34851
8
9563
11380
8263
6858
12139
393
3
100
9689
10239
34949
382
15591
10001
9119
8146
35942
10239
9756
10161
20312
9426
18795
9605
8104
9046
11443
12199
8711
9148
9347
14465
8056
26829
9194
11675
8006
9135
9154
15259
17730
9194
49004
10661
12187
9394
31969
19975
14135
6918
7892
12141
11454
9062
7335
8704
9456
8711
11793
19785
12380
11573
34407
9494
11328
7235
10601
8705
10148
9048
26421
387
15220
9265
22521
6903
9065
8703
15831
11684
9036
12549
9099
10947
12138
9038
9029
8381
7290
12380
8135
10769
9044
37524
8703
11103
9422
12549
45034
8148
20786
25494
6918
16428
14472
10151
9168
40352
9319
25483
26098
5
100
9961
10840
8066
9022
9533
8143
9795
10600
9961
19245
11477
9855
30247
9017
8146
7623
11204
8135
9172
10470
11050
31651
40242
17901
681
9086
18380
32750
19864
9877
13079
18237
10034
12199
8711
10033
9563
22147
8187
7194
11197
7788
8599
8750
9023
13363
12250
8633
9767
15523
12213
35641
13509
10225
44541
9324
7791
8093
6903
9304
9178
6963
9123
8093
8135
22301
10840
11886
24912
20033
9303
25844
38637
7877
24954
33571
22634
387
15106
8472
12955
20033
46023
9276
25571
10826
7335
8704
11949
27224
8066
37864
12338
6824
26524
33893
7470
12120
33263
7877
8215
35755
9130
37176
9030
6
100
12224
10730
8137
11693
31656
15381
9030
9882
13230
11328
7235
10488
9156
8146
7623
37921
14472
10111
9168
40352
9319
25483
21734
9045
49036
9130
38916
32800
8340
6824
11540
28738
9017
8159
14261
27146
46483
9982
43804
389
448
20449
457
9574
43832
9291
24583
9511
34851
8
9563
11768
12199
8711
10033
392
8149
9148
9456
10093
15664
8149
9168
26074
28147
31957
7644
15848
8769
10007
27824
9802
50345
19862
9217
16989
16863
11062
13202
9759
30152
7119
11642
11025
9444
17695
22553
11452
16839
9034
7109
20109
10621
393
380
40172
12734
9062
7599
7532
10082
7621
9860
21557
11933
12387
5
100
9279
9308
9529
9631
44039
8137
12818
7530
16930
12090
9676
9029
8146
7623
37921
12199
8711
10033
13805
9148
9456
10093
10087
9168
10293
7250
9248
9390
9130
11687
10219
9246
9085
9869
8030
9902
14671
20050
9436
18992
26421
387
22301
11570
9052
9172
47583
29268
6963
8420
10106
6958
681
23191
9430
9324
9607
9467
27914
9030
12621
14575
9717
17896
9586
9507
9034
9062
7335
22418
30601
33940
20316
9036
14671
20050
9599
9640
8656
7824
9325
9529
10041
16210
19035
9668
10917
9366
9129
9136
36349
8244
7788
15940
8702
15910
9061
22137
10431
10586
27087
9716
9604
8263
6962
5
100
29060
6903
10195
39310
9642
9325
16210
10475
8146
7623
30935
9052
9172
8626
7812
8143
19033
681
9324
8806
10886
29060
8137
11511
12203
9733
14945
12512
39310
7485
9021
11175
13372
9029
6963
8806
12447
12199
8711
12055
473
27908
40648
9023
20659
8148
10058
7810
7172
12438
7426
9478
9090
15384
10314
13645
20787
12921
12191
39998
26421
22301
30935
9052
17939
6903
29000
16368
26221
49202
9215
8420
8704
9199
13366
7691
7384
27400
7162
9456
11294
11998
9033
30765
7293
9038
9327
8690
8704
12760
9048
8756
11285
8066
18758
387
27129
7692
9030
9882
9920
9694
9066
10123
9231
5
100
10428
12191
31406
10464
16757
387
10464
9063
9136
9030
9882
11101
9337
9025
10517
9463
7335
8704
14175
7060
9052
25768
9304
9033
15148
9430
21207
28458
10726
31909
8102
11545
8159
9172
19062
15866
16718
8643
8148
12178
10293
9119
8146
7623
37921
14472
10126
13805
9168
32800
8340
6824
11585
8135
46483
9982
43804
389
457
11650
459
444
23616
441
37531
439
31778
389
22174
43832
9662
12442
9508
10640
7162
10595
393
388
12266
400
29941
396
11537
9585
409
13513
38223
11925
22613
10755
18260
11060
23596
457
389
9772
22985
739
32895
457
22178
9792
26907
11517
36510
6
100
22159
9376
12543
9422
13676
7627
9030
9882
11532
24767
7335
8704
9172
10470
11050
12767
18101
10238
681
9180
10040
19760
9843
14446
8688
9136
36349
9242
9379
20659
9766
8146
7623
11570
9052
16743
9843
14446
20422
9304
9033
10286
22411
21898
10661
7235
24733
34243
23128
29866
11181
10626
9939
9855
16285
9039
7889
9038
34882
14743
32800
8340
6824
10872
13676
10362
9430
39734
22391
9376
19345
9659
9932
11921
13230
8705
9025
9029
26421
22301
37921
12199
8711
9148
10293
17741
9172
7818
15482
9673
12178
11003
8711
10488
14465
8056
26829
9390
9130
8765
8286
7470
9622
9568
20496
10808
4
100
41144
38892
17058
10135
7235
10061
9035
8146
7399
9513
12199
8711
10033
9528
15883
8236
17605
37724
9466
9023
13363
9172
10470
11460
9457
13335
24377
31561
23620
10313
14417
12033
9177
9640
7584
9365
13162
11954
11466
9405
9019
15910
7530
20067
7470
28499
9062
11270
9648
11429
8135
30601
30065
9430
9640
24665
12397
11207
27225
12876
8137
9207
10611
8054
7058
8756
48123
9422
16254
9716
9685
15353
37666
20173
13872
8
9018
30960
10063
8263
7058
7187
9135
9490
10772
15069
17695
9303
10959
16839
9034
7109
9070
9480
9253
11116
17636
10728
9773
14377
8210
12733
9149
29843
4
100
19534
18995
10259
20757
9185
20757
9276
9430
9745
16203
15638
26139
9025
9080
14422
10312
9307
9558
11420
9882
11101
9337
9025
10517
11011
9119
7335
8704
11181
10872
11132
22600
15111
10161
10230
19156
8711
20005
6903
43363
10293
9738
9992
10274
24609
11486
9020
20252
20260
8563
7485
8137
11693
47048
16103
7235
13499
9788
9029
8146
7623
37921
14472
10151
14147
9148
16852
9168
9563
16858
7244
9741
8023
17698
10686
11169
11181
11585
8135
46483
9982
43804
389
457
11650
457
22721
451
18510
25816
449
41141
43832
9662
12442
34851
8
9426
22771
16322
35576
418
414
9667
4
100
12846
9127
10640
30653
7235
9029
7335
8704
12423
6842
9224
29265
9207
23806
8168
9140
17098
7892
9030
14112
18321
20018
9038
9418
9447
14175
9261
9422
9882
13230
23610
8137
10001
8711
10464
18169
17073
9717
9458
35525
23853
10960
8
9563
11768
12199
7187
15179
9148
9018
7187
16989
9168
15852
7071
9628
10794
9023
10971
27011
11317
8159
17617
36933
9802
46903
9436
9278
9564
14114
15942
18398
9506
383
43896
8031
468
7890
7121
8739
384
24867
8148
9243
19862
9217
14147
16863
8146
32653
9759
12329
9193
7847
9044
46903
9401
18790
9246
10842
17636
9271
8705
11086
4
100
9293
10259
42568
16195
7235
15225
7335
8704
9172
7877
25306
8660
9021
26184
12224
681
9185
9172
8791
7198
8660
9021
10730
8704
20002
12178
37648
8022
13258
8711
7258
7532
10021
25098
9580
9025
9029
8146
8078
9325
9882
11262
12572
29794
33726
7426
12668
43689
30412
9124
25098
12720
8137
9025
9080
10599
9110
24082
43103
8187
9599
28643
7398
7888
425
394
8066
9304
16858
16537
12665
14124
11100
33073
25118
19004
430
9210
10693
9062
6844
7398
7888
425
394
7162
17017
20155
20110
9430
32340
10180
11446
9307
9558
16936
10328
20459
45336
43322
9192
10770
17781
9119
5
100
20237
9036
10623
10043
31938
7426
10490
20166
9025
9080
9172
7208
7691
7783
681
20237
7470
13815
9119
8146
7623
9084
12053
8135
11336
10395
9518
9947
9486
16093
23600
9531
8137
24177
9025
10517
9036
9199
13366
680
7208
7691
7783
14026
19224
38576
18182
7824
9076
20885
11576
7409
7301
8711
23463
12923
21855
17781
8704
13011
7584
8013
20237
9017
37184
9269
14277
11404
11355
8022
18890
24561
8066
9304
9271
38348
10133
8185
8599
9168
9267
13453
42676
28881
16066
8705
9243
45487
7335
22418
9172
7293
8185
8599
12480
14527
7119
7055
9488
12491
7329
387
11707
21511
10607
5
100
18967
9451
9480
32739
11000
7235
9029
8146
7399
32739
28276
9306
10339
7627
9518
11795
11455
9404
16096
11165
9773
9174
9340
9017
8702
10972
9194
38361
382
10280
9108
12315
9194
38361
23358
6947
8243
15584
10021
12057
9048
7258
13079
14710
34368
8139
12141
45436
9257
7487
14420
19959
20143
11864
9355
10556
9023
29773
7055
10296
17896
16022
14730
19561
7788
13489
20544
9280
9278
9650
9362
34368
13486
20143
14986
9554
26280
12479
10556
9383
9337
9025
10960
8
9426
14450
46715
12199
8711
31342
35853
16021
17073
11250
9034
7109
12618
9349
380
41910
9130
8007
393
9869
7489
6
100
13919
13883
8518
8143
20244
8098
7235
9304
20166
9025
9029
8146
7623
30015
11943
14472
13805
9168
10293
12495
20616
11248
13919
41591
9023
15695
9025
10960
8
9426
22771
16322
35576
418
414
9667
12199
8711
9135
10081
10141
35283
8000
12638
8135
9390
12283
399
8361
400
7610
8030
6824
12245
9034
7109
9518
9143
44344
11139
11927
28296
10010
9489
12804
9331
9278
11259
11177
10542
7584
7671
8000
9169
11652
13238
14753
393
45826
12841
13365
17059
394
8361
398
7610
29402
9915
16364
9974
10666
16578
9148
24868
14574
9754
7798
9075
9456
26829
9427
9566
8017
10010
9635
50242
4
100
9939
9855
18007
8676
9261
10647
9119
8146
7623
39848
9180
9194
11675
16904
8143
19389
6877
12951
16727
9426
18007
6824
12717
7991
9337
13974
10657
8705
46548
14453
8765
9052
9824
16904
8066
10384
11074
387
9394
9882
10317
8676
9136
20659
9766
26421
22301
10647
7162
12199
8711
9148
14039
38514
9365
10939
382
38507
16715
10488
14465
8704
11554
8719
9804
9599
10063
8056
26829
9036
8135
6903
9304
9033
9553
23631
23191
9430
9351
14867
13755
9377
10216
28754
8159
9651
12733
7530
29843
7623
27087
11975
14979
19601
22011
16879
9069
6962
47002
19303
9135
13872
8
9563
5
100
9689
18101
7627
12035
9154
10472
8146
7312
9148
9258
18101
7756
11349
20545
10252
23279
9347
13872
15157
7470
20319
10655
10478
25181
8704
9200
18101
9866
9043
10095
9044
26273
15562
9498
9199
10021
9172
34243
681
9505
27914
9640
8084
9379
12466
17582
9337
9025
9080
14370
11114
39512
9394
11649
12442
9267
9366
14208
28881
9566
9025
20289
31279
8718
15910
7530
24310
10431
12488
9242
9620
12460
9457
13222
48442
37726
10622
9124
39417
26973
13525
6947
6824
9855
9242
9409
9172
7496
11608
13088
14872
16889
10527
10987
30090
6954
12512
11355
12178
16265
680
6889
6954
15297
8098
3
100
9279
11204
20503
8137
9207
12199
8711
9148
9456
8711
9168
9390
9130
11687
10219
11204
20503
6842
9261
11684
20010
20966
26928
8146
7623
22610
9023
30757
8159
9044
9278
9366
18827
30461
9362
9172
19011
6905
7376
8022
9167
13902
681
9551
680
19011
6905
7376
8022
9552
11649
9658
39535
12480
45211
9759
30757
9401
12492
16089
47053
7406
42941
12817
9062
11084
9172
26217
9553
20893
8143
22103
10312
23619
12979
12234
34358
14277
9633
15072
9140
32478
30337
681
16820
18685
9284
19746
14759
7335
8704
22301
10580
9180
18968
9136
38154
11204
8168
9600
20038
15118
29704
5
100
9632
9238
10259
14005
8518
8137
22717
9362
10769
10280
14005
8518
8143
28881
9103
7049
8705
9025
9080
9882
13230
11328
7235
10488
7249
9029
26421
387
22301
37921
9172
23941
8518
9942
42848
12178
9430
11181
10626
9939
9855
15997
10647
9033
9030
35533
9580
45705
24177
19386
24767
7335
22418
11570
8168
9094
31731
42548
8215
9180
14005
8446
9136
9939
26184
25098
9455
38910
44978
18566
38204
7235
10293
9119
8146
13644
387
11570
9607
35853
20503
6842
9261
11684
9220
8364
8137
9430
9053
10676
9264
8194
9738
9162
8364
9599
14472
10111
10087
10157
7253
46548
8704
9396
12199
4
100
16947
9664
8662
29930
9017
8146
7623
21835
11943
12199
8711
10033
17454
8704
9331
9246
40982
12957
14936
14465
7478
8662
8135
9664
27439
7485
8137
9430
11336
16947
9518
23410
9510
10796
9122
17949
9046
25843
12160
7892
9030
9882
18422
16278
8705
9025
9029
7335
8704
9665
13451
45192
7449
387
44994
9284
11153
7235
9304
10695
9156
26421
9018
18554
20659
9489
9172
7208
7691
8125
681
21666
7162
10040
11765
10693
7252
9084
21968
50059
14253
9021
10998
11401
11814
8143
41142
9849
12131
680
7208
7691
8125
12480
13003
22976
13074
10377
15989
12512
9256
13098
20787
34588
7
100
10607
8066
9304
9033
20651
9063
9136
7470
10148
9033
10599
14441
8146
7623
9046
7492
9063
9136
8022
18139
10846
10464
9675
9304
24177
9025
9080
9882
13230
11328
7235
11630
7249
9029
15118
9936
7162
14472
15179
9148
9536
7187
10087
9168
9172
10470
12405
9563
9936
10058
7588
7478
9942
42848
12178
9081
9017
19062
14512
12423
6842
9261
9207
14175
7060
6903
28733
8146
26577
15247
35533
30015
12498
25976
7514
8185
16316
16841
9180
739
8132
7122
11352
9590
8747
9030
9824
29160
12120
40478
8643
8148
8614
387
38577
7965
17052
47703
8376
9284
47414
32800
7335
8704
20456
27660
26413
3
100
9689
14320
17345
376
36500
378
10470
11050
391
398
12405
739
378
7584
7433
437
7889
7185
5
375
389
34461
9240
7894
9223
17366
20262
7760
7772
36568
375
389
10070
8135
17366
20262
28153
35119
7397
12801
9659
7656
6969
8084
468
214
9051
7188
12514
22877
15768
6903
15386
8146
10988
9867
43213
8599
9325
26490
10078
7335
8704
29035
19157
34986
12923
9199
9704
22954
25294
9164
7609
8397
387
9162
36547
23865
8470
10461
39137
7824
11414
13233
19970
7965
8241
9361
30857
49969
25698
26884
16547
8137
12726
19970
10010
36045
9142
7374
8772
10662
8022
4
100
10195
9437
8143
12003
6903
9304
9437
8143
16700
9377
24934
9207
10805
26616
19303
9135
13872
8
12199
8711
10033
13805
9148
9456
10093
10087
9168
28814
22301
26857
11865
9194
10470
10559
12767
14253
13472
382
11124
8160
9044
13755
16479
11918
387
19993
9033
11570
9017
8146
7623
26857
15836
9390
9130
11460
6841
14952
21760
14465
6900
7540
8187
9180
20038
18219
10274
383
8387
9143
11164
13292
384
20038
10258
14117
383
8387
9191
13907
13292
384
9030
12803
26514
38409
10293
7250
9101
11573
9052
9074
6953
9085
14814
10825
18862
7767
35341
8104
9140
9285
7767
22149
5
100
9293
10259
40367
9088
7812
8137
9430
40367
9120
9631
11229
8066
14842
8022
9167
22939
45515
9029
7335
8704
40367
33038
9224
11631
6824
26945
9592
32619
7777
9177
9745
24339
15918
9242
10230
35315
9025
9080
14422
14089
9508
8146
7623
37921
14472
10151
15179
9168
10293
12495
11181
11540
28738
9017
8340
27448
15605
11146
46483
9982
43804
389
448
20449
457
9574
440
453
16675
389
441
11308
9662
11585
9511
34851
8
12199
8711
10033
13805
21734
9045
7888
8325
9563
37043
16858
7244
9741
8023
7877
7545
12311
27691
9454
7692
9023
9036
49286
12604
9368
13647
12964
17538
5
100
9138
7415
13409
10043
46027
7426
10695
387
46027
10034
39982
9758
9030
14112
18321
20018
8711
32256
10148
9048
7335
8704
11930
12199
7187
9135
9194
10470
11050
12767
9613
33838
382
11918
9021
10141
18862
8398
9953
41286
9117
9029
8146
7623
20531
9180
9882
9580
45705
24177
21695
11630
9062
7514
8185
14472
10111
14147
9148
13042
9168
19864
49253
7889
9052
16062
9524
7767
7586
387
9086
6947
7503
9324
7584
8756
9225
15395
9033
20451
19011
6903
9304
11159
9675
17073
9136
21942
9672
9878
25033
51125
26421
9456
26829
9741
20717
10559
13941
48123
9207
9586
7372
10920
10293
3
100
10464
22973
15381
9030
9882
11101
9676
9029
8146
7623
22973
8135
12199
8711
10033
43249
7252
9194
425
453
12337
10421
11370
10085
37090
382
9331
9246
11341
12957
10926
9084
6890
9048
7985
7626
9052
9194
418
10845
16239
10528
23616
12187
42530
7198
9134
13047
12120
9390
9085
18329
10226
14465
26421
22301
22973
9180
10869
14133
29614
9080
31498
43760
10071
8148
46063
7691
8125
12479
23756
7692
12614
6824
14628
7249
39802
14215
9017
7335
8704
9018
34462
14472
10449
9528
9755
7877
14766
6853
17698
19864
9457
12743
36645
39848
9752
411
425
9595
398
9023
9877
4
100
9215
12372
44163
10135
7235
10488
9156
8146
7623
44163
35942
14472
10111
9168
40352
9319
25483
21734
9045
49036
9130
38916
32800
8340
6824
11540
28738
9017
8159
14261
11248
46483
9982
43804
389
448
19008
443
23323
440
44683
389
441
11308
9291
24583
9511
34851
8
12199
8711
10033
13805
9148
9456
10093
10087
9168
28814
22301
37921
9194
10470
11050
31651
46740
17901
382
10363
49672
25993
18632
13153
14465
20496
9052
10141
24121
23815
14671
20050
10155
9804
10626
36349
14604
8143
14871
11721
9062
26421
387
30601
11570
9180
9595
399
8656
8344
46740
17901
9680
10352
21686
4
100
19306
17339
9059
6967
8137
9676
9029
8146
7399
9513
12199
7187
15179
21734
9045
7888
6995
9563
37043
9570
25686
9036
22976
9023
9772
383
11995
384
15389
12154
8265
9395
9706
14465
14362
8135
10063
407
16372
21277
22438
12289
20632
7965
8054
9243
15755
12733
7530
10063
8125
9449
29046
10171
19303
16863
7853
12748
9034
9772
14691
41201
8756
9052
9194
19062
9134
9121
7967
8702
25459
12891
25226
9737
18196
9416
7335
9306
9055
13325
9194
28917
7177
6903
9304
12517
13358
24832
6889
29255
14362
9804
9599
29843
8100
8022
11594
14575
9136
9432
45231
9033
11066
10056
6
100
9046
7492
10016
7399
8420
11630
7426
50517
8704
12557
8041
10010
30899
8135
48101
9518
9267
9231
6949
26616
9668
10078
15118
8143
9960
13277
8146
9253
7235
9168
11888
6872
6889
26764
28908
10294
7235
9292
9626
14042
7239
9149
9043
33323
9773
13578
8263
6872
16691
8
9563
11768
12199
8711
10033
392
8149
9148
9456
10093
15664
8149
9168
26074
28147
31957
7644
15848
8769
10007
36933
9802
50345
19862
9217
16989
16863
11062
29408
12412
9759
30152
7119
7791
9044
9757
7789
7621
11001
9278
9366
9153
12447
18398
9506
383
8224
7789
8745
384
14157
9604
20038
43896
8031
468
5
100
49166
9077
13501
15730
22828
9017
8146
7399
15730
22828
21835
11943
12199
8711
9148
9347
14465
8263
7058
7187
9168
9390
9130
11687
10219
10293
7250
9248
9456
26829
9172
8719
7653
8345
6958
681
24102
7470
9430
9882
15111
10574
9304
9033
29918
13997
10345
9932
11921
9467
9254
26421
22301
16718
8643
10261
9563
12190
21073
9038
9426
50860
15704
11092
39931
42526
15852
7586
18818
30748
9025
9029
8340
6824
10872
34197
8719
38308
10413
15381
34197
7762
8143
9633
15072
9030
18805
27487
22353
9745
30675
9744
9075
9558
9207
9929
11532
15016
9119
7335
8704
10107
10626
9939
9855
3
100
37648
9712
12557
7470
11219
7991
9277
26116
15193
7162
9267
10480
10586
22103
9017
8146
7399
9513
10869
9036
22821
29306
8608
35884
45841
9172
25000
8143
9301
11806
17761
10090
21502
8613
14872
22260
12224
6903
9304
9311
22213
21293
21120
14465
35575
7252
12224
25385
12557
9592
32409
9301
16347
21308
6824
50053
17592
9029
26421
387
9018
25098
34023
9873
8608
8257
9177
9640
25000
8143
22452
18614
7627
684
9131
7530
9640
23374
16576
17339
10124
7788
13417
7407
8428
8137
9676
9019
15910
7162
9030
9882
15568
15578
8704
9396
9172
7022
8613
14026
40352
10164
25483
4
100
49462
9040
9702
17676
375
25294
9040
9702
17676
375
8194
9379
9443
9511
9040
9620
13671
18448
9427
11252
8705
9025
9029
15437
7252
10172
9887
13950
9022
12044
10554
9811
9080
10984
10475
8146
7312
7162
11488
11252
9328
13616
9183
9508
30857
45382
11536
9650
13091
9870
8376
9449
9183
10973
12642
9929
9679
7489
34108
18978
9199
14441
36045
45382
11921
9430
9278
9650
13748
39265
10507
9685
9178
34616
39878
9769
9133
15758
14139
10021
9536
25099
28346
7991
9178
37653
11252
9154
10993
10635
19120
9369
9261
24187
9174
7532
13348
9267
9366
9290
13769
9025
9846
9257
4
100
11019
8168
11252
9154
387
35265
9154
9030
9882
9684
9238
12313
8146
9826
8711
8210
10010
7335
8704
9018
18554
14223
20659
8148
9194
7877
25306
8660
40056
15232
37648
8137
9430
12668
43689
30412
9124
13981
9025
9080
9199
9704
10542
26421
22301
29794
16476
40056
8135
11336
42460
9831
35646
24088
6903
10377
26463
9939
9745
28372
8022
51132
25098
12359
9038
25421
9788
10590
14966
9436
10730
8704
12224
8143
12106
424
418
9185
10195
11325
7162
10769
9070
8042
11245
9961
9284
44631
10021
15695
9025
9341
10903
42083
16888
11250
10310
10250
21154
8
9426
25608
10003
417
5
100
23706
24101
9065
8084
8707
10809
387
9394
9022
9065
8084
8707
10671
9080
9548
9290
16346
6889
13358
9035
6947
41481
12627
9036
14112
10584
9582
17449
9532
10972
9018
26095
9430
17582
9863
16203
9676
20289
15562
9213
8146
24030
19520
17831
8022
9167
9689
27958
10312
26067
43056
12102
9094
25354
9278
9650
18814
9261
14337
9038
9029
22507
9782
12517
9080
10413
9023
9278
9458
9795
20294
9362
10021
9063
9415
9551
15190
28569
45937
9366
12386
24037
12320
8092
9620
20617
9592
15378
10061
9304
9062
30903
9919
9134
9366
12972
12360
11686
15709
34891
20771
17450
17751
14553
47204
4
100
9114
13374
11316
44868
9023
10063
7965
8264
9168
9440
11675
384
12397
10516
6903
17305
8705
38412
9126
12733
7530
50345
16863
27914
9604
10063
7670
20423
10482
20558
8137
33470
9511
9767
25075
33490
9124
12876
9685
9036
19303
21480
8146
20684
9108
29843
7623
16625
7162
15499
9095
7601
8186
26725
9167
17913
8143
12554
18521
8066
9304
36364
9072
8712
9823
9422
24119
7799
9080
18760
28031
11402
12880
9427
15354
10314
10013
39396
13525
11084
9018
20684
30601
21734
9300
8066
15133
13363
14932
22236
10869
16868
9040
11013
9552
10056
13372
9804
13133
17834
9717
15955
8704
9188
3
100
10152
9034
44163
6824
10463
9257
6947
7399
7220
9018
44163
11510
10021
9022
10706
9194
7536
7767
10266
10156
382
9551
8146
9170
10283
9294
13619
11140
9525
9454
7621
8413
34614
37061
10445
15115
9485
464
9381
9745
14297
9044
9036
24886
18152
739
8072
7879
19964
453
42121
11045
10272
40720
10969
14132
9266
10627
9609
13121
9113
27914
10063
22507
9782
9162
38321
19935
9080
9362
17582
47041
24686
10341
9025
10310
9031
377
9048
8215
9454
7621
31562
10917
13525
377
10972
9094
24686
9069
11611
10805
13872
12102
19520
51148
22349
9038
10960
16563
7426
15011
739
4
100
13914
10856
31898
6958
9030
9882
13230
12090
9430
9279
8236
20958
13368
9633
45190
11643
11151
10488
14465
8146
7623
37921
12199
8711
9148
10822
17741
9172
8345
7965
9932
11912
20893
12458
681
21939
16715
10293
7250
9101
9456
26829
10082
28937
387
14671
20050
8159
9225
9304
36349
17359
14191
41826
15591
10001
9062
26421
22301
11570
9180
10082
23237
9939
9855
15814
12065
12806
10676
10824
9038
15300
8704
44571
28828
16061
6953
9034
11658
12621
14575
8137
9207
21164
9033
9646
11404
10300
7235
25976
7335
22418
30601
33940
20316
10533
9675
14671
20050
10872
9640
45721
9023
9278
3
100
11345
13036
50923
7426
22016
9052
9194
11583
8143
9673
382
11003
9021
9855
18523
9984
9603
7249
9029
8146
6899
8135
13036
6903
31805
9304
9033
9553
20893
11153
9048
30237
12199
8711
9148
9018
7187
9168
9390
9130
20401
10219
14175
9261
11684
20764
10100
16727
9036
13230
15591
10293
9062
8056
26829
9741
20717
10559
13941
48123
9207
20503
48030
11105
9038
9127
8031
9025
34269
22033
9512
10001
9119
7335
8704
14472
10126
11793
40352
9319
25483
10134
13036
9023
29586
10228
11328
7235
37474
46548
6963
8042
8220
19367
8367
10201
10063
8467
20717
10559
6824
12742
8756
7
100
9293
10259
739
8430
8548
8149
22547
7470
9356
8017
10010
8146
7623
9052
739
8430
8548
8149
22547
8022
13659
9154
9207
9586
25743
9136
23078
42224
9668
10078
6947
7399
7220
9018
6866
38850
8149
13570
9036
10135
17958
28789
13892
12249
7798
6889
10078
8704
9526
20337
13495
9072
8094
9435
387
9306
25743
9177
38652
7691
8137
15003
15309
18206
7530
19123
9220
9313
9651
10010
49073
12173
14819
10574
18251
7285
9149
46156
9050
7847
7372
9711
39417
9075
10305
13175
8135
14080
33896
8718
16691
8
12199
8711
10033
13805
21734
9045
7888
8325
9563
37043
16858
7244
9741
8023
7877
5
100
29306
8608
35907
7877
10107
8159
9044
9220
8364
8137
9430
9390
10368
49009
12921
7622
7877
14527
7119
9032
8688
8608
8469
8137
9264
8194
9119
7335
8704
14472
13805
9168
9172
12438
7622
7877
20237
35907
11337
425
22068
424
408
427
409
417
9752
421
420
426
29382
9681
11181
9589
11684
9123
8336
7849
10759
7536
12333
12921
7622
9799
42460
11437
8660
8148
9172
12438
8149
7485
739
8543
7691
7397
13439
24767
8146
7633
8599
10107
7162
10141
9215
10807
41899
20616
11248
46483
9982
43804
389
13394
9837
440
15524
449
457
24218
17766
389
441
11308
9662
6
100
15275
8688
11244
8006
9930
8610
8137
9430
14564
9238
9148
9731
9492
16462
7965
10090
9199
15177
26421
387
10869
9359
27073
7514
8263
9030
13387
10313
10306
41046
10146
18566
9819
7799
17098
14826
14133
29614
9029
8146
7397
8704
9513
9172
8022
7803
7877
9479
7803
7877
12480
39713
9025
11189
10474
8711
10558
8382
9038
11976
9080
9301
11186
9028
7028
10826
7335
22418
29729
16870
6903
9304
9049
7884
18380
48349
48240
31601
7671
20793
7399
11414
22353
8244
9947
22159
9301
11186
31898
8006
12364
7208
10720
387
9479
7515
8206
8135
9230
8513
8456
10930
12300
19671
8148
10933
5
100
45045
17077
9480
9018
8191
9355
9366
10574
17077
6958
13579
9676
9029
6856
7162
14710
9773
9174
9340
9017
8366
8286
7162
42126
9592
16233
33037
11318
9290
22489
9207
14226
28112
10536
9466
22979
9539
10941
9346
17049
35838
9257
7261
10491
17077
9317
11511
20562
9054
8423
23245
9080
10587
16997
39733
10345
17684
11877
9199
14441
7807
10491
42126
21729
9325
27499
18389
9327
8705
9249
10161
10217
20937
7788
9166
12367
18408
9178
7104
43143
9912
9133
10021
38233
9314
27561
13950
17932
14273
9568
8146
7399
15396
9812
7532
16173
41073
11689
33934
9700
12399
10599
10586
21292
8149
5
100
739
8545
7608
31898
6958
9030
9882
11101
11604
8423
46548
8146
7623
37921
12199
8711
10449
9148
10293
8704
9194
10470
11050
31651
46740
17901
10363
6841
8393
7470
9422
9888
8186
28453
7198
9678
382
16718
8643
9578
16715
10488
14465
12905
9177
22301
23191
9430
40242
17901
8143
28567
49672
11721
9038
14604
8022
9167
30499
30465
42546
8705
10148
9048
7335
22418
11570
8168
9094
14408
7669
7877
9180
31651
46740
8626
7400
12690
12068
14996
14573
9815
417
12513
8471
6903
9304
9033
10223
8104
25226
9439
16637
42548
8215
8137
10001
9119
425
417
426
7162
10063
8656
8344
3
100
18504
39310
9807
9325
13229
10341
9025
9029
8146
7397
8704
12921
12372
16278
8135
9745
36197
9339
7481
11178
9554
39310
7485
8143
11082
9626
20305
10826
7335
22418
29060
8022
9167
9415
10912
9887
9080
10967
20661
18818
12035
49117
12230
10607
8552
9048
26421
387
10869
11998
9033
30478
12438
16373
15620
11980
7858
8137
35838
9199
11039
18365
49491
6830
9168
25557
10090
14830
9341
9947
11175
13372
10960
8
9426
14450
46715
12199
8711
31342
35853
16021
17073
11250
9034
7109
12618
9349
380
41910
9130
8007
393
9869
7489
9883
9437
11927
10087
16863
9489
16131
12743
3
100
9450
13815
15016
40410
8148
9172
7877
25306
8660
9105
35646
24088
12178
9430
12248
15695
9025
9029
8146
7623
30015
11943
14472
13805
9168
10293
12495
9162
8364
9599
9094
7187
10087
10157
9156
8704
8652
9230
7487
15283
8420
10161
21666
739
7099
9581
33845
11280
12199
8711
10449
9216
27232
29794
12062
13475
46019
29362
37648
8137
31406
9882
11262
42757
9062
26421
387
22301
9084
12053
8135
11336
10395
9518
19511
9641
31210
7281
7252
33073
10925
19004
430
9210
24767
7335
22418
33503
14112
9377
24934
9207
9831
8690
8102
15978
13187
12106
415
7470
10693
9790
10607
5
100
9454
8450
9109
8461
32104
7545
8137
9430
10824
9262
11704
8135
9390
9191
9869
8030
6841
9017
8146
9044
16137
14395
11290
9260
6919
17047
9048
8711
8078
8264
10465
9277
10998
10872
9584
22821
32104
7545
9023
13572
9033
10984
10475
8054
18333
42302
39477
10040
9518
9267
9366
18827
14442
13404
47073
7692
18337
23704
9154
10206
7609
7832
11540
9544
17024
6824
12618
12743
31087
9168
36287
9156
7335
8704
47073
10787
29932
11841
11562
7235
10406
9173
16850
9029
26421
387
10869
8024
9114
15703
8148
9215
10807
9939
14579
9700
7656
9025
9080
9172
7804
8688
44693
8014
10997
5
100
12742
15403
8143
20244
8098
7235
9304
31041
9025
9080
15403
9048
8146
7623
30015
11943
14472
10189
13805
9168
10293
11169
38204
10808
9592
16576
9123
8336
7849
10368
49009
9194
40766
9979
13047
10709
9119
7335
8704
9220
8364
8137
9430
9390
9292
9902
9162
8364
9589
11918
8711
9194
50227
8263
393
10286
7656
7445
7812
382
10607
8552
6903
9553
17047
6932
9276
9264
8194
8705
46548
12715
10735
387
22301
30015
12498
11003
8711
10196
15179
9148
10151
10087
12109
40352
9285
25483
10134
23559
8368
8505
9140
19268
37507
8539
11916
9039
10925
8420
23410
24950
15662
10228
38204
6
100
10464
10043
9049
7281
40766
10939
375
8146
8196
9148
9347
376
36500
378
7965
6958
739
378
8126
7965
12438
10952
739
5
440
14916
463
437
451
11308
11756
457
389
22174
43832
8
10070
8135
45887
22600
9228
8159
7380
25455
8137
9784
8017
14782
7711
7235
11355
27670
15729
11141
8269
9867
9677
7978
8006
8084
468
214
9051
30899
8135
9265
8143
35268
7791
10962
10600
9228
9589
15495
12583
19826
37767
9018
18554
9609
33146
12399
19787
9131
7788
12371
12011
10078
6903
9599
9271
7187
8704
15882
10166
29205
9443
15725
7422
9668
26764
6947
7084
25689
15740
6866
4
100
16641
10133
8564
7877
12980
7445
7812
8137
9430
9882
10133
8564
7877
10395
10603
20659
8149
10148
9048
8146
7623
9696
26601
9164
9908
20038
7293
16006
14381
36118
8006
10274
10259
10210
14832
9140
9698
16150
20038
17206
17947
15111
16641
12171
6958
9480
9807
9140
10824
14461
9276
10822
9124
9508
7335
8704
9164
9631
33139
11420
10040
12171
17947
12137
13576
11506
46365
9025
9846
9243
13493
9038
9029
6963
8042
8265
11196
426
381
413
9024
10201
10063
417
426
381
413
7162
12634
7235
30236
27341
13796
15205
39794
33253
26435
28347
10416
8711
32256
50375
9135
13872
3
100
12122
9647
15697
8137
9430
13895
15902
11420
9036
12079
8143
20244
20809
28881
9304
10106
14836
13153
14465
8146
7623
37921
14472
10189
13805
9168
10293
12495
11181
11540
28738
9017
8340
6824
11585
8135
9018
7521
13015
457
451
17447
449
41141
5
452
18597
9485
389
441
11308
9560
12442
9508
8704
8652
22301
11570
9180
9172
10470
11050
31651
40242
17901
681
14408
20002
7235
37252
9156
8656
8344
46740
17901
12068
14996
14573
9815
417
12513
8471
6903
11196
426
7162
14604
10808
9592
9882
30015
12498
37474
9182
10393
9016
8
9426
25608
10003
417
407
24054
3
100
47969
37249
15381
13230
387
12010
7692
7139
15381
9030
9882
47414
32800
7335
8704
14175
7060
9052
9194
8196
398
8765
12767
15223
14843
8676
9053
8265
10661
15800
27539
13755
7767
10676
19993
9119
8146
9858
11570
10950
9044
16576
21734
9045
49036
9143
38916
9563
6908
10807
19864
9194
15118
14363
30320
11277
33838
47708
24733
20496
8168
25424
10251
10647
473
20893
8719
10398
9304
15223
9136
9939
9855
18007
18700
9684
21153
9276
28828
9064
7877
7235
10001
9156
26421
22301
37921
12199
8711
9518
23410
9510
28311
9246
12283
396
9869
8030
9902
20503
33769
16388
9243
5
100
9454
8450
9050
30917
11011
11328
8148
9172
425
417
431
9752
29103
17112
681
15591
9430
10040
9050
30917
9224
11290
32099
11011
9119
7335
8704
9815
417
431
9752
29103
17112
7162
12199
8711
9148
10293
17741
11196
388
7685
8608
21666
16891
21939
16715
9456
26829
9741
20717
10559
7426
10407
22821
9192
7767
9569
20859
13254
9062
8146
7623
9052
33253
36513
8608
10046
9675
9696
8014
9047
40247
7532
14743
32800
8467
20717
10559
13941
48123
9207
9586
7372
10920
26945
22301
37921
14472
16771
9168
9246
31913
6826
10293
11169
11181
11585
8135
9018
7521
13015
449
21663
9574
5
100
16701
9280
8467
31054
10762
387
12298
10997
10416
9030
9882
16254
42811
9029
8146
7623
9084
12053
8135
11336
10395
12618
23410
9510
10114
8265
9435
8255
7426
44188
14465
7335
8704
9172
7877
25306
8660
11244
11702
681
11262
10693
8711
37648
8137
9430
30412
9124
13981
9025
10517
9463
26421
29794
16476
21035
9860
28372
8022
23041
7252
20155
20110
13563
10730
8705
9788
9341
9947
13711
9038
27842
26462
15225
34619
8187
9599
22301
9084
27675
19393
9456
39604
6958
9325
13011
7584
8013
6954
15997
15205
20659
8149
10148
9048
6963
8042
7889
20026
16537
9924
409
9935
21056
10048
5
100
14258
6841
12163
20244
8098
7235
9304
20166
9025
9029
8146
7623
37921
14472
10111
9168
40352
9319
25483
21734
9045
49036
9130
38916
10293
11169
11181
11540
28738
9017
8340
6824
10309
8135
46483
9982
43804
389
457
11206
452
463
20449
448
459
389
441
11308
9662
12442
9508
8704
8652
22301
11570
9180
9172
10470
11050
31651
46740
17901
681
14408
26603
9074
24671
10735
14604
8143
10363
8186
49672
25993
25226
8263
11282
387
10223
8104
7521
7888
10262
11003
8676
9264
8194
9030
9882
30015
13719
32800
7335
22418
15259
10808
9592
16576
9123
8336
7849
10368
49009
739
7432
7
100
28895
7281
8660
11293
8756
7532
15381
9030
9882
13230
8146
15225
7335
8704
37648
8137
9430
12224
6903
9070
8042
9438
10730
8705
9025
9080
9172
7877
25306
8660
11293
8756
7532
15381
681
11328
7235
10001
9156
20893
11585
8135
14472
13805
9168
46483
9982
43804
389
457
451
17447
12494
13650
453
389
22174
43832
9662
12442
9508
8159
14261
27146
20026
16537
13919
41591
9023
15695
9025
10960
8
9426
25608
10003
417
407
24054
426
384
12038
12805
19900
9324
7586
7847
13643
37780
10869
9528
10383
11277
8104
8765
12001
422
12603
425
9189
17105
9570
14608
9018
9239
10687
10190
4
100
10756
12610
9684
12313
9021
9279
10453
13576
11506
11643
26616
19303
9135
13872
8
9563
11380
8263
6858
12139
392
10079
12691
16293
19317
7789
9667
30601
26098
9292
7888
11816
7671
9148
21734
9020
38916
9324
9034
9214
10100
29018
8159
35952
12108
10580
9038
9029
6963
9034
26284
45240
12199
8711
10449
23576
8146
10149
17333
7770
8704
9194
7691
7384
17472
382
31924
6903
28782
10063
28397
9025
9559
10293
19926
9024
7967
377
9131
7530
31455
13969
9062
7981
7788
23576
8135
42393
9324
9034
9214
12015
9552
48215
7062
8091
12756
20496
7607
14524
17137
9030
22267
17214
4
100
9046
7607
18236
13461
8066
9304
9046
7607
8091
10676
18574
9033
9030
44037
9224
16988
24628
39964
25679
9422
9882
13796
20607
9029
7335
8704
9172
8751
8456
8006
10997
13439
9430
13914
48052
6919
7789
9168
9300
10115
27290
9362
10769
10251
9684
21153
9261
9939
35265
8711
10764
10599
15225
8146
14714
13919
8456
10546
15605
12298
9177
10161
16103
8104
9134
26643
13499
9025
9418
12423
9039
9929
36645
12053
8135
48114
10312
17262
9788
10960
8
9426
24622
10081
6953
9379
9081
10366
10355
16839
9070
6879
9062
25148
11746
22519
19475
12199
7187
13805
9040
7424
23216
20759
3
100
9824
20531
10107
8066
9304
9279
10453
37005
9207
9882
23191
10488
9119
8146
7623
9672
10260
9194
10470
11050
31651
46740
17901
10363
6841
8393
7470
9422
11721
8196
13047
19393
49253
16427
20451
19011
387
19529
7840
9030
35533
27087
51125
26421
9456
26829
12199
8711
9518
9036
12314
10017
14604
10686
10539
9354
35699
21647
40242
29179
8143
9265
7643
8757
13028
9888
8186
11042
24934
9207
11630
9062
33838
10808
9592
26098
9292
49036
21734
9191
38916
21351
15431
12652
6886
7055
7285
7541
468
7260
7071
8791
6866
7824
9073
10476
11961
8236
8335
9607
10001
9307
11570
5
100
12396
11486
9192
7767
17436
9023
10063
7965
8264
9168
9440
7756
7497
384
8030
9897
23435
8705
9025
9126
12733
7530
10063
383
8125
8214
9224
24312
9161
384
17491
19625
37474
50375
13525
8146
7060
26098
9303
7888
6995
9563
19367
34856
18268
17491
7889
10273
31731
9818
7824
9052
9055
15238
15357
387
9027
8148
9030
17984
10378
11477
9065
9578
36747
10733
9035
7694
11407
21734
9045
49036
9059
7559
45704
19223
10472
8168
7424
9690
17996
9324
7062
6949
11661
7198
9066
30877
10583
30601
11201
7155
7877
11486
17436
9023
29843
7623
38124
12154
8265
9129
9136
9432
18486
3
100
10464
12224
11252
375
378
27013
739
378
43128
12438
10952
739
5
442
35112
463
444
23616
8
10070
8135
45887
22600
10584
9724
6947
7107
22270
9049
7397
13243
14782
403
6947
24977
9293
19556
387
375
8146
25890
12651
8137
16336
11439
6824
10021
35116
438
6963
8263
8042
438
10542
14558
9238
9324
8263
18698
29205
12474
20486
11867
9031
9144
7978
10010
7965
7556
50220
9018
24030
38723
8022
9443
12087
50694
7788
10185
10262
375
19561
7235
12371
9677
11117
9267
7208
8093
13493
9262
10584
8041
19826
43056
9022
26095
10056
9769
14388
387
9265
7162
4
100
10328
10313
22893
9478
9276
9430
10313
10146
8022
48786
6889
9029
8146
7623
16718
8643
10261
12199
8711
10033
13805
9148
9456
10093
10087
9168
10293
14465
11270
10101
22301
16718
8643
9950
9207
10141
39970
8066
9304
9194
10470
11050
18112
10105
12313
13755
35608
26857
8187
12141
10686
9062
6900
7540
11865
9684
9238
46586
26889
6903
11207
27225
12876
8137
9422
9882
24804
11348
9038
9558
22151
11381
9154
9207
10488
7250
9016
8
9563
11380
8263
6858
12139
392
10079
12691
16293
19317
7789
9667
30601
26098
9292
7888
11816
7671
6995
9018
9034
17680
9042
8530
9023
10149
4
100
12557
8143
11384
34105
9017
8146
7623
16718
8643
10261
12199
8711
10033
13805
9148
9456
10093
10087
9168
10293
14465
8441
8643
8148
10808
9592
9390
12283
396
9869
8030
10378
10107
10560
9018
9044
9246
14753
398
9869
9902
35439
18992
26421
387
22301
16718
8688
9180
9172
10470
11050
31651
40242
17901
681
14408
20002
9074
24671
9304
14604
8143
10363
8186
49672
25993
25226
9439
16637
33031
37252
9062
7335
22418
11181
10626
9939
9855
9301
6874
7877
26239
8614
9240
8635
7470
38409
10090
9030
9882
30015
12498
9430
9366
44437
36184
9033
11066
15578
8704
9396
9595
399
3
100
22821
12384
28293
8148
9172
7877
25306
7397
7180
681
13796
24767
8146
25169
9860
37648
8137
9430
12384
8704
10172
11420
9036
21657
8745
44631
15662
9199
13366
16916
9599
9745
24339
15918
23347
8066
41306
9337
9025
9029
7335
22418
29794
7397
7180
8135
11336
9494
8469
21525
8143
21719
26191
8006
9882
15111
10161
19245
9304
36349
9689
11904
12902
40506
46548
6963
8042
8265
11196
426
414
9613
7162
9640
417
426
414
6824
23411
38641
426
33497
16936
10040
10281
20467
9494
10308
7389
8662
9021
49619
8705
32239
9131
7530
22137
7623
10997
9216
11909
19393
14323
4
100
9293
10259
20666
21422
7055
40367
9030
9882
11101
9430
23479
42226
12520
9029
8146
7397
8704
9513
10869
9036
22821
29306
8608
35884
45841
9172
8732
7877
28182
9023
20666
21422
9033
9597
14872
22260
12224
6903
9304
9311
22213
21293
21120
14465
35575
7252
12224
25385
14381
7877
28182
8022
16898
9080
16082
17592
15835
26421
387
9018
25098
34023
9873
8608
8257
9177
9640
8732
17698
20666
8548
11414
9277
15517
48397
8702
15910
387
9640
7546
7501
9945
7235
9861
11686
11342
9325
12509
35466
6872
7098
684
9284
15568
9049
26049
8
12199
8711
10033
13805
21734
9045
7888
8
100
9538
7374
7182
739
8545
7608
31898
6958
9030
9882
16930
12090
11604
15349
7335
8704
12199
8711
9052
17318
9275
8420
7586
7888
739
7012
7062
7799
9818
8672
15220
9023
9172
47583
11046
681
11282
9562
11004
9279
9094
12621
14575
8137
9207
12097
7187
32555
22374
20818
9062
8146
7060
11570
9180
9324
8806
8194
10967
19062
7669
9110
12623
9524
8104
7849
15852
10110
9018
7056
8033
37022
10461
9899
8220
7427
14265
48821
12691
12623
9212
8000
8806
14265
48821
29895
9225
13659
13872
8
9563
11380
8263
6858
12139
392
10079
7890
8159
8091
19844
16293
9667
30601
26098
9292
49036
21734
4
100
12501
9520
17339
46027
7426
10695
387
46027
16347
39982
9758
9030
14112
18321
20018
9062
7335
8704
14175
9224
28341
9107
8703
27254
9207
15220
8066
16407
8022
11350
8645
11414
17549
42547
8215
9094
10971
27011
9182
12294
9422
25525
7290
7235
22931
8146
9858
10192
10328
31272
8014
7824
9140
16437
9046
8194
8335
15658
28244
6903
9304
9279
8236
22759
13175
8137
11684
9036
14408
10026
9325
11202
13875
6889
9029
6963
8042
8220
19367
8367
10201
9640
7981
21894
9073
7162
10533
9675
38424
9038
28453
9033
30674
13214
15234
6872
15910
7530
22137
7623
9696
21246
24338
13368
5
100
12396
11486
45045
12079
10148
7235
12257
8146
7399
12519
9258
12199
8711
10033
9528
15883
8236
17605
37724
9466
9023
13363
9172
10470
11603
9457
15223
24509
11197
47937
7877
15714
13659
387
9640
7584
9365
25995
9136
9278
22600
9362
10021
10152
9415
684
9383
13525
27914
9108
9640
24665
11618
9745
30229
9207
22375
13023
9337
9439
31279
9038
9019
15910
7530
22137
7397
8704
9065
18047
9430
37016
9167
27807
14089
10341
32239
9383
16773
9505
8263
7058
7187
15179
9052
11766
12829
8702
8521
14835
7633
7812
12092
9023
13363
9172
12407
30320
24509
11197
47937
11337
429
25228
17323
4
100
20237
7844
10259
19534
7892
9444
8135
10769
10280
19534
18902
13216
26347
9031
31134
21308
7470
18614
8705
9025
9029
7335
8704
9450
8150
9368
9430
9745
16203
11252
9307
9689
9658
6903
24804
13769
9788
9341
14441
29969
19982
16898
9080
9592
9325
387
13216
11088
10941
19107
19959
19095
16388
9025
11188
10206
8146
7397
8704
19534
15555
46993
10021
9172
8347
28833
10090
32646
681
9017
12115
26956
9068
9278
9650
9362
48040
12462
8137
11609
11229
9048
7968
7162
44939
19686
9038
43774
17449
12748
9355
9450
10268
35475
7235
9266
9124
16898
9846
11250
9688
49462
9985
21938
4
100
9454
8450
13088
12035
7235
9676
9029
8146
7399
9513
10869
9036
22821
29306
8608
35884
45841
9172
7496
11608
13088
14872
22260
12224
6903
9304
9311
22213
21293
21120
14465
35575
7252
12224
25385
739
8715
7621
6853
8066
9407
8513
387
9301
8159
9030
9882
12317
16285
11355
18479
15740
16082
17592
15835
26421
9018
25098
34023
9873
8608
8257
9177
9640
7496
8155
15910
387
9640
7513
6889
13358
8263
9111
7098
684
9284
15568
9049
26049
8
12199
8711
10033
13805
21734
9045
7888
8325
9563
37043
9184
7763
7244
18398
8031
14596
9023
9772
383
11816
384
15389
10125
3
100
37648
12224
7851
7756
382
9017
8146
9177
10063
8704
9365
12224
21147
9457
10281
11177
377
9131
7530
10063
11675
9023
10730
7252
25098
10704
9426
11087
15570
9366
9290
12487
20289
9181
9025
9019
19303
13525
27914
9108
29843
7623
10647
11149
11975
12224
19016
20672
33166
10310
10687
13129
10586
22103
20702
16773
9505
14453
8765
9052
10040
9843
27013
15213
9136
28952
36349
9194
12407
9578
25415
9269
11975
25431
12141
16727
9036
9882
11772
20659
9766
26421
22301
39848
9180
12199
8711
9148
14039
38514
7461
12438
8143
13561
8187
14986
10747
10488
9156
8263
7058
7187
15179
4
100
10328
16069
8143
16302
7235
10853
15840
9029
8146
7399
9513
12199
8711
10033
9563
12190
17105
9172
15118
8745
9647
8170
7777
10109
7297
9935
15714
9167
13493
13097
28597
9029
8263
7058
7187
15179
15852
29718
13363
20567
6826
7191
11886
9524
8104
7849
38384
9640
10539
8170
15296
15687
14265
6824
21199
9561
684
32555
9640
15118
11768
12634
16393
9390
37798
9771
17394
8705
10148
9021
9018
9044
16137
8135
11852
12432
8137
13215
9038
18162
11599
7669
14608
16992
9033
14743
10822
26616
26973
16863
7597
29739
17886
9925
11248
34197
6900
6900
37761
16322
10474
10601
34197
31557
5
100
13919
9114
27680
38522
8756
12980
7445
7812
8137
24767
8146
7623
9696
26601
9164
9908
34197
8052
27680
9945
9140
27397
10997
10312
34197
14398
14832
9030
9882
14699
14461
8705
10148
9048
6963
8042
8238
11196
426
10046
17371
16911
10048
8187
7556
9634
9640
417
426
7162
10040
11765
9114
8694
11414
13254
8704
15902
11420
33253
12137
9733
28347
10416
8711
32256
32239
9383
9135
13872
8
16858
16537
28643
7398
7888
425
394
8143
10824
6824
9275
10543
13413
9029
43103
8187
9599
12199
7187
13805
9148
9018
9271
10087
9168
9528
9755
7877
14766
6853
17698
13363
9457
12743
4
100
13417
18476
37231
16195
7627
375
25294
739
378
7965
8599
12438
10952
739
378
17447
13394
12641
48478
8
10070
8135
9094
8149
7235
10586
12557
9069
7801
8084
36500
30899
8143
9231
45778
8135
10021
35116
438
8052
7385
20486
22004
12396
7285
438
10542
8146
7623
9046
7492
9325
9304
10624
7397
9028
9926
9651
10010
6947
7399
7220
48101
17969
387
38726
13274
9850
14585
9414
14782
14485
35116
438
8052
7385
12665
9728
12245
11667
7788
29080
15148
11219
6958
9207
10345
6826
9476
376
376
36500
8422
6919
9675
9304
20111
9267
7208
8093
34019
9031
27511
10078
5
100
9689
30478
12438
8149
12035
7235
15225
8146
7623
30935
9052
9172
8729
8006
12438
8149
7485
681
30765
12819
11381
8711
30478
39310
7485
8137
9947
15895
17770
16278
8705
9025
9080
9882
12921
12372
30478
15997
20659
9766
26421
387
22301
30935
9052
739
7802
27232
15384
10764
27400
8066
9304
24743
42836
7689
6824
42940
10395
9136
28952
44188
7249
39802
14215
9017
7335
8704
9456
12055
11998
9033
42598
8679
16368
26221
10437
18904
34158
10607
8552
10852
16229
11630
9104
9029
8056
42822
26270
33172
24200
9920
10944
14566
27134
9021
9231
8148
12498
9701
9199
13366
8030
9399
10869
4
100
9293
10259
10584
40669
8137
9430
13895
15902
11420
10584
9238
12651
9224
11066
16637
9194
14558
40669
12141
9879
8711
37252
9119
8146
7623
24030
12199
7187
15179
37270
8704
9331
35371
18968
7847
22149
9883
29019
9512
41946
9315
14839
38752
9080
12837
26421
387
22301
46288
11439
9324
7586
10023
9939
15395
9033
9030
9192
9743
41390
9029
6963
7586
10583
10063
382
31522
8565
15232
26095
11867
20993
12514
36056
8337
39122
16066
8705
9031
377
9131
7530
29843
7623
9097
10444
9366
9129
9717
10270
13738
16879
9069
6962
47002
19303
13525
8704
9396
9194
31522
8565
12479
12068
3
100
16152
10082
12079
8135
10769
10280
10082
16069
8143
25366
8137
9430
9689
13368
11799
9706
9033
25012
10341
9257
8146
7623
12079
9180
9194
12458
14085
382
9136
9939
9855
9882
16285
51009
9025
9029
7335
8704
26505
18582
44571
13563
9855
13088
7235
9304
24177
9025
9341
9947
9486
16093
21630
10925
8705
9788
10960
8
12199
8711
10033
13805
9148
9456
10093
10087
9168
28814
22301
37921
10141
24121
23815
11181
8159
9044
9390
9253
13307
14475
27379
8340
6824
10872
20038
392
8148
9020
23927
15381
20038
15477
9154
387
10121
28414
10163
38577
7965
8599
9030
35533
15591
3
100
10464
18101
25156
8146
13214
9532
8704
8652
30601
11570
9052
9324
7605
387
17690
7654
11352
9470
7198
9030
9882
9803
7155
7470
20659
8030
11181
11401
39802
18037
32574
8
12199
8711
10033
13805
9148
9456
10093
10087
9168
28814
22301
37921
9194
10470
11050
31651
46740
17901
382
14408
8066
40242
29179
8143
9265
7643
8757
9834
9207
10488
14465
20496
10808
9592
14604
12068
14996
14573
11196
426
381
413
7162
10141
9628
17341
10428
6866
7824
9140
14112
8191
11587
9390
12283
396
9869
9902
12298
9136
30748
9025
10517
9463
417
426
381
413
9804
9599
10063
5
100
13914
22429
9769
14288
13641
7692
7235
9350
9094
9075
13641
10787
24365
9306
14288
9021
18574
9033
9030
18585
9065
11103
9054
9463
6947
7399
7220
9018
18554
9022
22429
7058
14579
16300
7788
9427
13562
8236
9926
9036
9257
8146
10431
12341
12102
12199
8711
9148
14174
9432
9085
8007
8030
22899
38504
15994
37069
15024
33882
9282
14401
17086
43056
9456
26829
25151
396
8361
7489
22898
15994
30263
6889
12989
9293
9261
11056
37322
9062
10972
10917
12341
13895
34092
17336
18142
13758
34774
8704
14575
8137
9207
12097
7187
32555
17671
14398
7540
6953
11687
9032
8520
13309
9676
9536
5
100
12396
8066
9304
9033
32104
8137
20540
7530
29080
15148
36661
9025
9029
7335
8704
32104
7545
9023
13572
8705
9249
12743
31087
9168
36287
24950
13499
9025
9341
9947
9181
7356
9124
32104
8146
15225
7432
7220
32947
8191
9804
9599
9640
8393
6949
10998
10626
9882
18708
27180
42004
45498
14422
22828
9207
24584
10468
14981
12574
11779
15840
9019
15910
9061
22137
7623
23191
9430
12298
9136
10903
29932
35454
15997
13935
9038
23704
9124
14579
9339
7847
9080
25012
9069
6962
47002
26973
9135
13872
8
12199
8711
10033
13805
9148
9456
10093
10087
9168
28814
22301
37921
9194
10470
11050
3
100
40684
29930
10107
387
11290
13583
14354
9030
9882
11101
11604
8423
10148
9048
8146
7623
37921
12199
8711
10449
9148
10293
8704
9172
10470
11050
33253
13445
42268
7895
16718
8688
12446
16715
10488
14465
8441
14386
35912
9136
9939
13153
9038
21942
11328
9021
11181
10872
9188
11450
22570
38619
14979
13230
9512
22220
9553
9140
9824
19345
17450
15148
16627
26421
22301
11570
9052
9426
9605
8104
9046
11443
28814
9172
17413
7625
13445
19602
7877
9231
7401
681
9180
9457
21446
9613
8066
9304
9033
46391
7844
6903
9304
11975
20395
36828
10317
9276
39893
10135
7235
25976
7335
5
100
29306
8608
17707
31898
6958
16718
8643
8148
12141
10293
12356
16863
8146
7623
37921
14472
10111
9168
32800
8441
8643
10261
9194
22507
15605
17707
31898
6958
382
16727
20038
18563
35437
9399
9167
9882
11532
15662
9194
18563
15381
13230
6905
17196
20038
8194
9771
9939
9103
8204
11213
34292
16195
8705
9025
9080
47064
8104
42548
8215
12187
20038
8194
9764
9040
16431
20166
9025
10517
32078
20301
8599
6844
41521
13047
10001
9119
7335
8704
17707
35437
9368
9430
13895
16061
14199
9034
7983
21164
9156
33379
14710
19275
9404
8054
18333
29306
8608
35884
16845
9745
48001
9552
22073
38274
3
100
10195
11639
9945
9140
9945
11967
8146
13254
7249
9029
7335
8704
9018
34971
9188
10970
11533
11639
10083
16004
8137
10619
8711
10001
9918
15219
13012
8143
20766
9377
21647
22381
10387
21379
9422
15590
10488
11568
16266
10884
10960
8
12199
7187
13805
9563
37043
16858
7244
9741
8023
17698
13363
9194
10470
11050
12767
14253
13472
382
19993
26815
9426
18219
14315
9894
39931
9172
41157
13755
17047
681
18661
11124
16351
11918
14465
11675
18219
14315
10116
29837
10233
21073
9038
9735
10453
11625
18427
30913
14473
18603
14996
9033
10040
12743
14326
9891
14253
26857
8187
9048
8056
3
100
15658
36877
9922
7652
10334
11350
27011
13744
9276
9207
12199
8711
9148
10822
17741
9194
15135
8704
9647
15381
382
29303
46039
16289
9029
11768
9456
12704
20038
12225
7992
8159
10338
12282
24126
9935
383
28147
8194
7461
7824
384
20038
8006
19975
14417
10911
9094
10971
7756
7497
12329
9182
12294
9422
14175
34466
12003
9925
9030
9390
12949
13929
43566
10148
9048
8146
26930
26074
7621
9799
9249
9040
8335
9133
31025
8143
44266
13652
26006
9477
6835
8168
10466
7559
9603
8066
30152
50295
27938
16949
9214
11356
28244
9033
22908
7185
7825
20155
20110
29817
10001
9119
6
100
9456
7281
29448
10607
8552
12592
8137
9422
9194
7281
7482
8437
7865
382
30015
12498
10293
12356
16863
8146
7623
38204
9180
9535
7482
8437
7865
7470
9430
39304
10607
8552
9044
9220
8364
8137
9430
9390
10368
49009
12921
7622
7877
9032
8688
8608
8469
387
739
7432
7220
8105
7281
9732
22412
6932
9276
9264
8194
9119
7335
8704
14472
13805
9168
26945
22301
30015
11943
9535
27654
8467
9397
46483
9982
43804
389
442
10435
11650
441
36932
43832
9662
11585
9511
9508
7194
8364
9599
9536
7187
10087
10157
9156
6963
8042
8238
9426
7487
25275
38914
15150
425
384
14832
5
100
9138
7415
21699
11342
9945
9140
10146
8022
9378
10177
383
8649
8608
8461
7627
384
9747
9021
9138
7415
13409
9464
22362
9773
38670
9243
13814
7252
9016
8
12199
8711
10033
13805
21734
9045
7888
389
9563
37043
16858
7244
9741
8023
7877
35263
14835
47937
7877
7449
9023
13363
9172
10470
11050
12767
21666
13472
681
19993
26815
9426
19981
8159
8658
7401
8146
21073
8704
43778
9052
10040
9613
19416
12033
8066
10046
387
9245
6886
9030
9188
10274
24609
17984
10378
49864
8056
16276
9130
8765
8286
7470
24453
9018
37921
10998
10155
17760
9304
9033
42526
9456
26829
9390
5
100
12203
9238
9836
21174
22828
9017
8146
7623
12079
8135
9172
10470
10559
9563
14363
25854
32944
8765
681
10808
9044
10293
11169
11181
11585
9140
20616
11248
12068
46483
9439
9430
15695
9025
10960
8
9426
14450
46715
12199
8711
10449
9148
9456
10093
9168
31342
35853
16021
17073
8137
11684
20010
20966
20534
9802
30757
9401
12492
16089
9194
11675
8022
9167
9275
6830
9638
9312
24832
6889
12817
11927
16989
16863
9489
9034
7109
19584
12618
9353
380
40172
41910
27035
10034
10869
9036
7461
9356
15531
9128
9149
22564
9167
16210
46369
9243
10719
9156
26421
387
22301
10580
9023
9278
3
100
21308
9945
9597
9276
11725
9119
7335
8704
9172
20550
9038
29918
13997
9422
11342
10083
13439
16727
9036
20005
7235
10293
7253
46548
8146
7623
37921
14472
10111
9168
40352
9319
25483
21734
9045
49036
9130
38916
32800
8340
6824
11540
28738
9017
10640
7162
9034
10773
391
393
388
10470
20873
29941
400
11995
9560
12442
34851
8
9563
11768
12199
8711
10033
392
8149
9148
9456
10093
15664
8149
9168
26074
28147
31957
7644
15848
8769
10007
36933
9802
50345
19862
9217
16989
16863
15118
7888
7071
30152
7119
7791
11533
10704
18398
10810
9759
9444
38261
10834
11116
12336
4
100
32336
11486
38424
10416
8066
9279
10453
37005
9207
10805
26616
19303
9135
13872
8
9563
11380
8263
6858
12139
392
10079
12691
16293
19317
7789
9667
30601
26098
9292
7888
11816
7671
9148
21734
9020
38916
9324
9034
9214
10100
29018
8159
35952
12108
10580
9038
9029
6963
9034
26284
45240
12199
8711
10449
23576
8146
10149
17333
7770
8704
9194
7691
7384
17472
382
31924
6903
28782
10063
28397
9025
9559
10293
19926
9024
7967
377
9131
7530
31455
13969
9062
7981
7788
23576
8135
42393
9324
9034
9214
12015
9552
48215
7062
8091
12756
20496
7607
14524
17137
9030
22267
17214
4
100
10464
10043
35723
17305
9023
9366
9290
18623
15910
7530
9640
7981
21894
9882
9308
6900
8724
12090
9430
9279
24322
9304
9033
17760
18393
10805
26616
26973
9135
13872
8
9563
11380
8263
6858
12139
392
10079
12691
16293
19317
7789
9667
30601
26098
9292
7888
11816
7671
9148
21734
9020
38916
9324
9034
9214
10100
29018
8159
35952
12108
10580
9038
9029
6963
9034
26284
45240
12199
8711
10449
23576
8146
10149
17333
7770
8704
9194
7691
7384
17472
382
31924
6903
28782
10063
28397
9025
9559
10293
19926
9024
7967
377
9131
9149
31455
13969
9062
47637
23576
8135
17939
17472
5
100
10195
13299
9422
11384
11741
6903
9304
9279
13989
9882
14805
20279
8711
32256
10148
9048
8146
7623
46391
7844
8135
12199
7187
15179
9148
9018
7187
10087
9168
14147
6826
10293
7250
9248
9390
9130
11687
10219
10001
14465
8102
8505
7844
9180
9194
9635
9971
13299
9422
11384
11741
9140
10822
13431
15252
9167
14283
24668
8066
20757
9021
23029
9532
26421
387
22301
46391
7782
9023
13564
7252
11955
9177
14323
32336
9550
10118
11310
8022
11381
7253
46548
6963
8042
7789
37855
10201
10063
7981
21894
9073
7162
10533
9675
38424
9038
28453
9033
13363
30674
13214
12312
6872
12733
7530
