4
100
17339
21071
9347
9154
10993
14110
11630
8711
7258
7532
9677
6872
10010
30899
8135
34316
16800
9359
19319
25521
9146
9317
9960
11793
10515
13998
36598
6872
6889
10070
17339
13277
9563
9501
10897
12094
9349
7235
9915
9195
9283
10728
9312
7978
10010
7071
16373
14769
10294
9148
17713
50859
9810
11412
45296
10939
38889
9148
33867
11826
9072
8046
18336
17955
9668
10078
7965
38347
21734
10113
9145
47836
14834
20267
9185
10675
13459
16249
9033
14705
11968
16848
7182
42129
9022
8420
9149
9220
8102
8263
15476
14693
18756
14694
8718
16691
8
12199
7187
18032
26098
9303
7888
32030
5
100
9450
11088
9480
20244
8098
7235
9304
20166
9025
9029
8146
7623
10647
7162
9194
28175
9063
7144
12951
14283
22651
12199
7187
18032
9086
34658
9194
8196
399
8765
11528
9767
26599
30320
17736
10731
10363
49672
9422
10228
8187
382
16715
10488
7250
6889
14472
13805
9168
43455
24237
14363
26599
30320
17736
12391
9464
387
15631
10022
10063
8056
8711
9052
9447
16782
9914
6824
9120
8042
8092
14691
32267
20301
43922
9450
7285
14986
14615
7253
18194
9639
9018
18554
25084
12098
14175
9717
11088
6958
26159
30044
8705
9243
9032
9913
19303
16863
7335
9258
9108
29843
7623
39848
9052
5
100
25768
9304
9277
17969
33101
15148
9430
10464
9917
13310
8143
26655
10488
9119
7335
25768
12396
387
26116
15357
9675
25103
29080
15148
17058
10135
7235
33628
10464
6826
11857
10912
20305
10826
8146
7623
37921
12199
7187
18032
9563
20056
29740
17792
8420
12449
9494
8765
17692
13363
9194
8196
399
22413
9426
13408
9096
7423
8404
7799
10661
382
11003
20496
9044
12193
10488
7250
6889
11570
9052
9324
8806
7626
9046
11150
9672
10398
9524
6884
7788
9467
8152
9259
10333
9212
8042
6958
9034
27773
21346
9030
9099
6886
18802
9136
13659
8711
9096
16685
9419
7489
10726
13230
8705
4
100
12396
11486
10584
20503
8137
9207
9563
19367
13386
9605
32984
9026
48973
13363
9172
10608
399
10584
8148
44090
9961
9569
23620
9258
22137
8196
9267
7162
26095
9580
25012
12974
9031
9239
7220
9094
7109
8024
12642
10056
13358
26973
13525
8146
7623
37921
12199
16846
10728
18968
10023
23410
10061
11409
9447
11999
12976
9023
10017
35525
9630
13191
9018
30960
9034
13872
8
9426
14450
46715
14472
13805
9148
9536
7187
10087
9168
9522
17852
383
1409
997
9662
9457
12743
14326
11194
14453
8765
9194
19766
14363
8626
7812
32944
10921
409
446
23850
10592
36932
14480
10403
39239
5
100
9046
7492
19163
12079
10148
11205
9399
9093
7111
8146
9909
6947
7399
7220
9730
8033
11686
9022
12079
8143
11447
9737
9105
8297
8263
33296
7793
9017
7965
7556
50220
9018
12079
8135
17582
22600
14585
11039
19635
8006
8295
7532
12102
21630
11941
6958
9034
12642
13023
9277
11334
9313
9078
9173
10687
12487
11188
10206
22507
15605
15942
13400
8149
15092
7055
9134
9278
9650
9362
11114
9594
19520
26958
24185
10341
13485
43056
9063
12333
22375
9676
22386
11817
9394
9094
6867
10401
9929
10230
17885
11867
9257
10972
9782
9148
10348
11132
9863
10578
13340
9934
9844
9552
31279
9038
4
100
17707
31898
9480
11000
7235
9580
21733
8146
7623
37921
12199
7187
18032
9563
20056
29740
17792
8420
12449
9494
8765
17692
13363
9172
15118
9635
10192
26614
37751
9756
46391
7782
23620
28814
9280
44283
14472
13467
9052
15852
9756
8367
21073
387
10141
44027
9756
6830
15704
14488
9426
46717
12033
8387
26175
9225
9304
9033
44166
10521
8765
15223
8143
7060
11003
20496
13439
10290
8711
24733
30320
9136
9939
13230
8705
9025
9080
10647
9140
13230
7669
12328
47048
20347
9064
7877
9284
15591
11630
13872
8
22301
25939
10869
10890
18246
15602
10973
9080
9194
21471
17920
7258
6958
5
100
9242
9379
11693
21308
18614
9140
41824
19095
9207
9172
8814
12937
11285
23766
12937
51000
21308
18614
13471
11197
7806
11714
20659
9466
9418
9447
10869
10998
10626
9278
9564
14981
13919
8456
10930
16715
23766
12937
51000
11336
22976
9518
9947
15989
12512
42431
7478
10546
10693
8711
24891
12398
19686
14079
13902
10912
9312
26049
8
12199
7187
18032
9563
40657
19269
15675
32984
9441
7801
32941
18902
22004
9524
7799
8243
9034
13936
10003
27013
384
389
9258
20699
12961
8137
23315
9512
9640
37705
9894
10973
13358
16693
9730
7767
9542
16845
35882
6866
9498
9362
12371
20164
18174
9022
4
100
39982
9421
9480
30653
7235
9029
8146
7623
37921
9172
8719
7653
7055
7144
9117
50288
12446
16715
10488
7250
6889
11570
8168
9094
31731
9064
17698
10824
8704
17386
9279
26599
12092
16782
9717
11282
9062
20496
25324
14175
9261
11684
9855
26873
17608
9066
12597
11504
7801
7788
9379
28828
9064
7877
9168
9603
7249
9341
34927
29080
15148
19083
9016
8
9563
11768
12199
7187
18032
9194
33625
9374
38126
7644
11639
15460
382
9802
47341
9073
473
10596
11025
9143
10959
380
383
24994
9045
8117
9291
28780
9034
9268
395
12081
18685
9518
12734
16451
14377
8265
9243
10507
5
100
13914
11252
45893
739
8613
8137
9666
7281
7483
36555
378
8270
12438
10952
739
378
8148
8548
16002
7824
8676
375
5
5
8146
10431
9293
7019
15803
12610
7220
12002
8084
6853
9242
38262
45887
22600
9122
27511
10078
8185
7235
9265
7162
9018
6857
12011
8702
31204
25856
605
605
375
19561
7788
22126
8024
16924
30846
18101
9033
6866
9267
9266
8711
33827
8084
468
468
608
608
8
10070
8135
739
7569
6824
12371
7085
7556
9677
11117
9036
9515
8325
9098
7652
11611
12583
9668
9705
9585
10072
29205
9564
10056
7898
12016
10584
9724
6947
24977
18967
405
5
100
10195
9912
9930
8610
18205
387
46122
12537
9030
9311
11101
9304
13023
9277
11841
10195
9912
9930
8610
8146
9650
7220
10078
11686
9018
11536
9366
17451
27594
15525
26421
7055
10869
9359
14381
36118
11813
46060
13372
10771
26764
8732
7877
33173
27429
9249
9745
12350
28745
15918
25235
14795
12443
8137
17764
9033
9199
23879
9861
9154
9355
9947
11928
16691
8
9426
14450
46715
12199
7187
31342
14981
16021
17073
31258
7489
14207
14209
8711
9034
9268
400
14814
9170
29667
9349
44344
10061
11409
9456
26829
19989
9267
20315
9243
10056
9029
11675
7607
10640
8711
19475
13042
9563
20056
3
100
37979
21290
17676
9140
9022
16711
11446
9307
9558
9430
15223
9224
47048
7793
9615
14355
25679
9814
31731
22301
35942
9194
15190
20545
14981
14085
12187
9194
15190
20545
12475
11970
16757
382
9030
12803
16727
32800
8340
6824
10872
9745
12582
6903
27807
16637
12224
9261
10647
8711
12399
14422
14089
9508
26421
387
13230
10026
11181
15096
7162
9882
9553
19011
7235
9304
10488
7249
9341
9366
31724
42676
28881
9566
9243
45487
8146
7623
37921
14472
10151
14147
9148
16852
9168
13042
6826
9563
16858
11787
12660
9426
30320
50262
17692
10686
9156
11675
30320
50262
6905
9804
9599
3
100
9689
10239
34949
377
7426
17669
9156
8146
9582
10239
20399
8135
10875
13368
9548
34991
9278
9650
9561
9044
13321
18795
7374
9022
15843
9863
9598
9466
24185
7080
8022
9167
22063
9169
9627
23753
10826
8256
387
15378
15366
21383
11649
20771
9209
42361
9161
9022
11799
10501
8705
13781
9712
21554
13362
26513
9351
9745
13997
31733
12300
9048
23006
7788
15709
12203
32375
11300
19409
9983
20940
10021
12080
9194
8008
10930
14934
382
9594
9424
9527
11813
9644
19403
13940
13903
9316
9257
21319
7532
10384
19342
13138
29852
10401
9929
19635
14485
13484
34910
9378
9036
13768
5
100
9961
10840
8066
9022
9533
12562
9380
12087
9961
9048
10559
394
9374
9528
15883
9046
17605
8519
47829
8429
10883
739
7780
7407
8608
8750
9023
9877
47379
10325
11499
11580
11766
387
23291
9030
9034
9457
28795
8143
17187
20945
9676
10960
8
9426
28401
13408
15704
10921
420
24810
417
384
11180
43350
21058
15215
6886
18802
9136
14472
13467
9563
40657
7849
35604
47798
9194
11698
20108
22146
10411
382
15656
11003
16098
8765
10290
11201
8046
7609
9140
44090
6918
7424
9839
10686
12356
18301
16863
11675
13408
11429
383
8387
8170
9524
7799
6944
9431
10755
409
425
7162
6
100
12224
10730
8137
11693
31656
15381
9284
15591
37474
46548
8146
7623
37921
14472
10151
9168
40352
9319
21228
8084
10665
10293
11169
11181
11585
8135
9018
25306
46483
9982
43804
389
451
17447
23263
450
10567
446
30543
16473
43832
9662
12442
14929
9123
8336
25318
24275
8705
9182
10393
9016
8
12199
7187
18032
9563
20056
9077
14398
739
7432
7220
31569
18983
8522
7656
7449
8022
7791
9172
33625
9374
44090
8702
7424
7889
12178
9356
18174
18292
13891
40176
9366
9060
9894
13659
9038
9029
8056
8711
9052
9447
11999
12976
9023
19519
29801
41570
29398
10107
6824
13678
23523
10137
9641
5
100
9279
9308
9529
9631
44039
8137
12818
7530
16930
12090
9676
13358
26973
13525
8704
8652
9018
18554
14631
7252
16930
7185
34686
14472
10449
9148
10033
9168
26113
26078
7958
387
40352
12042
8149
26098
9303
49036
42411
9592
9279
9094
36777
11361
9140
16761
10412
9023
9105
7467
15929
12382
10633
14695
7824
7107
9278
9030
22112
29955
9134
9081
36622
9684
10504
50999
30103
7660
10333
10313
8194
10461
31000
9284
11101
9876
13421
9508
20050
11862
12634
7235
18323
9308
6900
8724
31384
32336
11486
11857
10912
32406
9063
7144
14979
13941
8711
32256
10148
11692
8
9563
11380
8263
7627
5
100
29060
6903
10195
39310
9642
7235
9826
8711
29060
8022
16210
9080
10967
9261
27709
8705
9243
10094
26421
387
10869
30765
12111
26681
9123
13417
18476
11022
8236
8011
21666
9172
7691
7384
15699
22483
12446
9249
17939
16368
26221
9076
8694
11414
15128
9038
9341
9882
16278
8146
15225
7335
9306
16756
10607
8552
8148
9172
7407
7281
9230
8446
8599
681
9322
33172
16368
27006
28195
7252
10395
9048
680
7407
7281
9230
8446
8599
681
9052
29000
27400
7426
9231
7515
10726
20028
14253
9021
49157
11247
9025
9029
8626
7812
10161
32104
7545
739
8251
8505
7597
7877
9180
22301
5
100
10428
12191
31406
10464
16757
9185
10464
9063
9136
7470
10148
19926
9260
17996
20661
18818
10107
6824
9826
9512
11181
11585
8135
14472
13805
9168
9018
7521
12191
9430
9337
9025
9029
8340
27448
43728
11146
11570
46483
9982
43804
389
451
441
445
11650
13649
453
43832
9662
14457
10396
9700
16554
9200
9018
7521
18651
41446
11337
5
391
393
25293
11729
29941
399
9100
9560
12442
14929
20616
37271
11248
739
15970
458
26987
401
29139
43804
389
442
439
11899
11060
22497
9792
449
41141
389
22174
43832
390
23905
11756
457
24642
17228
10845
9485
388
9610
460
16043
6
100
22159
9376
12543
9422
13676
7627
9030
9376
7884
6905
12003
11328
9021
23029
9654
7335
13676
35620
387
13230
10026
9284
15591
11693
18101
9756
7235
9304
32800
26421
9456
26829
9194
34243
9605
6918
7892
17196
9194
20893
23610
12141
10001
8711
25970
9242
9556
24476
17380
9025
9080
26655
10488
9119
28936
35620
8135
14472
10151
9168
40352
9319
21228
8084
10665
10293
11169
11181
15402
9599
11585
9511
9508
8159
14261
9089
33369
9426
27450
14450
12506
24861
8263
10921
391
15969
18258
10521
388
10355
9100
9560
12442
14929
20616
11373
6903
10107
10202
9753
11358
37271
9034
10773
391
14538
4
100
41144
38892
17058
10135
7235
9566
9505
8263
7058
8711
9052
9172
7982
8068
13409
10252
23279
16718
8643
8148
12178
10293
9980
17551
9796
10779
14417
19064
40563
23029
34692
8
12199
7187
18032
9563
19367
13386
9605
32984
9026
48973
13363
9194
8196
399
8765
9036
6874
7407
13502
7756
22925
10214
15252
9722
8220
8703
15954
7633
8359
11183
7669
9110
12015
9167
9032
10220
25108
8146
7623
19993
11187
9089
10150
12759
9331
9609
21361
8704
8652
9456
16276
9253
30589
24453
38514
6962
7767
382
11124
27832
18427
25490
16406
10233
17005
15932
9033
9074
9048
8754
9110
10022
4
100
19534
18995
10259
20757
9185
11204
9276
10293
9119
7335
9306
11328
9600
9172
8563
7428
9605
11987
680
10868
8765
681
9225
9029
8146
8078
7235
9882
9553
30596
11630
8711
12700
9029
8263
7058
16846
10728
11181
10626
9564
28311
9362
10869
9359
9961
11530
17188
10853
9154
10206
8393
27214
9774
10936
9917
9478
10985
10407
11570
8168
13855
10114
17420
10251
20738
20496
9136
10488
7249
9341
9366
44437
25579
10566
9585
8056
26829
9182
7109
9518
9947
26304
9486
7799
8705
9243
10094
26421
9456
26829
9172
10608
399
11528
12407
7673
7702
33838
15714
9167
34103
16210
11747
4
100
12846
9127
10640
30653
7235
9029
7335
9306
30653
20661
12423
6842
9261
11684
28738
11342
16103
9140
9912
11328
6903
9882
9553
19011
8146
10312
7249
9341
9366
17073
10306
35798
23853
10310
21163
8
12199
7187
18032
9563
19367
13386
9605
32984
9026
48973
13363
9172
10608
399
9457
25672
8643
13082
36111
429
25228
9772
19180
10227
27627
10592
9792
9768
50097
9681
11181
10626
9426
12220
10346
35699
9312
19132
9800
13738
10175
9017
12407
25672
8643
42848
9680
37478
40427
14450
10101
9456
16276
9303
8765
8286
7470
15918
22301
9672
9878
10363
49672
9207
9188
8398
10181
18538
4
100
9293
10259
42568
16195
9140
12224
10730
9030
35533
20738
49119
10293
7253
18194
9594
9447
22301
10647
11149
9194
7293
16006
11758
48012
24980
10343
13047
16727
9036
9882
20002
11772
11667
7656
9025
9080
10300
9017
8146
7623
39848
9052
16641
33726
7426
26184
25098
9939
30986
8705
9249
12743
9292
7609
9168
44978
10504
29546
9033
9084
21580
10693
8704
10395
7235
20659
9466
9418
9018
13644
16641
33726
7426
26184
25098
22551
25861
30986
9900
42548
7670
6903
22973
9753
41079
9025
9080
10068
425
418
424
20155
21511
40944
18528
26603
10730
8022
17257
26201
387
9065
8756
12163
5
100
20237
9036
10623
10043
31938
7426
10490
20166
9788
10960
8
12199
7187
18032
9563
19367
13386
9605
32984
9026
48973
13363
9172
10608
399
9457
25672
8643
13082
36111
429
25228
9772
19180
10227
27627
10592
9792
9768
50097
9681
11181
10626
9278
9564
35853
48107
36741
36243
17920
389
9018
19386
14159
33986
9366
18968
9177
9036
12712
25102
29790
15875
9395
11204
9607
31050
8146
7623
37921
9426
35844
37478
40427
14450
11625
15852
21073
387
10383
24975
9225
10210
13412
9738
9456
16276
9303
8765
8286
7470
9622
9568
8056
8711
9942
42848
23032
22123
7461
13962
18848
17652
12220
11087
5
100
18967
9451
9480
32739
11000
7235
9029
8146
7312
9148
9194
8237
6958
9034
6969
8265
382
9018
8644
8599
9440
739
3304
788
5
791
801
43854
9454
10407
387
9230
8541
6903
10408
11317
9119
383
739
3304
788
5
791
801
43854
9223
10909
15512
9393
11864
9207
9745
14226
16522
9033
21163
8
9020
8756
401
9024
26417
7596
7991
11346
9109
8074
389
9050
8484
8519
12935
8066
9779
9080
9290
10056
9022
6857
7426
13902
8711
9512
11595
9654
393
8756
401
11437
7372
8511
15865
7888
9134
39261
11458
9133
13548
9073
21989
11318
9488
7584
8213
9319
6
100
13919
13883
8518
8143
20244
8098
7235
9304
20166
9025
9029
8146
7623
37921
14472
13805
9168
10141
9628
9215
10996
22821
32104
7545
9023
10408
10293
11169
11570
10950
9044
13883
8518
8137
13230
8711
12399
12298
12333
9220
8364
8137
9430
9390
10368
9883
11918
387
9194
16941
8626
7281
9121
31213
447
422
12293
36337
24813
13047
9264
9715
9016
8
9426
24622
10081
6953
9379
9081
17267
16839
31411
10355
380
40172
15464
9062
8704
9365
31667
9060
10283
12199
12804
33253
13986
8117
9368
34529
9609
23029
8204
9022
9133
36636
12957
10747
16192
14465
25148
11746
22519
19475
30601
26098
4
100
9939
9855
18007
8676
9261
10647
8711
20503
6842
7285
39802
14215
9017
8146
7623
39848
9052
9426
9824
23927
9140
18007
8676
9136
28952
20659
9639
11975
9882
18204
9224
13755
9377
9181
12906
9508
26421
387
9194
40844
7966
10234
18007
8676
382
9180
10004
17486
9868
16905
9194
6953
6905
12187
50596
7789
12187
49362
8094
8236
13047
12120
9270
11842
9148
10205
9168
29254
33585
18526
8704
24902
10647
7249
11042
18142
9016
8
12199
7187
18032
9563
19367
13386
9605
32984
9026
48973
13363
9172
10608
399
9457
25672
8643
13082
36111
429
25228
388
421
19180
10227
27627
5
100
9689
18101
7627
12035
9154
10993
14110
11630
9685
9178
7514
8185
18101
10362
36367
7258
7532
13676
11783
11082
9262
9257
8146
7312
9929
9199
10021
13088
8022
9167
10250
9048
8084
9379
11487
9034
11488
9242
9556
14292
35453
9337
9362
10615
9239
22305
25294
16285
9695
9068
9278
9650
9362
11761
8066
42015
34798
387
9059
11749
10139
11081
8066
13709
9030
43366
18365
41070
9029
30857
32450
11649
9209
9186
43913
23482
9443
10458
8718
27647
11853
12399
9199
15177
36045
30702
6824
26362
13138
9439
10507
19352
9863
23482
45105
9277
9844
9552
11560
11213
8159
29736
12201
9022
37535
3
100
9279
11204
20503
8137
9207
31342
14981
10508
9720
9773
10061
9149
11204
9464
14860
8135
12199
16846
10728
36791
9510
16758
8718
19303
13525
8146
9582
20503
6842
11250
28311
9362
10869
9359
9426
13122
7055
27882
387
11196
388
8621
9225
37536
10933
8599
9448
10040
11204
24385
10515
29062
10310
9290
9127
8262
9119
26421
9456
26829
9194
417
40034
13513
17196
9239
9553
19011
6903
11197
7788
12498
12120
9036
7461
9356
15531
9128
9149
18968
9136
9939
13230
8705
25012
9947
12268
9532
11675
14450
14012
9804
9599
10063
8056
8711
9052
9447
16021
17073
9055
10062
9207
5
100
9632
9238
10259
14005
8518
8137
22717
9362
9655
15500
23941
8518
8143
20244
8098
7235
10330
9230
7481
6903
18767
9017
7877
7481
8146
9901
11199
14005
8446
9136
10725
12520
22386
387
39106
12401
46399
10091
9118
10220
9508
26421
7055
9018
18554
14223
20659
9466
9080
9194
7478
8604
9664
8213
8599
382
9180
20836
8168
10259
42676
9150
13051
20166
9788
10960
8
9426
14450
46715
12199
7187
18032
9563
20056
36243
12039
32984
27691
32226
8750
9023
9172
33625
9374
16021
17073
9055
7497
13583
681
19993
13595
9595
9392
13755
12079
7756
9039
9438
10686
11927
10087
15405
11675
4
100
16947
9664
8662
29930
9017
8146
7623
21835
11037
40587
9194
7478
27439
7485
23358
6958
8215
9664
27439
7485
8137
9430
13895
16061
8135
11336
22976
9664
40783
8022
17394
9156
15118
12190
9456
9081
7492
6995
17454
8711
39139
9434
14936
18194
8148
9018
9163
9272
12311
35263
16124
10281
11856
24676
14238
9070
9390
9253
15547
29402
24766
10695
7253
10148
9048
23524
19264
468
39521
10373
17126
21619
16349
19852
9740
11603
35550
9191
11995
29402
10034
9759
9028
10810
21619
21747
14917
32108
7489
9389
14465
50295
16349
7644
21176
10583
20038
19370
407
8745
9130
15969
6824
10934
7
100
10607
8066
9304
9033
20651
9063
9136
7470
10148
9048
8704
8652
9456
16276
9191
8765
8286
7470
15918
9172
7859
7825
10868
8196
681
9052
12671
17217
12935
9304
9033
9882
13230
47414
11630
9104
9029
680
7965
43922
9351
21538
387
12934
9961
25854
12178
30196
45706
19864
22301
9672
10260
9279
9094
19785
7777
9148
9044
8168
15831
11684
18818
10107
6824
9826
9512
11181
11585
8135
14472
15815
26098
9303
49036
9123
8336
25318
21760
16041
8340
27448
43728
11146
11570
46483
9982
43804
389
442
439
11899
9574
12461
454
39204
457
43832
9662
14827
9703
10007
12442
14929
20616
46233
739
3
100
9689
14320
17345
12141
16727
9036
20005
9839
10686
9062
8146
7623
37921
12199
7187
18032
9563
16858
11787
12660
9194
8467
8052
7433
29179
20953
21361
6835
25673
9741
8052
7433
29179
9235
30911
9140
10464
29763
12886
9304
9033
10300
9505
8152
8264
10116
10769
9544
12786
11181
8711
9120
19568
10293
7250
6889
13659
10872
14320
8022
9167
9882
16203
15016
9038
14323
13045
13564
9062
26421
387
9741
8052
7433
8135
30601
11570
9733
14320
25288
10161
14640
9324
8806
8042
9034
11196
407
24054
426
10777
24744
32673
12754
49297
25724
9980
9463
6963
9076
39625
10063
8263
4
100
10195
9437
8143
12003
8135
17727
10195
9966
21432
8022
9167
12948
10912
39964
8239
9025
9080
9689
10997
9136
28952
20659
9466
11188
10206
8146
7623
9084
17047
9216
11909
11003
8711
9172
28903
11325
10146
16718
8643
8148
12178
10293
9119
10296
13805
9168
27129
7621
31354
9023
13034
11820
9511
9220
8364
8137
9430
9390
10368
9883
11918
387
10755
425
8052
8689
42270
6903
10528
42270
9030
10141
9628
22821
32104
7545
9023
13572
8705
9249
12743
18921
8104
10439
8143
11704
9742
24767
7335
9815
419
411
383
7540
33342
20586
9139
9752
416
11324
420
415
443
383
5
100
9293
10259
40367
9088
7812
387
9050
16295
10349
7372
40175
14564
10083
9030
35533
11328
9021
10893
9418
11181
15096
9882
24950
20607
9019
15966
16863
7335
9640
8393
7890
11342
32081
15662
10161
14835
43106
11037
9020
20252
21657
8745
16103
8146
10312
7249
10903
23093
26643
37474
9025
9080
9199
9704
9805
9366
11898
47002
17287
16773
26049
8
9426
14450
46715
12199
7187
18032
9563
20056
36243
12039
32984
27691
32226
8750
9023
9172
33625
9374
16021
17073
11573
43778
9140
9595
9392
9036
7461
11194
20866
12693
42170
13439
9356
13191
14147
16863
8056
8711
11570
9052
10040
12079
8014
5
100
9138
7415
13409
10043
46027
9185
46027
9030
20456
12090
22425
9038
36775
12834
47198
9259
6903
12467
387
10055
9753
9109
10986
8066
30652
8137
12642
15128
9685
9178
7889
7992
26059
9018
18554
41012
7252
16437
9086
20479
12845
8014
10885
11358
12564
37174
9140
19322
39517
21812
16949
10182
8135
19924
25841
9323
41793
14130
14904
8705
9127
8425
9048
8704
8652
10779
14417
7627
9052
20579
47160
13653
9033
14372
12104
9307
9558
39318
11823
10587
11341
15778
18116
9185
22683
7489
8104
12832
9876
18433
14709
9825
14713
9029
7335
22785
9245
7198
9900
11389
9074
7884
9115
9073
43155
3
100
10464
22973
15381
13230
11570
9225
10488
9156
7335
9194
8196
399
8765
11528
9767
25672
10072
14472
10151
14147
9148
16852
9168
11528
25890
8187
7194
9043
11121
24733
8056
16276
9253
9839
24453
9018
11204
9180
17395
9121
8397
8143
12220
9194
7187
38348
19520
9647
10898
6963
8529
8747
9613
9381
22660
9114
10302
8146
7623
37921
12199
16846
10728
18968
10023
43494
9510
9974
8711
9947
43193
41390
10960
8
9563
11768
9172
15118
45349
22823
9059
7424
681
32271
9161
9094
7109
38032
9747
18332
16771
15405
10828
23006
11930
9456
9081
7492
6995
10098
16807
11585
8137
4
100
9215
12372
44163
10135
7235
9304
10488
9156
8146
7623
37921
14472
15815
26098
9501
7888
32030
9148
42411
9592
9194
8814
7485
8143
9367
12951
30196
11546
26912
10293
11169
11181
11585
8135
23766
12937
11285
46483
9982
43804
389
414
443
9776
12779
388
458
45525
389
22174
43832
9662
12442
14929
9162
8364
8159
10157
7162
9536
7187
10087
9048
8704
8652
9018
18554
26945
9194
8814
12937
51000
12671
6903
11389
14140
25459
10349
30293
9036
11570
9052
18818
10107
6824
9826
9512
11181
15096
9882
13230
25012
10312
7253
9182
14031
20616
46233
46483
9439
11522
9900
9034
10773
4
100
19306
17339
9059
6967
8137
9277
10599
9677
6872
9017
8146
7623
9046
7492
9325
20403
9458
9829
9021
11615
8263
33770
9195
9283
10728
7791
11046
7902
8705
9243
10094
7182
8719
8148
6855
22301
10764
9072
8046
12399
19152
9094
13015
13759
8149
9634
16679
14705
16848
9075
9259
25483
8325
9427
9220
8102
9272
20767
17955
9016
8
12199
7187
18032
9563
19367
13386
9605
32984
9026
48973
13363
9172
10608
399
9036
6874
7407
13502
7756
22925
10214
15714
11918
14465
8056
8711
11124
8160
9600
9324
8746
8159
18349
22123
30898
45750
19161
11987
9212
8042
7584
24100
36749
6
100
9046
7492
10016
7399
8420
11630
7426
31279
9038
9029
8146
7623
9046
7492
9325
10016
7399
10062
11630
9685
9277
10175
9017
7689
47821
9983
9466
9882
9803
7155
8066
11562
9573
16285
51009
9025
9080
9199
13366
7514
8185
9172
7502
7894
9079
8429
12480
739
8308
6965
13645
35348
8704
21855
20166
9025
9905
9172
8694
8420
9407
8513
681
9322
18890
9301
9589
24177
7847
9341
13328
7119
7824
9432
22600
9803
7155
389
9108
12032
14717
16756
10607
8552
8148
17366
12830
7760
7235
9304
10312
7249
9947
11355
18479
17003
11250
10310
10137
9804
11401
10250
9048
26421
387
10869
5
100
49166
9077
13501
15730
22828
375
8146
8196
9168
17582
40552
13368
13651
19313
9022
10809
18315
9077
13501
20898
8022
9167
14240
25571
8239
9257
43056
12102
19520
10413
10671
9080
9548
9290
9054
9887
13358
9035
10972
9094
13997
13166
15730
8143
11799
15562
9213
6947
41481
9063
9745
23236
10166
9278
9650
10727
8148
10408
9351
13548
9422
38516
12532
22507
12517
9080
9018
19526
9180
15709
25558
6889
9846
10948
9394
13768
45307
9652
8705
14970
387
15378
12086
9304
41992
9068
30675
20949
9508
30903
34891
9207
14801
9845
9354
9919
9134
15940
9038
9029
13203
9432
6824
29918
9362
3
100
37648
9712
12557
25000
7470
39005
9029
8146
9582
12557
25000
7470
20617
10384
11618
21308
6824
10429
9466
22438
29189
30740
16064
9796
10021
26070
14351
9017
8164
7285
8263
13787
13404
31062
9042
9149
13524
13417
7407
9799
9036
9541
11864
10206
7847
7532
14351
7162
10138
9023
14472
22452
17608
10356
8139
9030
12350
16849
9311
33438
10430
13426
13168
9805
21277
9052
9443
22705
43270
7235
9960
10135
9185
46107
10389
7532
15396
9327
13453
10305
20782
7426
9754
10104
11978
39938
17655
26421
387
9025
10618
49670
10337
10571
15787
9047
9351
17932
10854
37480
7060
14422
14611
4
100
49462
9040
9702
17676
9276
21480
6963
9066
9764
9018
35727
8135
12199
7187
18032
9324
8704
6962
9613
8143
44090
20567
8765
6877
6903
31693
7480
9243
10094
20413
9324
45000
14435
7162
10063
383
7769
11674
11429
8146
17067
384
9194
25002
15232
37069
9542
9023
12324
50886
11693
9689
17547
14081
9685
9277
50375
13525
10828
9552
9089
9034
44286
10063
8738
10815
40587
16768
377
9383
9622
12522
8422
9031
9320
7080
6889
11415
8159
9040
9066
12196
29843
7623
9052
10176
11991
9861
8702
14364
9282
7139
7478
12051
10629
9038
13358
19303
27616
8194
15675
9082
18842
10926
4
100
11019
8168
11252
9154
10993
14110
11630
8711
7258
7532
34019
33755
9155
9018
6866
11732
9050
32954
44590
9193
9572
389
8
12199
7187
18032
9563
19367
13386
9605
32984
9026
48973
13363
9172
10608
399
9457
25672
8643
13082
7601
681
49253
26815
22004
9524
7799
7586
12655
15665
9667
9640
11675
8022
7791
12220
11087
9278
9564
14981
11204
9044
12193
12637
8813
15910
7530
22137
7399
23191
9430
18968
9136
45441
9167
41063
9427
20166
32239
9131
16863
8056
16276
9253
8765
8286
7470
15918
22301
9672
10260
17395
9121
8397
8143
24442
9292
8236
19426
9934
9098
10034
9426
5
100
23706
24101
9065
8084
8707
10809
739
7569
6824
9689
9290
13493
9038
9029
8146
8196
9022
6857
11649
12442
9267
27705
14757
9695
9025
9080
10262
9108
9018
17785
12517
9080
11970
13997
9863
10727
7426
9659
7991
9277
9844
9167
9065
22759
9304
9585
19561
7788
9265
7162
9782
9148
10348
9351
20756
23051
11608
11436
10670
9685
12209
28288
37770
7235
19481
12857
15709
25050
10440
387
9447
25995
9136
26749
9561
10322
14292
31279
9448
43183
49627
11402
9658
9048
43056
12634
10165
14937
9552
11732
15030
12876
8711
32256
14345
10566
16224
6947
7399
7220
45887
21660
9362
11059
12109
4
100
9114
13374
11316
44868
9023
9194
7182
8505
35582
12479
37507
17704
10329
9512
15403
8143
9347
6903
20765
22011
36713
10926
9016
9585
47637
9018
15403
8135
19684
7478
8551
7397
7426
17452
9199
11039
387
9306
9055
37766
9939
27815
9033
9243
10293
11169
9796
11336
9055
33825
11056
46481
29846
7512
7470
9432
9491
9867
32800
7335
8704
19268
8125
8185
13900
8146
9712
9362
12353
6958
8215
8022
39826
17133
11525
9517
13003
29846
7512
9261
10554
9922
9685
9178
16752
10137
13932
13119
9262
9290
16933
11382
39512
9689
10607
8552
9021
23847
25144
10599
35028
6866
9317
48537
3
100
10152
9034
44163
10362
23697
7991
12209
9761
27914
9640
7536
7767
11165
9548
10229
9170
9438
9337
9025
9080
9597
684
9639
9640
7536
10268
9378
9036
15378
9306
10829
13489
10014
9685
10743
9745
46284
16203
17450
9199
9861
8702
26973
13525
8146
7623
20005
8135
9426
14014
9605
14315
9894
10130
6886
11765
37493
9172
15058
8335
44163
47692
13439
11003
8711
30175
11107
14472
10151
14147
9148
16852
9168
11528
7198
9767
14450
19800
32800
8340
6824
10872
30601
26098
9501
7888
32030
9148
39548
9592
9170
9694
9983
25024
11683
9208
21612
7335
21734
9045
49036
9130
38916
4
100
13914
10856
31898
6958
9030
11912
8149
7827
23895
16930
12090
11604
8378
9016
8
9563
11380
8263
7627
20917
30595
13759
10079
12691
8618
7756
9324
7801
8127
9667
11154
32566
6824
8243
8359
7625
20269
9181
7791
7131
14855
8600
6884
20269
12652
21144
9542
15930
12936
23892
7627
16949
387
9059
11770
8522
22267
22528
7252
9018
9034
17680
45163
7894
16574
6900
33391
18116
11527
397
11179
6903
9876
6953
25151
399
9869
8030
7489
9771
16574
11927
17007
16863
7335
9239
22267
9304
37534
18539
8265
9524
8745
8238
9034
9300
8066
7198
32998
7847
7789
12333
9076
19714
3
100
11345
13036
50923
9030
35533
15591
20659
9466
9905
14472
10151
9168
40352
9319
21228
8084
10665
13036
6903
18395
9047
9553
13230
8143
15148
12850
9016
8
12199
7187
18032
9563
19367
13386
9605
32984
9026
48973
13363
9172
10608
399
9457
25672
8643
13082
36111
429
25228
9772
19180
10227
27627
10592
9792
9768
50097
9681
11181
10626
9426
12220
10346
35699
9312
19132
9800
13738
9513
22301
9672
10260
9022
9592
41101
14687
12306
34350
44965
10433
32860
8146
7623
37921
10040
12743
14326
20456
7556
13028
9767
19011
12033
387
11290
19156
8160
11817
11439
9224
9882
9357
23785
7
100
9293
10259
739
8430
8548
8149
22547
7235
11630
9104
9029
8146
7623
9046
7492
9325
739
8430
8548
8149
22547
8022
9167
11532
13769
9025
9080
9194
8430
8548
8149
9664
7685
382
35884
12439
9430
9366
11898
47002
9017
8704
8652
9018
18554
14223
25894
9033
9194
7502
7894
9079
8429
13438
12032
14717
16756
10607
8552
8148
9488
7877
18182
10745
21855
41826
10395
9048
6958
11040
9161
9882
23600
12921
12191
38714
9025
9905
12032
13922
9939
25583
20237
8066
9443
34158
9330
25656
10312
7253
9182
14031
10998
10626
9947
42083
24177
7847
9846
29124
7335
22418
11336
739
7399
8428
11003
5
100
29306
8608
35907
7877
10107
8159
9044
9220
8364
8137
9430
9390
10368
9883
11918
8711
9194
7426
7652
8518
12187
9194
7691
7384
8171
12141
24767
7335
11181
15096
9882
9053
49110
10312
20564
8
9426
24622
10081
6953
9379
9081
17267
16839
31411
10355
380
40172
15464
9062
8704
9365
31667
9060
10283
12199
12804
33253
13986
8117
9368
34529
9609
23029
8204
9022
9133
36636
12957
10747
16192
14465
25148
11746
22519
19475
17244
9040
7424
23216
20759
9018
18554
36711
8149
14403
9285
9379
9070
22865
9200
15405
11434
7916
9036
8135
8143
17436
10399
13431
9842
40639
19153
17436
21244
6
100
15275
8688
11244
8006
9930
8610
8135
11336
22796
35624
8272
29072
28482
9689
9819
7799
10395
9048
6958
8215
8022
29517
9930
44872
19671
11985
14564
9166
13106
27343
12003
13538
10764
9172
7445
8610
681
33027
13119
8711
10903
16586
39713
9025
11189
35417
10558
8382
8704
9301
10867
22159
41046
16066
8705
9243
45487
8146
7623
9084
12053
9177
10141
29645
33816
22821
32104
7545
9023
13572
9826
9512
34535
9880
17059
400
8361
10825
22437
395
8361
9894
9016
8
9426
22771
26598
383
43804
389
450
445
447
388
28636
389
22174
43832
9613
9524
8344
7847
9204
10914
26446
9453
5
100
45045
17077
9480
9018
8191
9322
9029
8146
7623
9046
7492
9325
9563
20508
8022
7791
9194
6856
6958
20531
17730
9304
35533
38611
20160
26421
387
9741
20717
9041
7426
20456
12090
22425
9033
10276
16924
22717
17077
9495
9026
7801
9017
15118
6908
8168
17349
51000
26098
9303
49036
9501
7888
32030
27310
16888
9025
9905
9296
8756
12644
27766
8361
11587
19864
9882
9553
19011
7235
9580
12622
9017
8052
8772
9191
18086
21734
9247
14001
9292
13729
21734
9253
12190
9880
32800
7335
15852
7071
26767
13214
9272
10251
9672
10260
34103
9082
16535
18037
8137
9243
10094
10296
15179
9168
5
100
739
8545
7608
31898
6958
9030
11912
8149
7827
23895
9325
11202
13875
6889
9029
8146
7623
37921
12199
7187
18032
9563
20056
29740
17792
8420
12449
9494
8765
17692
13363
9172
15118
45349
9647
14434
32944
14033
9304
9033
9647
7126
11938
9422
10210
16150
12370
7889
12178
13731
10488
7250
9173
10137
15852
46213
10250
9048
10539
14434
32944
49125
34197
45721
12458
6903
18395
8704
739
8545
7608
31898
6958
34197
8422
11270
33780
10760
10198
12200
9276
9628
13835
9277
36329
9562
16627
7335
11570
8168
9094
25065
9281
24849
10647
40049
10996
13230
7669
12328
17441
10824
10110
10380
20893
3
100
18504
39310
9807
9325
13229
10341
9243
9032
9913
19303
13525
8704
8652
9018
18554
44188
9262
38052
12199
7187
18032
44188
7250
6889
14472
13467
9168
10141
9628
22821
32104
7545
9023
13572
8705
9025
10960
8
9426
22771
26598
8135
10914
26446
9453
27911
9194
8618
6918
9267
7782
12925
8505
8615
8505
382
9114
27680
8551
8143
9300
11557
10293
12356
18153
28296
7182
36510
36225
20800
21619
16349
10081
20038
19370
14917
9191
10470
29402
20038
11164
392
14917
9247
7892
9030
9130
10521
14521
23029
8204
9029
8146
9044
14281
7426
10379
9589
16328
9038
9220
8364
8137
3
100
9450
13815
15016
40410
8148
9172
7208
7691
8125
681
9733
9018
18554
14628
7252
9084
8745
18691
23132
8066
11196
22269
50624
8608
9750
10824
15186
8135
9432
9130
9869
11182
398
10895
7489
8104
7198
9017
48974
17572
12199
7187
10040
26435
9034
7109
9070
8105
6903
21377
9501
10959
380
11139
8704
18921
399
11537
391
10220
10055
31217
10087
15405
39453
11082
8335
17498
9513
38979
17773
10824
10776
43717
9193
9456
9359
22301
8146
9174
33230
25908
8056
8711
9020
12070
9813
20081
22437
400
11050
397
9506
387
9102
9268
395
7489
396
11645
394
9875
10728
5
100
9454
8450
9109
8461
32104
8143
9689
30765
17203
9455
9194
8626
7812
382
21666
7426
11175
17262
9243
10094
26421
387
29060
9109
8461
8135
10869
11999
12976
9134
19519
11747
12762
9882
10395
9261
27180
51023
29932
11562
9506
11667
7656
9025
9080
32104
10308
7389
8662
9021
49619
8705
29124
8146
7623
37406
8765
9052
10040
12743
14326
29060
42270
6903
10161
10211
9304
10001
9156
39453
8078
29132
9140
11290
9843
9117
11084
8066
9696
11938
9430
31976
11998
10607
8552
9148
11949
33832
11504
7801
32952
9168
9036
11459
9023
25891
7847
9029
7335
16743
13755
24873
24639
11704
10647
5
100
12742
15403
8143
20244
8098
7235
9304
20166
9025
9080
15403
9048
26421
387
9194
7691
44333
7984
7824
8095
15232
12199
7187
18032
44188
7249
9036
50657
6826
35371
9444
8159
7847
22149
14207
14209
9033
17010
26389
23029
7078
9016
8
9426
16537
11906
9830
10003
42983
24645
20255
8168
9235
8042
7427
9634
10819
36583
25952
9094
9417
8612
383
6963
8529
8758
9204
10869
25583
9172
8335
22287
35397
16944
20139
14065
9807
9698
12178
9767
20125
12281
34359
7281
7611
11337
407
442
460
38592
9792
31699
21120
12356
15581
15405
680
41579
8745
12912
7601
6908
50422
7281
681
6
100
10464
10043
9049
7281
40766
10939
375
8146
8196
7991
739
7569
6824
9337
9025
9080
10137
9846
9031
9239
7220
389
9585
378
7182
7285
739
6910
8811
10624
7965
8239
6969
7661
23356
7252
9016
9705
605
605
375
19561
7788
9265
7162
9018
18554
12396
7380
15403
7235
9651
8006
13704
387
468
376
214
8
10070
8135
9240
7894
10785
9131
10119
8191
23142
9784
16214
9317
30286
6947
7399
7220
14819
12371
7085
7556
11355
8155
7208
9329
8084
36500
30899
8135
23971
48541
6853
17003
6986
8022
8090
5
5
755
5
758
758
758
34424
43056
9108
9306
9803
4
100
16641
10133
8564
7877
12980
7445
7812
8148
9172
7293
8564
7877
13439
42757
9062
8146
38052
12199
7187
16858
8187
9436
9216
27232
37648
9172
6844
7398
7888
425
393
15714
10693
14465
680
6844
7398
12450
13029
413
9776
29942
463
9681
24102
8066
28643
7398
12450
10546
14140
43324
10395
9048
43103
16537
9804
9599
24310
11097
28643
7397
6958
8006
9316
11824
9584
10040
26435
7489
9209
15624
10395
684
9131
9149
9640
7981
9021
9882
33253
12298
9136
13981
9025
9080
15997
44188
8711
32256
32239
9383
13525
8704
8652
16858
8187
9401
10133
8564
7877
8660
6903
23719
3
100
12122
9647
15697
8137
9430
13895
34934
30528
15265
9036
9172
12407
13425
9647
681
11973
9202
12751
30818
6889
9029
8146
7623
10647
7162
12199
7187
18032
9086
34658
44166
10521
8765
11528
9767
13736
32944
14033
9304
9033
10098
9605
8658
7401
12446
16715
10488
7250
9016
8
9563
11768
14472
13467
21734
9045
49036
16125
28263
9130
8418
9454
7692
9023
9194
33625
9374
11159
6903
38424
9154
9422
10414
8563
7428
9839
10686
12356
18301
16863
10399
8563
7428
49125
9524
7062
8399
15852
9629
392
24238
9711
14283
7601
13910
10743
9324
8806
8042
34856
21439
9082
9743
3
100
47969
37249
15381
13230
8146
15225
7335
9194
8196
7711
8074
15473
10706
9324
7660
7847
14446
20422
9304
9033
47969
7621
7691
7840
7235
32800
8704
8652
9018
18554
26945
9194
8196
7711
8074
15232
14472
10449
13042
9148
16308
9168
14147
6826
9563
9741
8023
17698
10686
9156
382
10470
11050
12767
9037
12616
7889
14986
19864
22301
9376
8187
8719
9908
9426
9824
27450
9039
7889
14488
9036
16427
9457
22220
13088
11355
9580
12622
9030
35533
11328
9021
20668
8265
9016
8
12199
7187
18032
26098
9501
7888
32030
389
10914
26446
34345
7890
23238
11318
22727
9020
21618
5
100
9454
8450
9050
30917
11011
9935
15252
30748
9025
9080
31782
13347
15720
11181
11585
8135
14472
15815
41766
20616
46233
46483
9982
43804
389
441
29103
17112
445
10689
16799
457
43832
9662
9580
9788
10960
8
12199
7187
18032
9563
19367
13386
9605
32984
9026
48973
13363
9172
10608
399
9457
25672
8643
13082
36111
429
25228
9772
19180
10227
27627
10592
9792
9768
50097
9681
28487
11439
9177
9036
7541
29702
9640
11675
38123
30229
739
8268
18905
12312
6872
9016
12220
10346
13299
11382
26018
13525
8146
7623
37921
9426
35844
37478
40427
14450
11625
9426
19011
12033
11429
10921
50283
5
100
16701
9280
8467
31054
10762
9030
19416
14112
9377
10416
8711
32256
10148
9048
8704
8652
9018
18554
44188
9262
38052
9172
8022
8006
8448
681
9085
16429
9304
32746
8448
21619
10395
8148
9172
7515
25147
12703
419
427
408
411
384
22015
7281
8745
11987
680
7515
25147
12703
419
427
408
411
384
22015
17012
27439
22757
414
426
388
410
9681
28708
9594
34535
9880
11856
400
7489
10825
11184
399
9103
42331
7335
11336
14652
9518
11913
8771
15600
23410
15072
7252
10373
12085
380
383
8785
7601
8125
10081
9291
14209
9938
35722
19967
12437
43494
11139
9062
34619
5
100
14258
6841
12163
20244
8098
7235
9304
20166
9025
9029
8146
7623
37921
14472
10151
9168
40352
9319
21228
8084
10665
10293
11169
11181
11585
8135
9018
25306
46483
9982
43804
389
451
17447
23263
450
10567
446
30543
16473
43832
9662
12442
14929
9162
8364
8159
10157
7162
10033
9044
23029
8267
46548
8704
8652
9018
25306
9180
22301
23191
9430
9390
30022
7489
8104
10439
8143
11704
9742
13572
8705
9249
12743
18921
8104
36287
24950
15662
9030
11141
8269
8704
9053
49110
10312
20564
8
12199
7187
10040
10006
14823
28191
16399
9034
9813
9604
16131
10281
21951
20670
395
8149
9426
7
100
28895
7281
8660
11293
8756
7532
15381
375
8146
8196
37648
9021
26184
12224
8135
12857
9027
8102
10690
11823
9031
9239
7220
10078
27013
7489
12720
10030
35416
10730
9262
40056
7235
16444
7877
25306
8660
9023
25098
20621
10021
13258
8711
7258
7532
10021
12224
8022
51132
9070
26603
9203
12191
9580
9788
44890
6947
7399
7220
9265
7162
9018
6857
7426
9815
419
422
7470
34301
17262
6969
13358
16693
10078
7987
8137
10396
7600
10030
35416
10730
7252
9070
26603
9203
13626
19778
7251
23775
8084
36500
425
419
422
8143
9249
8024
10917
12862
12128
9328
9111
16913
7182
214
28892
10932
4
100
10756
12610
9684
12313
6903
9279
10453
37005
9207
10805
26616
12733
7530
29843
7623
47257
13731
9164
26844
9304
9074
7777
8705
9025
9080
25037
9744
6872
19303
13525
8704
8652
12477
11768
12199
7187
18032
9194
31836
8745
14204
14652
15252
9167
11159
6900
8367
9839
10686
8711
10890
11183
387
10082
28868
9030
12803
15111
24609
9675
9226
7191
8765
9276
10293
9980
25218
8
9563
11380
8263
7627
20917
30595
13759
10079
12691
8618
7756
9324
7801
8127
9667
18107
26098
9501
7888
32030
11154
32566
6824
8243
8359
7625
20269
9181
7791
7131
14855
8213
11770
8522
22267
22528
4
100
9046
7607
18236
13461
9030
10997
8022
9167
18370
14390
8146
23029
9654
7335
12298
9136
35768
8705
9025
9080
9684
27254
23095
9207
9194
8345
7965
9932
12423
16371
47708
10001
9119
26421
387
36419
37648
9021
9076
12622
9046
7607
13796
42007
9068
42460
40056
383
16941
8660
9500
30412
9038
42083
16103
9894
18769
18566
9172
8751
8456
8006
681
38013
14223
20659
9766
8704
8652
16858
8187
9401
22301
9084
8745
29794
7897
9860
11336
14652
9518
25197
10252
15192
34535
44977
13872
8
9426
24622
10081
6953
9379
9081
17267
16839
31411
10355
380
40172
15464
9062
8263
7058
3
100
9824
20531
10107
8066
9279
10453
37005
9207
9456
26829
9172
9635
15866
11704
6932
12178
50926
8146
7623
37921
12199
7187
18032
9563
6908
8168
9030
10141
9628
25573
10293
7250
6889
9018
18554
10747
29828
12054
10408
10686
14465
26421
387
9741
20717
9041
7426
27560
7252
9824
13583
13576
11111
27725
8265
16351
16827
9586
9074
11530
12585
8262
9875
46365
9243
45487
6963
7799
8529
15852
37350
26812
14362
7185
10201
9640
8467
20717
9041
8143
13941
9021
17451
25991
9080
9077
24524
10951
16515
8137
23895
9207
22301
23191
13153
13872
12634
7235
9882
12650
10998
25491
30596
5
100
12396
11486
9192
7767
17436
7235
9826
8711
34692
8
12199
7187
18032
9563
19367
13386
9605
32984
9026
48973
13363
9172
10608
399
9457
25672
8643
13082
36111
429
25228
9772
19180
10227
27627
10592
9792
9768
50097
9681
11181
10626
9426
12220
10346
35699
9312
19132
9800
13738
10175
9017
8146
7623
37921
10040
12743
14326
20456
7556
13028
9767
19011
12033
387
11290
19156
8160
11817
11439
9030
22024
9883
11684
13214
9532
8340
6824
10872
30601
11204
10807
18968
9675
11667
9640
11675
38123
9056
9822
11747
8210
15910
7530
22137
8196
9267
7162
10508
22660
38418
21634
9351
12665
20369
3
100
10464
12224
11252
375
8146
8196
9018
12224
8135
739
7569
6824
9689
9290
9797
8239
9025
9080
43719
14952
10341
9122
7991
375
43056
9022
6857
10056
13358
10846
12642
9098
7652
8159
36500
30899
8135
17582
22600
10584
9036
9266
23230
7662
8006
376
214
8
10070
17339
9148
12371
9220
19647
23952
8718
16913
7182
216
9051
378
10238
7496
8270
739
378
7244
7098
7496
8270
739
9585
8052
7385
20486
9784
13083
9267
48541
9031
50534
11355
8155
8017
14782
7965
7556
50220
9265
7162
22126
34018
11046
7902
9867
10185
6860
29239
10078
8185
7235
32016
7235
4
100
10328
10313
22893
9478
9030
10313
14417
11101
15205
10381
13309
9463
8146
7623
47257
9430
9164
9908
20038
11270
18958
13508
9140
9279
10453
37005
9422
10210
9935
10822
20038
14398
14832
8137
11693
14408
10026
11011
9276
17005
10293
9119
7335
10873
33139
11420
32336
13299
32119
9882
14461
25037
9304
19031
8511
7426
25218
8
9563
11380
8263
7627
20917
30595
13759
10079
12691
8618
7756
9324
7801
8127
9667
11154
32566
6824
8243
8359
7625
20269
9181
16453
17048
21260
11919
7627
16949
387
9542
15930
12936
48082
40822
46490
9753
22528
7249
9020
7894
9023
9118
23280
16574
7252
4
100
12557
8143
11384
34105
9017
8146
7623
37921
12199
7187
18032
9563
20056
29740
17792
8420
12449
9494
8765
17692
13363
9194
33625
9398
9426
13408
9096
6884
9190
382
9086
14259
11003
8711
21361
6918
11092
20838
9038
9080
9561
15462
9552
31279
9307
10411
19849
9207
9304
31279
17654
9499
10627
10488
7250
9173
10137
9099
10346
10250
9048
8056
26829
9741
20717
9041
7426
12621
12066
8148
11841
9882
15591
11630
27485
8092
7791
9456
16276
26078
8286
7470
15918
38514
12247
7767
43778
12141
10686
9062
11675
13408
17961
7756
8031
8159
43749
9194
11698
8143
9293
15232
14472
17399
3
100
22821
12384
28293
8148
9172
8563
19017
8518
18257
421
411
34617
24002
15905
449
10929
23995
9216
27232
9280
44283
12199
7187
9052
9319
8690
8137
49856
9025
9080
14135
38362
11328
9021
9172
426
33287
425
13439
30547
8428
9062
8146
7623
9084
17047
8135
11336
9319
8690
8143
12384
35476
10377
9114
15703
10951
13187
27579
11018
9337
9025
9341
10364
7285
10854
23715
15918
41306
11814
9038
11312
8705
14345
9029
7335
8704
9791
421
411
418
387
10403
14361
9030
9105
8703
13124
9185
22205
20963
21413
8669
9276
31406
10862
7757
8263
9626
9430
21672
11177
7644
4
100
9293
10259
20666
21422
7235
9826
8705
9243
10094
26421
387
20666
8548
11414
9609
33098
10679
15620
14226
16235
9199
11039
16709
17762
6903
14222
8022
9167
10014
8143
41142
38016
7530
12350
12090
9277
9290
17252
9178
9989
9207
9912
7669
15238
21308
6824
9366
26116
11530
47149
8262
8265
11314
12105
22159
9684
8626
20357
12386
14755
9038
9029
8146
9582
20666
8548
13053
11042
9887
13579
26121
10574
29842
9080
9362
10869
9359
9882
11342
17412
10395
9224
9216
12190
29042
11188
10206
8393
6949
8024
9819
7799
10883
8148
9172
7407
7281
30485
13439
12395
10286
6967
7877
34080
8
100
9538
7374
7182
739
8545
7608
31898
6958
9030
11912
8149
7827
23895
16930
12090
11604
8378
9016
8
9563
11380
8263
7627
20917
30595
13759
10079
12691
8618
7756
9324
7801
8127
9667
11154
32566
6824
8243
8359
7625
20269
9181
16453
17048
21260
11919
7627
16949
387
9542
15930
12936
23892
7627
16949
383
7131
14855
11674
15930
18285
384
22267
22528
7252
9018
9034
17680
20438
9067
12439
10293
11927
17007
16863
28397
8135
30601
26098
9303
7888
32030
9148
9246
42411
9592
28814
9018
9034
41931
9524
8745
8238
9300
8066
7198
32998
7847
7789
9284
16443
8148
13502
9733
23576
6903
9125
43040
4
100
12501
9520
17339
46027
375
8146
8196
7991
739
7569
6824
39349
9031
9239
9032
7671
389
8
10070
8135
739
8076
18844
9018
7400
7312
6824
9019
7055
7661
10078
378
7182
7890
7782
41447
13572
8704
10395
11848
12002
8084
6853
9402
7532
10021
14485
11082
9262
34080
7208
9329
25856
36500
8194
8757
9124
7162
9242
10431
9088
10104
9920
9438
11814
9867
11667
7652
7888
8234
468
375
8185
7235
22600
49574
8243
19465
23230
7788
20589
11213
13358
16693
8084
468
376
608
608
375
43056
9265
7162
9174
24515
9432
9054
9887
9341
12002
37767
16317
8811
9863
5
100
12396
11486
45045
12079
10148
9030
12079
8022
9167
13045
11205
7532
9022
9068
8325
8135
12642
42226
9446
9199
9677
6872
9017
8146
7623
9046
9052
9863
21630
11941
7656
21598
7514
8185
9536
9271
10087
42828
9172
39516
16755
12178
13563
7652
14335
8196
10090
12077
16395
9023
21734
9143
7888
32030
48611
42411
9138
12957
13176
9119
21145
32067
39548
9326
7671
9465
9585
7848
11407
19816
8367
9686
10211
9080
44061
8658
9039
8078
7621
11211
29169
387
31623
8140
9078
6938
7478
9043
9506
9880
32704
7253
9182
14031
20616
11373
6903
34791
14710
12077
8710
15210
13919
41591
7055
4
100
20237
7844
10259
19534
7892
43393
29085
9362
22479
8702
26973
13525
7335
9640
7236
9449
12695
11419
10497
11495
9110
26033
9207
9929
21554
13362
15223
9224
28250
19534
7884
10100
11357
12846
9444
6903
10741
9352
10072
19691
9262
10137
9677
6872
9016
9447
9229
10900
9861
10342
9304
19466
19534
7884
6905
50551
11382
9882
9494
23610
8137
9807
8705
14345
10960
8
9563
11768
12199
7187
18032
9194
33625
9374
38126
7644
10533
33379
8745
9647
8170
7777
9935
10822
10148
12141
15405
15118
12190
9456
37215
43566
9628
26930
20038
28937
12548
12092
11596
9140
10001
11011
20038
12458
4
100
9454
8450
13088
12035
8711
7655
14677
9126
9668
10401
10917
9168
9078
13823
6889
9138
7559
8718
18952
10063
6947
7399
7220
9265
7162
9018
6866
23971
48541
13088
9131
7788
11355
8155
9217
12341
15495
22386
9122
8234
20702
9135
13872
8
12199
7187
18032
9563
19367
13386
9605
32984
9026
48973
13363
9172
10608
399
9457
25672
8643
13082
7601
681
49253
26815
22004
9524
7799
7586
12655
15665
9667
9640
11675
8022
7791
12220
11087
9278
9564
14981
11204
9044
12193
12637
8813
15910
7530
22137
8196
35967
14059
23697
7991
9277
12066
684
32555
14042
8006
15578
7597
16372
3
100
37648
12224
7851
7235
9304
20659
9466
10590
6963
8263
8739
9032
9436
14017
8073
10010
15118
9023
9586
9036
49286
20155
26219
9467
6883
7210
25098
37648
9021
26184
12224
7285
10542
8146
9112
10295
9745
41201
8756
33726
7426
12720
8744
7210
25098
9427
12684
9231
8542
36781
9536
8137
9430
14628
8718
10010
6947
7399
7220
9992
12224
8135
12199
7187
16583
9331
9018
9435
26420
28591
9243
10190
7250
6889
13175
8135
9018
9112
9377
16641
9231
7409
10820
19941
9033
10209
9025
9391
29299
10566
10250
8718
16913
9503
14362
9804
9599
9250
11059
12109
21432
7252
9199
4
100
10328
16069
8143
16302
9140
24706
9430
40477
14979
20771
16302
9033
14422
10488
11151
9178
9989
9207
14472
10151
9168
40352
12042
8149
26098
9303
49036
42411
9592
9194
8345
7965
9932
10584
7767
8042
6905
12141
10001
9119
14558
9074
15480
43728
11146
37252
10100
12423
9511
9508
8159
14261
9089
33369
739
15970
458
26987
401
29139
43804
389
451
10567
443
12145
43832
390
441
29103
17112
460
47519
9485
389
10712
454
462
9023
12442
34851
8
9563
11768
12199
7187
18032
15852
29718
13363
9172
15118
45349
9647
8170
7777
10109
7297
9925
681
10157
9331
9018
18554
5
100
13919
9114
27680
38522
8756
12980
7445
7812
8148
9172
8022
8006
8448
681
9831
35646
24088
8137
9430
12298
9136
10903
42083
32746
8448
9209
20459
13254
9307
11913
9468
18835
46586
11139
9030
10313
13449
8143
13538
31041
9025
10541
33757
26421
387
9479
8467
21312
16004
8135
11336
11967
8146
11039
14509
9115
25583
25065
9698
9492
11420
10040
12743
14326
12218
40779
20859
12662
9341
11913
29546
11000
7235
24633
7335
22418
9018
34971
19263
10998
10776
9366
10135
9875
22353
35416
9034
9771
18295
8711
10524
7442
24628
9566
9505
12715
9304
32746
8448
16849
13993
47918
11262
10416
10108
4
100
13417
18476
37231
16195
7627
375
8146
7623
9052
9018
6857
7426
9534
36500
8084
6853
17053
9077
11414
29873
15740
6855
7220
12002
7824
11001
23971
12371
9271
7182
6919
739
605
605
375
43056
9077
7877
7489
9784
13083
6972
29205
11355
8155
8017
14782
6947
7399
7220
9265
7162
9242
10431
12341
15495
7898
16693
9705
9585
19561
7788
45887
16812
9850
6866
35116
438
8052
15833
22092
21279
6866
8608
438
376
10604
10072
22600
9407
8513
11848
9022
8420
8255
7380
10968
9306
31131
8041
14782
37767
9114
15833
22092
21279
6866
30007
20621
7513
8137
11611
17551
9658
5
100
9689
30478
12438
8149
12035
375
8729
8006
12438
8149
16278
8022
9341
30478
39310
16278
8146
9650
9362
21100
47637
10437
11280
11980
12921
12191
11082
9154
9422
9278
10586
9597
9044
13321
26421
387
9079
28670
12924
17160
36858
9734
30478
39310
7235
22964
7540
19909
14489
18600
9249
10372
12751
16374
9033
14994
17432
10743
25581
18513
9962
12762
50857
10984
12268
9947
7208
12509
7916
7991
9277
34432
7335
8704
16710
9244
6958
9034
739
8067
7897
9021
9174
8694
8066
36857
13930
30241
9659
10764
10599
9861
9738
21277
9052
28035
21798
7173
9023
23093
17830
9700
10090
23441
14441
4
100
9293
10259
10584
40669
8137
9430
13895
25713
15265
9036
9172
14558
9238
10214
387
19520
10584
13439
9879
11927
25079
6963
11803
8135
9640
680
8042
11111
26095
22146
9179
681
9717
22301
24030
9458
15453
39417
9016
9018
18554
37270
8704
11267
18968
9136
9939
21995
24793
20166
9025
9080
12776
15902
10312
20564
12634
7235
9882
45046
33630
17345
11151
15353
37666
9034
13872
8
9426
14450
46715
12199
7187
18032
9563
20056
36243
12039
32984
27691
32226
8750
9023
9194
8196
10559
6958
11194
10258
13445
8344
8014
6824
382
9082
7198
7889
10290
21802
13595
19993
10628
9356
13191
3
100
16152
10082
12079
8135
12857
12079
8143
9347
9048
25854
6842
9261
11684
11194
9439
31116
18769
18566
9199
11447
20661
12079
8022
9167
11532
15492
14370
13940
9329
28288
8146
7584
9366
14208
11279
9117
12158
21630
9430
13895
9966
9177
9517
17073
7285
43569
9887
13972
7489
9178
21319
6958
11357
23879
9650
9362
9745
9658
9185
10925
387
10167
22719
11039
9290
13166
10348
9022
15902
15016
9038
40636
17338
43056
11993
11420
9689
16203
9659
29964
22836
18561
35723
31656
8137
9695
9025
9080
9278
10586
9597
8149
9257
40137
11941
9149
18315
15333
9194
41575
31656
12951
13444
3
100
10464
18101
25156
8146
13214
9532
34243
21898
8135
12199
7187
18032
9563
40329
11176
739
7432
7220
31569
18983
8522
7656
7449
9023
10293
7250
6889
9018
9673
11570
9052
18101
10161
12935
9304
9033
9172
7818
8688
9125
6835
14664
9416
8146
7623
37921
9426
8078
7198
9324
7791
8806
13676
10487
21439
49297
13875
14446
20422
9304
9242
9379
13185
10548
11683
11725
9512
11181
11401
9458
35525
9630
18174
8
22301
9046
7492
9325
9366
16640
24703
33755
9155
9094
13015
13759
8149
9634
10070
6903
10377
20403
9773
11615
8263
33770
9079
7407
383
12677
31547
11793
9195
5
100
13914
22429
9769
14288
13641
10504
17673
9154
9422
9257
8146
10431
12341
41326
34080
9029
14485
9194
7478
8011
8467
8602
23358
7478
8011
8467
8602
8135
11336
9664
7140
7877
10001
17998
8148
16902
7235
21519
9275
28699
13953
9944
10395
9048
8119
7235
12168
10769
12032
11324
425
8066
9831
35646
24088
8137
9432
12643
9025
9080
9199
9110
24082
7335
9306
30653
20661
9209
10626
11136
40600
7847
10310
21163
9018
16234
9278
9458
46993
29932
11562
9445
9240
389
9108
9306
30653
20661
33073
14112
9377
48817
11568
14086
26421
387
16902
9976
10769
20078
8143
9249
22932
11328
10433
5
100
12396
8066
9304
9033
32104
8135
17727
10464
9675
48541
16285
11355
18479
9784
9248
31938
9520
10135
7235
11219
6962
15605
12298
9136
10475
8704
8652
9018
25306
33173
25655
9180
22301
23191
9430
9390
10368
27663
9169
11367
18708
11630
9790
11570
10950
9044
9220
8364
8137
9430
29457
23157
9134
35341
9076
12079
7767
10676
24767
7335
9045
20339
32822
8104
10439
8143
11704
9742
10709
9307
9085
7290
12333
17059
396
9869
10825
9130
7290
12333
12283
9764
24584
8191
17047
11067
46454
8146
7487
11943
14472
13805
9168
9172
392
7489
8104
36287
681
9726
7540
7812
8022
21942
44493
3
100
40684
29930
10107
8066
9279
10453
37005
9207
10805
26616
15910
7530
22137
7397
8704
16254
9430
14204
8344
8400
8135
17727
32336
13299
20913
9033
47310
47704
14651
26973
13525
8146
7623
36329
7889
9180
9524
7799
8149
42608
425
417
21312
9024
10996
9018
6835
7209
24432
13583
7235
49864
32608
11187
12199
7187
18032
9815
31488
10184
20424
19619
16973
9094
12660
9172
8719
7653
7055
7144
12092
23620
13363
9016
8
9563
11380
8263
7627
20917
30595
13759
10079
12691
8618
7756
9324
7801
8127
9667
11154
32566
6824
8243
8359
7625
20269
9181
7791
7131
14855
7609
8152
5
100
29306
8608
17707
31898
6958
16718
8643
9950
10293
9119
18563
31898
6958
16718
14386
12199
7187
18032
9563
19367
13386
9605
32984
9026
48973
13363
9172
15118
17707
31898
6958
681
15656
26815
9347
14465
8441
8643
9720
14039
9027
27266
8149
32675
15179
9168
9246
9085
9869
8030
10378
18992
8146
9177
15852
7071
20651
9140
9067
10825
14175
22096
24199
9276
51078
34292
35437
7530
9632
36117
34292
9945
9062
8263
7058
8711
9052
15852
47341
38126
11533
9020
6899
7958
387
9094
22869
9390
9130
24227
8022
9040
9764
10005
12336
10695
9033
13045
13797
10960
8
9426
14450
46715
14472
3
100
10195
11639
9945
9140
9945
11967
8146
13254
7253
9243
10094
26421
387
11746
6932
8031
7644
11639
20969
8137
9430
9188
12039
9136
10903
15822
9150
9771
25421
9025
10541
9508
25495
10040
35463
11025
9090
9182
17295
9085
8213
8104
11177
8148
9290
23833
9511
12634
7235
20299
8159
10146
8022
9167
9026
16350
15205
10488
7249
7991
9277
11841
22301
10619
49072
17754
12577
38722
10769
13627
10333
26669
34536
31967
10471
9458
12972
13769
29124
7335
8704
14323
9052
17910
37755
9559
42948
17840
6903
23719
12050
20931
12757
12298
9177
22400
12819
9939
11881
8705
14345
10811
12762
3
100
15658
36877
9922
45759
9207
9929
9548
17218
12662
9019
15966
16863
7335
9640
25495
10040
9052
16858
8187
10155
20026
16537
9023
16362
41201
8756
36238
9480
12492
28585
16089
10776
10678
7249
9341
23034
23946
9325
9214
8267
10480
19378
7253
32239
9131
9149
9018
18554
10474
8705
9169
11652
9432
20081
9462
12356
16773
26049
8
9426
24622
10081
6953
9379
9081
17267
16839
31411
10355
380
40172
15464
9062
8704
9365
31667
9060
10283
12199
12804
33253
13986
8117
9368
34529
9609
23029
8204
9022
9133
36636
12957
10747
16192
14465
25148
11746
22519
19475
30601
9040
7424
23216
6
100
9456
7281
29448
10607
8552
12592
8137
9430
13895
16061
14199
9034
9457
9535
11365
12395
31638
12791
9140
9127
8031
10026
9753
34409
46548
8146
7623
37921
12199
7187
18032
9563
9741
8023
17698
20774
9172
7281
7428
10258
9550
47837
681
10157
9331
10040
9535
14242
9767
7556
15133
10075
25309
9422
9877
13079
9187
9295
9061
22301
23191
19393
14472
10449
9148
10033
9168
10141
9628
25573
10686
7253
9182
10393
9016
8
9426
22771
26598
8135
10914
26446
9453
27911
9194
8618
6918
9267
7782
43727
7400
9479
8467
8615
8505
382
9114
27680
8551
8143
9300
11557
10293
12356
15449
28296
5
100
9138
7415
21699
11342
9945
9140
10146
8022
9378
10177
383
8649
8671
7281
384
10501
10740
7967
12141
9613
33439
9062
11313
17164
739
7432
44773
9138
7415
6877
15601
6824
10779
11696
20269
9194
29439
8091
8196
13906
10140
7253
9068
9558
11034
9825
9676
12158
9018
16375
8135
12199
7187
19269
18826
8117
9236
34241
24794
7249
22465
33757
13409
14417
7627
9052
9138
7415
45731
42704
10229
22733
9337
11959
8213
27025
12342
14465
11686
22301
10740
41556
12912
21699
16104
10007
23878
23565
10811
387
9992
16301
11342
18026
18364
10091
9243
12553
9262
10587
9022
10687
9181
19908
20432
5
100
12203
9238
9836
21174
22828
9030
35533
15591
20659
9466
9418
14472
10151
9168
40352
9319
21228
8084
10665
9194
8563
25483
41971
21174
12141
16727
9036
9882
13230
30596
10293
9119
7335
11170
7607
10547
15247
15223
9224
16311
7416
24740
26006
16718
37784
30748
9025
9080
9194
30898
7607
8703
10887
20893
6918
7892
47708
10001
8705
9182
14031
20616
11373
6903
11181
11585
8135
9426
30320
10026
14315
10003
391
393
25293
11729
29941
400
15233
384
46483
9439
11522
9900
9034
10773
391
393
33741
10895
23760
10470
394
9560
37271
9511
9508
6963
7799
8529
15852
9756
19493
29843
7623
3
100
21308
9945
9597
9276
11725
9119
7335
9172
7546
7501
31898
6958
681
11683
9666
11545
43213
11037
9983
8135
9736
50231
9346
8745
10083
389
8
12199
7187
18032
9563
19367
13386
9605
32984
9026
48973
13363
9194
8196
399
8765
9036
6874
7407
13502
7756
22925
10214
15252
9722
8220
8703
15954
7633
8359
11183
7669
9110
10211
11918
14465
8754
9110
10022
10063
8056
8711
12767
11822
10258
14180
9773
16624
8704
13140
10633
10046
9950
11348
9038
19993
9033
13495
10488
8718
19303
16863
11675
20882
8742
11687
12412
9456
16276
9253
30589
24453
9426
24528
8148
10283
46571
4
100
32336
11486
38424
10416
9140
9279
10453
37005
9207
10805
26616
15910
7530
22137
7397
8704
16254
9430
9094
7109
20989
6958
12036
9172
9635
15866
11704
6932
12178
47352
9025
9080
15590
10695
8711
32256
10148
32520
28296
9016
8
9563
11380
8263
7627
20917
30595
13759
10079
12691
8618
7756
9324
7801
8127
9667
11154
32566
6824
8243
8359
7625
20269
9181
16453
17048
21260
11919
7627
16949
387
9542
15930
12936
11076
9648
10950
9044
21164
16032
9030
22267
22528
7252
9018
9034
21069
45163
7894
9023
9118
23280
12553
11927
18423
16863
28397
8143
38414
8196
10234
11753
9591
9408
4
100
10464
10043
35723
17305
9023
9194
8265
7894
10452
26248
13047
13023
9036
19303
13525
11084
10063
12905
8146
10838
7282
9328
13787
14139
11488
12003
9685
9337
9031
377
9131
9149
29843
7623
9024
10423
9888
10043
13274
8148
11841
9558
39318
9944
26108
9552
7791
34811
20613
10287
8243
8811
13654
12312
6872
9016
9447
22301
9032
11149
26708
9939
13875
9166
26816
9024
10178
9277
25012
14807
7991
18520
13660
11552
10290
8722
9124
11090
9867
9018
18554
25257
9561
10322
9167
26842
10488
11469
10805
26616
12733
7530
31639
21480
8704
8652
9524
20684
30601
26098
9300
8066
15133
14932
5
100
10195
13299
9422
11384
11741
6903
14319
387
9925
8756
11011
9276
27700
9115
43566
46548
8146
7623
47257
9430
9164
9908
20038
14398
9830
9807
20038
14398
14832
9140
11881
9030
10210
9935
10822
8137
11693
9039
40097
37792
17033
8022
14461
13309
9463
26421
387
9164
9631
9698
9492
11420
29831
38052
33253
12137
12028
8143
9099
7258
13500
10488
10682
10148
9048
8704
8652
9018
18554
9696
27234
20316
42608
8125
8265
29448
7122
7426
9750
9524
7799
7586
9024
10201
10063
39453
8078
26435
10075
10600
16575
10395
9261
16936
10040
7743
12105
11290
13583
9168
27709
8705
26714
12733
7530
