4
100
17339
21071
9347
9154
10993
14110
11630
8711
7258
7532
14441
7965
8425
7889
9908
17339
7889
9391
9122
9789
9199
9554
33101
9133
10021
15740
40510
21137
7162
9257
8146
7312
9052
11488
9376
8187
9226
9562
42226
6874
7513
11992
9178
6826
11187
14821
6903
9304
24923
9947
11355
18479
17003
9025
9029
7335
8704
17969
8135
9240
7894
10785
9021
10407
12443
7824
17764
6824
10667
37544
12503
8092
9433
21277
9518
15768
387
15386
410
7470
9564
41006
16285
49542
9178
26421
9228
18651
9893
21615
12557
9044
9278
9650
12443
31536
23006
7788
42129
10124
33102
9337
10212
12642
5
100
9450
11088
9480
20244
8098
7235
9304
20166
9025
9029
8146
7623
10647
7162
9172
8347
26347
20244
8098
12178
16727
9036
9882
13230
11328
6903
19534
9605
50663
9422
35533
47414
10488
14465
680
29969
9756
681
9180
9450
11088
10234
10741
9882
15591
11725
9119
26421
387
22301
10647
9052
12199
8711
9148
10293
17741
9172
28175
31253
9033
12846
15381
29930
12446
16715
31731
15631
31517
23610
8148
25377
43922
32650
14664
14223
20659
9766
7965
43922
32650
35942
13216
18545
22386
11389
11684
50490
16034
18566
10997
10034
9456
26829
9390
9130
11687
10219
32800
7335
8704
14472
10111
9168
40352
5
100
25768
9304
9277
17969
33101
10135
7235
10488
9156
8146
7623
37921
9172
10470
12405
9563
14363
34243
23128
10661
681
11181
8159
9140
10464
9261
11684
10293
11169
18101
21898
29866
14472
10111
16308
9148
18301
9168
14147
6826
32800
8340
6824
11585
8135
15852
46483
9982
43804
389
20549
453
12337
389
42208
43832
9662
12442
9508
15118
7888
9804
9599
9640
8056
16276
49251
8286
7470
15918
22301
33860
9457
22220
9882
9242
9379
20659
9489
9767
34243
6884
14277
9110
684
9131
7530
22137
7623
35217
9430
9351
43366
13755
9377
10216
9181
22086
12717
10040
13088
9605
14180
11643
8702
4
100
12396
11486
10584
20503
8137
9430
40477
14979
15016
9038
38424
9033
15148
16627
8146
7060
11570
9052
11439
9324
7586
46855
16062
9524
7767
19189
13659
8711
18968
9675
9304
29080
15148
14526
6963
7586
22633
10063
14558
20503
9133
10584
17692
26095
9049
9317
12371
9032
13041
9677
7978
12733
7530
29843
7623
14422
13166
9919
9134
10586
31656
6903
14240
9564
9659
6824
6962
47002
19303
13525
8704
8652
9194
10470
12405
11528
14363
14558
8196
13438
14472
10151
17347
9148
16308
9168
25890
8187
7194
9752
413
428
9023
20774
9016
8
9426
14450
46715
12199
7187
13805
9563
20056
5
100
9046
7492
19163
12079
10148
7235
11205
8263
11335
9395
387
12079
8022
9167
9730
13395
12948
18078
43783
8030
9416
6947
7399
7220
9022
18814
387
12102
14819
42045
9174
6949
6853
10009
382
7965
11597
9018
6866
19588
11334
7991
406
44668
10972
13701
10174
7793
9505
377
8146
8196
9148
10348
21630
9347
9685
6872
8006
25856
16563
22507
10635
11271
16564
10000
377
19561
389
12857
11793
17582
9337
9025
9080
9548
10578
9054
9098
7652
8159
50082
10972
9427
9036
9515
25518
35557
7209
9639
13525
43056
7162
9094
15309
12642
15073
7788
22979
9539
9035
8704
8340
8137
17077
4
100
17707
31898
9480
11000
7235
9029
8146
7399
12519
10869
9359
9172
13335
43151
8186
681
16484
13719
14133
29614
9080
9257
7892
9953
12199
8711
9563
22976
11025
13939
15186
8135
46971
14917
7194
9303
14814
8104
9506
387
9239
10808
10141
11025
8148
9253
10895
7489
10478
10728
9246
23410
9510
10017
9243
14759
40004
10161
19492
9640
8393
6949
9052
25065
9090
12417
20105
6903
24352
10971
8030
6855
9276
12572
9163
9737
12268
12762
9632
43151
9090
13466
9136
46060
13372
9019
15910
7530
22137
7397
8704
9513
10914
21651
7888
9288
27017
34768
7532
19514
27106
29781
8361
8031
5
100
9242
9379
11693
21308
18614
9325
13229
9508
7335
8704
15386
409
8066
10403
6824
12923
9376
10676
17764
9511
21308
9098
11577
12972
12364
8146
8078
9325
9346
7071
36736
9693
12006
9038
14458
9492
20305
10090
9280
10586
13088
7235
9029
26421
387
48276
15528
7162
9351
16709
24873
7198
9391
37611
9676
10279
36122
9960
8405
8236
7530
15025
16402
8137
13744
11469
48512
49019
7586
9752
8143
9249
12557
21002
7796
8408
11367
9246
9292
16831
380
9465
7489
17764
12704
12049
19572
8
9426
14450
46715
12199
7187
13805
9148
9018
7187
10087
9168
9522
17852
9023
13363
9194
10470
4
100
39982
9421
9480
30653
8148
9172
7877
25306
8660
8143
13711
8707
12178
24309
12507
9199
13366
7335
8704
37648
8137
9430
9874
6826
10971
32081
15695
9025
9080
9791
7506
9094
7692
6866
15481
6903
17970
9044
28372
9021
15658
9682
11532
9700
7656
9025
9080
9488
8429
8052
7071
12555
9214
13938
30412
9124
17068
26208
9788
9029
8146
8078
9325
29794
8511
7470
21348
9038
13950
23806
8705
9068
35416
23806
14008
30138
39662
8335
45798
9181
7482
681
10997
8066
10466
8236
13652
46494
40336
8335
45798
28000
7584
11987
15658
8022
47599
20155
20110
13563
32707
14698
23231
15605
5
100
13914
11252
45893
739
8613
8137
9666
8236
41547
8146
10431
11252
45893
739
8613
8135
11252
8194
7237
6903
9304
17537
7888
7532
9069
6872
10010
25830
9042
468
10070
7235
9105
6963
10480
9351
44037
7177
7285
23916
11219
9046
7890
20833
9261
11725
8711
9535
9885
10771
10078
8159
468
9018
18554
48569
20833
9177
9863
18443
20289
26962
9348
14651
10010
7514
8185
10635
9873
389
10021
46651
7080
12442
12857
15709
11035
14149
9022
6866
46651
7080
9511
12857
10464
9136
35949
33102
9277
9122
34693
6947
7399
7220
9572
33101
9033
9280
10166
9278
9650
9362
10330
7055
13088
5
100
10195
9912
9930
8610
18205
387
9912
7395
12537
9030
9882
13579
9337
9025
9029
7335
8704
9346
10294
11139
8066
9304
14222
11356
9974
10108
10090
14830
9341
43213
8599
9325
48512
8146
7397
8704
12519
9366
10574
46122
6830
19066
11042
9887
12158
11834
9424
13538
15301
11357
39344
25235
9376
33820
10362
20391
9033
9199
14441
26421
14411
48276
15528
6824
12923
16285
17764
8705
9249
9472
29621
11250
14683
9149
26291
18328
7162
9290
13508
8711
10764
11000
7235
36435
9025
11188
9355
43213
17053
16210
9080
9179
20661
9947
7208
15030
12313
9685
9178
7182
11084
12498
9422
9278
10586
3
100
37979
21290
17676
9140
9022
16711
11446
9307
9558
9430
15223
9136
9745
12582
6903
10982
7470
10556
6992
11604
8423
9025
10517
11487
9207
10488
14465
8146
7623
37921
9172
7024
8137
42704
10192
681
8148
9563
9635
9044
35444
9023
10001
19926
47048
20893
11328
9021
12199
8711
9148
9456
16276
9130
8765
8286
9017
8056
26829
9390
9253
11687
10219
10293
11169
11181
10872
9882
13230
12090
9430
10152
20967
8186
12384
20883
15072
12368
46548
8340
6824
10309
8135
14472
16798
9168
15852
9756
8367
46483
9982
43804
389
457
9714
389
42208
43832
9662
11585
9748
34301
12522
3
100
9689
10239
34949
382
15591
10001
9119
8146
35942
10239
9756
10161
20312
9426
18795
9605
8104
9046
11443
32800
23610
8135
20038
11675
8006
10427
11168
20038
11675
8006
10427
11168
9030
12803
28560
9389
7249
9029
31211
27836
34407
9983
39267
9304
9426
12287
10741
9882
16727
11631
6824
23029
9654
7335
8704
9194
25494
6903
12325
12187
9194
11602
10458
7627
17196
9239
48456
10450
25413
10735
12549
8022
9167
10014
8143
41142
9849
8814
9025
9080
11328
7235
10488
9156
7847
6835
25657
28738
9639
32619
10309
8135
14472
16268
9168
46483
9982
43804
389
446
9574
440
44683
5
100
9961
10840
8066
9022
9533
13114
10407
9366
10574
17068
10270
9124
9213
8146
7397
8704
12519
35907
7889
9961
9052
9882
45046
26313
19237
26421
387
10384
10868
8135
9022
11758
21301
28864
9161
9689
24761
15619
9659
11058
9029
6947
41481
10021
9194
22955
10343
382
9017
15326
10868
8135
21376
17529
11511
9469
9394
9022
12795
37983
7162
9689
24761
18636
12541
9038
9080
9257
8507
7383
11187
12857
9267
9510
13027
9961
10734
12353
32827
9430
14757
9652
11489
9418
9322
11993
18634
9277
28721
9956
17432
9178
47637
9424
12386
18507
10207
9362
15620
26502
16667
9955
10579
45352
9167
6
100
12224
10730
8137
11693
31656
15381
9030
9882
13230
11328
7235
10488
9156
8146
7623
37921
14472
18032
9148
9536
7187
10087
9168
14147
6826
32800
8340
6824
11540
28738
9639
11181
11585
8135
46483
9982
43804
389
457
459
461
9549
446
16473
43832
9662
12442
9508
8704
8652
22301
11570
9052
9426
14450
14012
11290
37790
7669
9804
8159
9140
12079
7756
9613
387
11194
12506
11380
8765
13034
9225
13659
8705
9182
10393
9016
8
9563
11768
12199
8711
10033
13805
13110
26074
28147
9444
6842
11250
9390
9130
8007
398
8361
399
14814
11095
30112
7250
9217
15179
16863
9489
9034
7109
5
100
9279
9308
9529
9631
44039
8137
12818
7530
16930
12090
9676
13358
26973
13525
8704
8652
30601
11570
9052
9324
8806
8194
10967
19062
7669
9110
12623
9524
8104
7849
15852
10110
9018
7056
8033
37022
10461
9212
7559
6958
14265
48821
12523
6963
45852
17506
11625
9722
7062
6958
14932
13305
7892
8168
9225
13659
13872
8
9563
11380
8263
7627
20917
30595
13759
10079
12691
8618
7756
9324
7801
8127
9667
17244
11154
32566
6824
8243
8359
7625
20269
11432
7561
17333
22267
22528
7252
9059
9034
17834
9134
18116
11527
397
11179
6903
9876
6953
25151
9771
16574
9062
14230
10101
10063
5
100
29060
6903
10195
39310
9642
9030
9882
12921
12191
16278
8705
9025
9029
7335
8704
9172
7691
7384
15699
29000
681
27400
7470
20589
15989
12512
15384
9267
9062
8146
7623
40648
8135
17939
6903
29109
387
22483
9390
18805
9920
10123
44188
7250
9248
34535
9880
14753
400
9869
10825
17059
399
9869
42331
7965
8095
7397
22301
30935
9052
11336
10395
9518
9947
28801
36220
16368
26221
15997
20659
9766
680
7691
7384
381
8756
11285
12480
39774
9038
18890
12760
8143
26569
8505
8450
27006
13366
26421
9456
26829
29000
8066
33172
9174
9340
49574
9432
14223
39998
7770
10283
18758
387
5
100
10428
12191
31406
10464
16757
387
10464
9063
9136
9030
9882
15591
10001
9119
7335
8704
14175
7060
9052
9279
26599
12092
8066
18395
8711
9194
8345
7965
9932
16316
16096
6918
7892
12141
16390
9029
8146
14714
14175
26577
15247
16782
11696
6905
9180
9050
11176
10624
12715
13230
12090
25093
20301
7244
30578
14739
9935
12187
31969
19975
8270
12423
10978
7756
382
9276
9430
26851
8143
9633
24740
9422
16254
42811
10960
8
9563
11380
8263
7627
20917
30595
13759
10079
12691
8618
7756
9324
7801
8127
9667
30601
26098
9292
7888
11816
7671
9148
21734
9045
38916
9524
9034
17680
11154
6
100
22159
9376
12543
9422
13676
7627
9030
9882
11532
24767
7335
8704
9172
10470
12405
12767
13600
32561
681
19993
13595
9304
9376
7992
8359
25515
13755
13607
9021
41286
10395
9261
10647
8711
10998
10626
9939
13230
8705
9025
9080
14422
40506
46548
8146
7623
37921
14472
10111
16925
9148
18301
9168
14147
6826
9563
9741
8023
17698
10686
7253
9182
10393
9016
8
9426
11624
11407
12199
7187
13805
23538
29716
8637
17012
42983
412
9291
12709
10040
11875
8745
22400
21973
9247
8361
399
9100
8007
9894
9470
43124
7250
9217
10087
16863
8263
7058
10093
395
8149
9331
12743
10311
9017
39453
4
100
41144
38892
17058
10135
7235
10061
9035
8146
7399
12519
10869
9774
10936
9435
41144
13409
38384
11580
29529
9510
10622
8711
12884
8263
7058
8711
9052
9034
7109
12618
9246
36791
26336
9243
33076
9156
7599
7415
45731
42704
15127
40628
9138
7415
38892
9304
9033
14553
12268
8265
9257
7892
9953
12199
7187
9528
10779
14417
12033
9172
8649
8608
8461
681
16175
10845
38837
9752
10272
10707
9189
12412
9456
9359
10042
9168
14978
14114
12912
38287
9390
12283
393
9869
8030
17586
9017
9489
9102
9283
10728
23410
15149
41910
27035
9016
8
9426
14013
35210
14472
18032
9148
9536
4
100
19534
18995
10259
20757
9185
20757
9276
9430
9745
16203
17722
9199
14441
7335
8704
10152
6886
7601
9140
37979
12090
9337
10212
11132
22600
10578
12466
19107
15148
17058
10599
10586
21292
8146
7397
8704
12650
26116
12543
9277
9592
9366
21308
7470
10884
9080
10574
9029
14485
9172
50756
18614
7627
20708
8264
8168
10105
9044
13417
39470
15620
10387
11419
19097
7426
11931
29637
16854
9554
26512
9561
9168
16374
8705
9025
11188
9355
21277
39344
24547
14730
26421
387
26116
11618
21308
6824
10429
13530
22438
8262
9030
10194
16402
8137
10392
10251
13168
8022
11394
10674
24172
23006
7788
4
100
12846
9127
10640
30653
7235
9029
7335
8704
12423
6842
9224
29265
9207
23806
8168
9140
17098
7892
9030
14112
10412
7235
20018
9062
8146
8078
9325
9882
38204
11570
9136
10293
27485
7514
8185
14472
18032
9148
9536
7187
10087
9168
9172
10470
12405
9563
14363
8125
7965
9756
8187
14664
10686
9156
15118
14363
8125
7965
9756
11865
15852
7071
24199
28675
19785
12380
387
9044
37524
8703
11103
11684
9277
9767
15101
9494
10161
39848
9017
8056
16276
9191
8765
8286
7470
15918
22301
10647
11149
12199
8711
9518
13855
33602
14453
11687
7791
9457
22220
39959
9464
31976
28555
11532
4
100
9293
10259
42568
16195
7235
15225
7335
8704
9172
8022
8006
8448
681
9185
42037
6889
9030
36645
12053
8135
10769
19293
387
35265
10163
32746
8448
9284
9028
18130
9304
13572
8705
9025
9029
8146
7623
37921
14472
13805
9168
10293
11169
11570
10808
9592
20026
16537
46483
9982
43804
389
450
16025
389
22174
43832
9662
10223
7540
9511
9508
7194
8364
9599
9536
7187
10087
10157
9156
34619
8187
9401
9036
9804
9599
9640
8393
6949
10998
10626
9882
15997
9939
13230
8711
11213
25799
9033
12574
11747
8210
15910
7530
22137
7397
8704
28830
11523
30908
11381
8711
22301
23191
5
100
20237
9036
10623
10043
31938
7426
10490
20166
9025
9080
11153
9048
8146
6899
8135
9172
7208
7691
8125
681
12665
14124
11100
14253
6903
14112
9377
12572
33648
21674
9532
680
7208
7691
8125
12480
12199
8711
10449
9148
9563
37043
20654
7244
11007
7847
19637
12660
9267
20959
6947
9023
10001
27485
8263
7058
7187
9052
18398
8031
14596
9036
31354
8022
9241
8191
9062
8704
8652
9267
20959
27914
14472
10183
9168
10141
9215
10807
28015
12369
429
384
20237
7470
10824
9119
37184
11742
14055
28828
28015
20273
9544
9076
7258
8446
32979
10728
21306
23704
9038
23600
9531
8137
10554
5
100
18967
9451
9480
32739
11000
7235
9029
8146
7312
10924
9018
6857
7426
739
7569
6824
9098
7656
9025
9080
10137
21159
10021
9194
8265
8276
382
389
8
9595
9392
10047
10087
387
9360
15019
9023
13363
10528
10470
11574
9569
9180
21446
9040
9822
9432
13659
8711
9457
9555
28421
9618
12712
9422
10210
7119
7416
19583
9054
9532
413
10470
8135
12199
7187
18032
9148
38962
6826
21130
37644
9023
20774
41964
11965
8066
9304
9456
16276
9088
13079
7470
28793
8056
26829
9741
20717
10559
8143
33996
13941
9021
10407
9034
28781
28957
9712
17451
25991
12656
22220
17193
26520
20901
6
100
13919
13883
8518
8143
20244
8098
7235
9304
20166
9025
9029
7335
8704
13883
8518
8137
9337
9068
9278
9650
9362
10021
9172
7827
7496
20708
14766
8518
8135
9526
34659
14084
11761
8148
12213
387
26314
10334
9746
9030
10071
9809
12443
10115
31717
17764
9033
9199
15177
8474
8143
9249
15768
6903
15386
8146
10988
8711
22452
8765
27929
13229
9508
7588
10330
34986
12923
13600
9021
42655
9984
9366
13088
9048
26421
28545
7162
9351
16233
9929
13940
21682
25669
17554
15929
28741
7375
8146
25606
26578
8267
32702
10017
25455
9052
48276
15528
6824
26523
9359
15835
7711
8022
49929
13565
13488
4
100
9939
9855
18007
8676
9136
10647
9156
8146
7623
39848
9052
9426
16904
46709
8066
9426
40844
9605
14315
11092
10210
21073
9038
9440
34237
11675
16904
18219
27466
13412
9119
14453
11149
18007
8676
9879
6903
10824
387
13230
9030
9882
11328
9021
21674
9654
26421
22301
11570
9180
9824
47833
9140
17094
8022
9167
22939
23895
9207
9194
40844
47833
15381
12187
9194
7770
8346
8756
37931
382
9284
47414
10488
7249
9029
7335
8704
43198
20893
8137
9430
9036
12712
9939
34385
11213
43198
8153
6958
27175
9337
9025
9080
38514
7653
8626
7812
7840
47708
24733
20496
8168
9094
31731
5
100
9689
18101
7627
12035
9154
10472
8146
7312
9148
18101
33805
9242
9379
10548
9280
9929
11761
9261
9939
9659
17235
23985
9022
9802
12460
9457
22220
9843
48442
7380
9023
9882
12317
16285
20659
9466
9029
8084
9620
23454
21579
19275
9404
34243
9559
23482
31686
9038
15141
7162
9592
30702
6824
11649
19784
8263
11015
9307
9558
9430
42015
21855
16892
9257
6947
10431
12087
32450
10021
9172
7496
11608
13088
20708
16943
8143
11355
8022
9161
43366
15882
38720
9362
36739
13826
13676
11536
13426
9548
11921
31589
17148
9103
8204
11213
22708
14370
27144
11260
19561
7788
9366
10574
9242
9556
3
100
9279
11204
20503
6842
8135
10769
9279
10533
6903
17073
9717
9580
21695
40506
9243
45487
8146
7623
11204
9052
9194
7657
8143
12867
12187
9194
27640
8143
10121
382
9030
9882
45046
49714
51125
7335
8704
14175
7060
50562
8148
14472
18032
21734
9247
7888
32030
9148
42411
9592
9563
6908
10807
19864
49253
7889
9180
16062
9524
7767
7586
387
9324
7626
10334
9018
12956
9235
8344
12198
9084
8711
8363
9225
15395
9033
20451
19011
7235
24733
15118
11768
22301
20945
9430
11159
18818
24177
9025
9080
9553
34195
473
14450
15591
10601
9307
9447
20508
9238
24914
8137
13230
5
100
9632
9238
10259
14005
8518
8137
22717
10574
10475
23941
8518
8143
20244
42330
10769
10280
14005
8518
8022
9167
12401
6830
9168
39964
8239
9025
9080
9882
10395
9136
44188
9405
9029
26421
387
10869
9359
9366
14786
14005
8446
29721
10725
12520
12656
40210
9745
16233
15918
15997
14981
9362
27144
11260
10828
9161
14411
9172
7877
25306
8704
27790
12438
8149
12178
18467
10998
10626
29842
9341
39802
14215
9017
8393
6949
9052
30412
9124
24177
9025
28100
29317
9620
11259
11342
11565
13607
8146
14133
29614
9418
9447
43213
8599
9140
9912
9030
9736
7501
20136
12972
10764
9819
7799
13600
4
100
16947
9664
8662
29930
9017
8146
7623
21835
11943
12199
8711
10449
9148
10293
7250
9248
9390
9925
7692
9246
9085
8007
9894
17394
14465
7478
8662
8135
9664
27439
7485
8137
9430
11336
16947
9518
23410
9510
10796
18422
11526
9124
9508
7335
8704
11336
50373
9163
10468
15442
9154
9207
12119
6903
10050
7532
9030
50059
24275
11648
18574
9038
9282
9028
10465
13119
9033
9284
15454
37474
46548
26421
387
22301
26930
10040
11765
20659
9489
9084
21968
12417
20105
9048
6958
8215
12638
8022
10728
11913
11940
9612
15542
25065
9090
9199
13366
7892
8196
9664
8662
17057
9039
13426
7
100
10607
8066
9304
9033
20651
9063
9136
7470
13815
9119
16841
9063
9136
8022
14063
14175
7060
6903
28733
8146
26577
15247
9882
30015
12498
11630
9062
7514
8185
14472
18032
9148
9536
7187
10087
9168
20651
9094
10624
13251
9023
9194
7735
12547
8066
9304
9033
739
7735
7426
11973
9673
382
23191
10293
8711
49876
9939
9855
37507
8539
36672
9261
10647
40049
8705
46548
7335
8704
14175
7060
50562
8148
15179
9052
21734
9045
49036
9130
38916
9194
8563
8084
15152
28668
12141
10001
8711
34927
22600
37066
8137
41730
20503
9038
13230
8705
9025
9080
14422
24767
8006
19975
9224
9847
7127
10828
3
100
9689
14320
17345
376
16563
377
8146
8196
9148
9347
21154
16563
377
6947
7401
387
12857
11793
11649
13023
9337
6969
8084
406
16563
10972
25518
35557
7209
9505
7965
11597
9022
6866
15039
22507
10635
27616
21319
8159
9258
24692
13673
22870
7530
13525
377
7194
12928
9782
9162
11991
9277
10578
12487
9019
29130
406
16518
47041
13045
12487
9080
23498
23775
406
9394
9162
7890
11132
9676
22386
14370
11114
8153
23775
389
12102
11993
9181
9025
32987
10351
11777
17582
15605
9199
35691
12521
19759
15378
9306
16069
9304
12517
11188
9237
10415
25856
15709
9919
9134
12972
4
100
10195
9437
8143
12003
8135
10769
10195
11325
14417
7627
9747
8022
10495
10046
9224
9966
43124
13508
10805
7235
9304
23029
8204
7991
9337
50375
9135
13872
8
9426
24622
10081
6953
9379
9081
17267
16839
9070
6879
9062
25148
11746
22519
19475
16925
9040
7424
23216
20759
9018
7187
10081
45717
8148
9141
11177
9147
47712
380
9210
9922
13309
27128
13430
6953
9409
12199
8711
10449
9331
9130
11179
13069
9021
9285
9379
44977
8704
9257
8263
7058
10093
6903
10502
9880
31411
10355
12387
20853
391
12336
15464
8704
9200
9425
9271
8286
9239
21951
24321
8146
7623
31667
7244
5
100
9293
10259
40367
9088
7812
8137
9430
40367
39341
9939
13230
8705
9025
9029
7335
8704
11181
10872
40367
14842
8022
9167
48397
12289
18614
9038
9745
14226
10854
25421
9025
9080
11683
35315
9788
10960
8
9426
14450
46715
12199
7187
13805
9148
9018
7187
10087
9168
9522
17852
9023
13363
9194
10470
12405
35021
9767
11194
32944
8765
15252
23598
10040
12079
7756
9140
12383
17073
31258
396
13307
9883
11684
20010
20966
20534
9802
50345
19862
9217
14147
16863
8146
7623
37406
11149
11226
12743
30401
8148
11737
10424
2881
4559
41437
384
9081
8791
7470
15247
31342
14981
29550
36459
21367
5
100
9138
7415
13409
10043
46027
7426
10695
387
46027
10034
39982
9758
9030
14112
10412
7235
20018
9062
8146
7623
26930
12199
8711
10033
17454
8704
9200
9456
8711
9135
14635
8705
46548
11768
22301
13929
9430
20508
9238
9632
9728
8756
8186
13162
10539
7470
13254
9307
11159
6903
9304
9033
9647
8170
7777
14731
10822
10682
10148
9048
6963
7799
8758
38384
10063
7888
12398
13368
9633
24740
9207
9882
14024
13214
12312
6872
12733
7530
29843
7623
29303
21943
19272
12577
26525
45307
9947
21562
17204
15730
21336
50375
13525
8704
8652
11930
9595
9392
9168
9390
9925
7692
9130
8007
9771
3
100
10464
22973
15381
9030
9882
11101
9676
9029
8146
7623
22973
8135
12199
8711
10449
43249
7252
9194
425
453
12337
10421
11370
30194
382
9331
9246
11341
12957
10926
9084
6890
9048
7985
7626
9052
14006
8604
10071
8148
9194
418
37090
15369
15949
15800
10226
14465
15979
8604
34462
10063
429
446
10272
10054
10085
21964
443
20396
9969
33598
31752
33116
406
377
7426
14006
22295
20286
16062
10290
16587
9018
7055
8042
15389
9102
10333
11135
387
9726
7276
7897
8137
13418
7335
8704
22301
22973
8143
23756
7692
12614
7235
14628
9062
8146
7060
11204
9180
9018
7055
4
100
9215
12372
44163
10135
7235
10488
9156
8146
7623
37921
9172
8814
7485
8143
12671
681
46483
9982
43804
389
446
16770
10929
442
13038
445
444
9821
16043
389
441
11308
9662
11585
9511
9508
8340
6824
11540
28738
9639
11181
8159
19657
12333
23766
7485
8143
25796
48569
9882
13230
6958
9839
24767
8704
8652
23766
7485
7859
8135
12199
8711
10449
9148
10001
7249
9586
11328
9021
9456
26829
9741
20717
10559
7426
10407
22821
9086
14259
10293
9124
39417
9016
8
9426
14450
46715
14472
18032
9168
9563
16858
7244
32226
12073
8448
8608
7100
8522
18146
9023
9194
10470
4
100
19306
17339
9059
6967
8137
9277
9199
14441
7335
8704
17339
13579
9337
10212
19306
13417
7407
8428
9021
14222
6903
9058
13802
17761
10090
10599
13229
9508
9648
9133
32030
9465
30172
9499
9511
48681
22837
9626
9960
8405
11545
13235
7849
17304
37611
9098
22452
10912
18614
8705
9025
9029
11686
9912
9044
26156
12512
21827
8022
9786
32643
9162
9900
17621
23245
9080
9249
8024
10161
11051
12839
33934
11877
10137
15177
26421
387
21277
9252
7416
11764
9430
9346
17049
9244
7395
9038
16364
13579
12442
9064
9694
11590
7235
34422
9025
10960
8
9426
14450
46715
12199
7187
13805
6
100
9046
7492
10016
7399
8420
11630
7426
50517
8704
12557
8041
10010
30899
8135
48101
9518
20403
9267
10788
7788
9563
8146
9253
10897
9026
10810
9349
7235
9168
11888
6872
6889
10078
7067
13277
8135
29554
13899
387
12094
9326
9758
9105
12114
10323
9900
11968
9312
6872
10010
7071
16373
18994
14705
16848
9149
9220
8102
8263
33770
9046
7492
20993
17686
34018
9604
12762
9182
7109
9018
7494
7312
13001
8137
12057
26616
16691
8
9426
14450
46715
12199
7187
13805
9148
9536
9271
10087
9168
9522
17852
9023
13363
9194
10470
12405
35021
9767
11194
32944
8765
15252
11181
8711
9390
9130
5
100
49166
9077
13501
15730
22828
375
8146
8196
9148
10348
9351
9432
8143
30675
10345
7652
8159
36500
8719
7653
10479
11114
8148
11817
15730
8135
39376
6947
41481
10021
15709
12517
9080
9018
19526
9048
30903
18818
29918
13997
25558
6889
9029
11686
21737
25715
15378
12632
9366
17451
25991
9029
8092
9620
20617
9280
9341
9278
9650
9362
41407
14485
9194
7762
23358
13203
16788
15730
37544
11357
10635
13768
45307
39265
35453
9178
43056
9022
10809
22375
13023
9277
8263
12487
13972
7489
13689
16357
30675
31041
9025
9846
9257
19561
7788
15378
9782
6992
11273
43959
28434
9366
18415
6903
9065
3
100
37648
9712
12557
7470
11219
7991
9277
26116
11530
9065
27458
39964
25679
9207
31731
22301
37921
9172
10470
11050
15402
7055
7144
16718
8643
8148
12446
16715
10488
14465
8146
7060
11570
9052
9235
30911
9140
10464
9030
9390
17984
10378
36349
22112
7252
14575
9717
17896
9586
9368
9034
9062
26421
387
30601
33940
20316
9036
9260
10116
9640
30899
8135
9063
9518
9267
12621
9129
9261
9422
9836
20833
9402
8325
9021
9658
8718
15910
7530
22137
7623
23191
9430
11968
9185
7487
13229
39417
10030
9677
6872
26973
13525
8704
9396
20026
8187
9599
12199
8711
9148
11580
9081
4
100
49462
9040
9702
17676
375
25294
9040
9702
17676
375
8194
9409
9022
10829
13489
16235
9278
9650
13903
9048
23006
7788
9040
9379
9443
9511
9745
16022
10536
9466
10310
9290
9181
9025
9029
30857
9040
9620
9929
10175
8066
45203
36045
11252
8705
9068
11200
9685
9337
10486
7285
9044
15584
10021
11252
9017
15437
7374
9863
10578
9277
9280
10166
11488
13023
9277
11334
6958
9355
12086
34892
10447
13972
9178
21319
9433
45382
9362
9655
15177
34616
11252
9154
10993
10635
9658
14404
9585
37653
45382
11536
41248
9337
33627
39265
17885
22106
9585
397
389
39878
9769
9133
9427
4
100
11019
8168
11252
9154
387
35265
9154
9030
9882
9684
9238
12313
8146
9826
8711
8210
10010
7335
8704
9018
18554
14223
20659
8148
9172
7877
25306
43544
681
10997
7235
12298
9224
13902
9626
21647
10590
680
7877
25306
43544
14026
36419
37648
9021
29794
9032
9368
9430
9874
16682
13914
14698
23231
9929
18760
25206
9025
9080
25169
10400
12199
7187
44188
9331
35371
11820
8159
11250
22149
14207
29019
8718
16691
8
9426
24622
10081
6953
9379
9081
17267
391
16839
9070
6879
9062
25148
8135
16925
11746
22519
18108
20759
10081
45717
9141
11177
9147
47712
380
9210
9922
13309
5
100
23706
24101
9065
8084
8707
10809
387
9394
9022
9065
8084
8707
10671
9080
9362
11114
8148
11817
11777
26348
6969
9277
9066
10243
9625
9313
9178
6947
41481
10021
9018
29893
9148
9048
8146
8196
15378
13768
13997
11649
25558
7991
9337
12657
11896
9167
22063
32010
23753
7652
18223
9178
30903
9863
13368
16601
9430
9469
13611
14743
50997
49406
9316
9633
11031
9351
9745
23236
10166
9278
9650
9561
9017
7762
8143
21815
15709
20617
24629
9161
22964
8092
9702
10413
9023
9278
9650
14657
9194
11983
9415
23358
8159
10705
14059
10507
9328
31675
28569
16040
13585
8263
10579
24850
45307
4
100
9114
13374
11316
44868
9023
9194
7182
8139
9673
17339
8135
739
6910
8338
8137
6969
8084
406
382
9676
27515
12399
9199
9554
10063
30899
17969
8135
739
6910
50301
6824
8084
406
20702
27843
9257
8146
10431
11903
9536
9673
42129
22375
9784
8017
15433
14337
9328
18626
9788
9029
6947
7399
7220
7235
12177
9018
9239
32010
9277
9362
9022
21510
12557
7470
20034
11213
13358
10247
9017
7965
8425
33102
19271
9133
15378
9427
9036
9515
11316
8519
10049
16963
43056
23398
44596
9863
11334
9414
27647
17885
16224
21319
7532
10070
10939
9325
9108
9306
10578
9337
9025
9846
3
100
10152
9034
44163
6824
10463
9257
6947
7399
7220
9018
44163
11510
10021
9022
10706
9194
7536
7767
10266
10156
382
9551
8146
10431
12341
9170
9438
9277
11146
387
10152
13548
10854
28467
9038
9108
27077
9033
9280
10166
9278
9650
10254
9178
21319
9433
9745
13997
20034
11213
28467
8705
9068
13689
16357
17091
7470
34872
9025
9029
8159
10705
9754
12399
9362
9927
23532
9754
7656
49208
11983
36294
9167
10451
11519
10152
9415
10043
25366
8137
9430
13352
43056
9424
25366
8135
10305
11132
17440
17682
13938
14616
9199
9508
23006
7788
14881
40671
10345
9932
14370
9655
15177
4
100
13914
10856
31898
6958
9030
9882
15591
10001
9119
7335
8704
14175
7060
9052
10464
9675
9304
9033
13230
16916
387
11676
7177
6903
9304
9277
16316
28668
9276
10488
8705
10148
9048
8146
9858
14472
18032
9148
9536
7187
13042
9168
40352
9319
25483
21734
9045
49036
9130
38916
9194
19062
15866
9961
8765
13047
10686
8711
10452
12715
27820
15584
9934
15148
17380
46548
8159
14261
27146
46483
9982
43804
389
445
44388
444
11485
18461
457
43832
9662
15695
9025
10960
8
9426
14450
46715
12199
10126
9036
9271
6826
10040
11194
8137
9430
11290
25854
6842
8135
9034
7109
19584
3
100
11345
13036
50923
9030
9882
15591
10001
9119
7335
8704
14175
7060
9052
10464
9675
9304
9033
13230
8719
10398
9824
15152
20893
387
40478
8643
8148
8614
9284
11328
7235
10488
9156
8146
8078
9325
14472
18032
9148
9536
7187
10087
9168
9194
10470
12405
12767
15223
20531
15800
24733
30320
33838
9180
10141
32320
11359
6918
7777
9136
9939
9855
12134
10676
10647
40049
9038
11204
6903
21898
10661
9276
9430
34350
47354
9194
8196
399
8765
15223
9553
8398
8187
14986
10686
7253
46548
26421
9456
26829
9741
20717
10559
7426
10407
22821
9086
10547
11242
18148
9586
7372
10920
7
100
9293
10259
739
8430
8548
8149
22547
7470
9356
8017
10010
8146
7623
9052
739
8430
8548
8149
22547
8022
14063
7788
9194
8615
8608
13047
11630
8718
10010
6947
7399
7220
9018
22547
7162
10353
9148
37202
7210
9031
9144
7978
14782
382
8615
30007
13659
9033
9548
10229
9054
9304
9277
9199
9677
6872
24832
6889
9658
9867
8041
34693
19561
7788
10070
8135
9203
12438
8066
10133
8185
12498
9036
30720
24177
9025
9080
12776
15148
10488
13454
10078
7514
32587
10133
8185
8599
9803
7155
7426
10926
9194
8694
8159
17730
9301
9589
15887
15950
35119
36568
10542
43056
11944
39137
9077
11414
5
100
29306
8608
35907
7877
10107
8159
9044
9220
8364
8137
9430
9390
10759
49009
12921
7622
7877
14527
7119
9032
8688
8608
8469
8137
9264
8194
9119
7335
8704
14472
10183
15179
9168
9172
12438
7622
7877
20237
35907
11337
425
22068
424
408
427
409
417
9752
421
420
426
29382
28289
10293
8711
20237
8066
9304
9033
9553
20893
14422
24767
8146
7623
37921
10141
9215
10807
10408
32800
37184
11742
8191
31354
44797
9804
9599
9640
8393
6949
9741
20717
10559
7426
10407
40247
7532
19235
13941
10122
12298
9136
10903
42083
24177
9025
9080
9882
30015
12498
11630
8718
15910
7530
6
100
15275
8688
11244
8006
9930
8610
8135
14564
9166
8694
8418
9168
21465
8711
33215
6867
9091
9377
12486
9038
27343
9080
9301
11186
9028
7028
10826
7335
8704
14564
9238
9148
9731
9492
16462
7965
10090
9049
7884
6903
12443
8137
10474
18566
10408
15285
12003
8022
12972
12364
8146
38052
10141
29645
8042
9215
10996
22821
7545
9023
11667
7656
9025
10960
8
9426
14450
46715
12199
7187
13805
9563
20056
9077
14398
739
7432
7220
31569
9023
13363
9194
10470
12405
12767
11194
10238
20953
10040
9613
12079
7756
9044
20178
11124
11927
10087
16863
41157
11194
10238
8135
40427
14450
10233
21073
5
100
45045
17077
9480
9018
8191
9355
17077
6958
10586
14247
12637
12970
9029
7335
8704
39982
21619
9758
8148
9172
31551
6853
6962
14664
10695
7249
9341
17576
26389
12814
10338
9154
9325
25445
8146
7397
8704
30653
19410
10869
9052
9563
20508
9023
11136
16388
9025
9080
9843
21666
8143
9215
9711
49384
12987
6889
9029
14485
9741
8023
7877
7545
8022
12660
739
7432
7220
32947
8191
9269
10836
10529
14188
9017
8467
8023
9860
32104
6903
9553
12543
10408
24177
9025
10517
9882
14112
18321
12662
9418
9447
22727
9045
21618
9184
7763
21882
9095
7652
50530
23825
21107
10800
12225
42609
5
100
739
8545
7608
31898
6958
9030
9882
11101
11604
8423
46548
8146
7623
37921
12199
8711
10449
9148
10822
17741
9194
10470
10802
15402
7055
7144
16718
8643
8148
12479
16715
10488
14465
44885
7055
7144
8441
8643
10261
36777
8418
27259
12417
11270
32272
9207
11580
25151
8104
7958
9390
37226
9771
11011
9119
7335
8704
9456
26829
9741
20717
10559
7426
10407
17451
25991
9080
30718
29955
9134
9684
19984
21613
25093
10209
9279
26599
12092
8143
16782
8000
8126
10412
9086
23640
9140
10980
6841
45759
9422
9925
7235
9304
10293
20564
8
9563
11380
8263
7627
20917
30595
13759
10079
12691
3
100
18504
39310
9807
9325
13229
10341
9243
9032
9913
19303
13525
8704
8652
9194
10470
10802
9815
390
425
30935
40648
15232
14472
10047
14147
9148
16852
9168
9563
9741
8023
17698
49673
9194
8196
399
8765
12767
29060
8117
8505
15252
11181
8711
9882
15997
20659
8149
9182
10393
9016
8
9426
14450
46715
12199
7187
13805
9148
9018
7187
10087
9168
9522
17852
9023
13363
9172
10608
397
35021
9767
8626
7812
7840
23620
11975
13755
21666
7470
14408
9033
9280
47575
8146
7623
10647
11886
9426
10022
9390
9130
11816
8030
6841
9064
11414
33628
9036
7461
12438
9224
49202
3
100
9450
13815
15016
40410
8148
9172
7877
25306
8660
9105
35646
24088
12178
9430
12248
15695
9025
9029
8146
7623
30015
11943
14472
13805
9168
10293
11169
9162
8364
9599
9094
7187
10087
10157
9156
8704
8652
9230
7487
15283
8420
10161
21666
10607
8052
8643
7162
12199
8711
10449
9148
9456
10093
9168
9246
19328
6826
9390
12283
396
9869
8030
9902
49782
11684
20010
20966
20534
9802
30757
9401
21747
16089
29794
12062
10062
13572
27252
12817
11927
16863
7335
22418
9018
9044
12174
27883
37648
8137
13563
12668
43689
42083
13981
9025
9080
29794
12062
13475
23583
24793
10566
9034
5
100
9454
8450
9109
8461
32104
7545
8137
9430
10824
9262
11704
8135
9390
12283
396
9869
8030
6841
9017
8146
9044
16137
14395
11290
9260
6919
7767
15417
9389
7249
9029
8711
8078
8264
11519
9584
22821
32104
39477
9278
9564
15174
9243
14759
8054
18333
42302
7545
8143
9249
12199
7187
10081
9759
10664
7983
9513
11290
8264
10810
14442
26971
9246
10842
17636
20754
26421
387
10869
9774
24483
10040
10998
10626
43593
9939
13572
9033
18790
16364
17933
9080
22447
8148
11841
9456
26829
9947
39904
29124
7892
9953
12199
9595
9398
9148
14249
9168
14629
9292
15409
10622
17414
9437
9512
5
100
12742
15403
8143
20244
8098
7235
9304
31041
9025
9029
7335
8704
15403
9094
9882
38204
9140
30015
12498
9430
29846
7512
9717
28881
16066
8705
46548
8146
7623
9641
7220
11285
7470
11003
8711
14472
10183
15179
9168
26945
9194
40766
9979
382
30015
11943
9390
9130
10080
10607
8552
8137
10709
9119
7514
8185
9194
16941
8552
35251
13438
12743
9143
12605
12413
8705
9025
9418
9558
9432
12026
39304
9074
9599
17538
9582
13981
9788
10960
8
9426
414
422
383
14435
9212
8238
6949
9667
12199
7187
13805
9563
16858
7244
9741
8023
17698
13363
9172
10608
399
10553
422
35536
6
100
10464
10043
9049
7281
40766
10939
375
8146
8196
9148
9347
376
36500
378
7965
6958
739
378
8126
7965
12438
10952
739
5
440
14916
463
437
451
11308
11756
457
8
10070
8135
9240
7894
10785
9131
7788
11264
10124
7788
14821
7513
44837
13243
9668
9705
9585
30899
7235
10330
7055
48541
6853
9784
8017
8006
8084
468
214
9051
6947
7399
7220
9265
7162
9018
18554
35382
6866
23971
11355
8155
7208
7372
6919
12002
19561
7235
12371
7085
7556
9677
7978
8006
8084
605
605
375
43056
9108
9306
6855
10021
14485
35116
438
8052
7227
438
438
11848
10078
37767
4
100
16641
10133
8564
7877
12980
7445
7812
8137
9430
12298
9136
10903
42083
10133
8564
7877
13796
16888
9025
10517
9337
10148
9048
7293
16006
10133
8564
9860
16641
9032
9368
13563
9882
44631
15662
10997
9017
8146
7584
12199
8711
9052
16858
8187
10155
20026
16537
9030
10040
9628
36645
14823
9675
22200
7470
16289
19293
387
42037
9075
35265
10163
32746
8448
9284
15997
11684
9036
16641
26432
8091
10068
410
424
20406
12778
41202
10477
9969
26378
14778
10445
13649
21113
384
13517
10693
8704
29794
20790
8066
13919
7888
8006
8539
9276
44188
9062
43103
8187
9599
9456
39604
6958
3
100
12122
9647
15697
8137
9430
13895
10925
8135
9366
14208
9458
13229
10341
9257
8146
12098
9172
10539
15697
8143
9721
13439
16727
9036
23570
8185
9599
9640
8092
9620
12517
9080
15452
15709
11594
9476
6903
9306
12425
9146
15910
7530
22137
7399
10943
15378
9647
15697
8022
9167
9689
39583
14089
39417
26973
9761
27914
9108
9640
30903
17499
12079
8705
9068
9882
15902
9337
9025
9019
15910
9149
24310
7406
6958
9355
25573
13836
41638
9939
13230
8711
9580
9788
9688
9022
11536
13768
13997
9652
12368
9025
9846
32239
9383
16773
9505
16095
20381
12199
20992
6826
43659
14536
3
100
47969
37249
15381
13230
387
12010
7692
7139
15381
9030
9882
27175
9337
9025
9029
7335
8704
14175
7060
9052
10464
9675
9304
9033
9194
19062
15866
9961
8765
17730
9194
13203
8270
9050
7703
8066
9304
9277
19383
6919
8033
382
9284
47414
10488
7249
9341
13455
9224
9847
7127
10828
27558
15591
24177
9788
10960
8
9426
14450
46715
12199
7187
13805
9148
9018
7187
10087
9168
9522
17852
9023
13363
9172
10470
10802
9036
12340
11194
16094
9569
23620
22443
6826
11194
23631
37005
9422
9164
8711
6825
10103
46630
427
9291
11440
11927
16989
16863
8146
7623
9924
421
5
100
9454
8450
9050
30917
11011
9140
12134
10026
11011
9030
9882
15591
10001
8705
10148
9048
8704
8652
9456
8711
9052
9390
9130
8007
9764
9925
10504
17394
387
9172
10470
12405
12767
10317
10238
681
11124
8160
10647
7470
12120
16743
9843
9050
30917
11486
33215
7652
31054
8137
9430
24873
15213
11348
6903
9357
9478
15807
9422
25377
8599
42270
11987
37231
42270
8143
13153
9148
10824
9168
9034
11921
25093
25377
8599
7877
25306
7844
47724
9304
10293
9119
7335
22418
12199
16846
9604
9174
33230
49673
22301
37921
14472
10111
16925
21734
9045
7888
9563
37043
16858
7244
9741
8023
17698
5
100
16701
9280
8467
31054
10762
387
12298
14112
7799
10416
9276
9430
9456
8711
14860
17151
12199
13898
394
8213
396
9869
27663
29667
29529
41910
9085
26822
9869
8007
10045
11741
9062
8146
18866
9108
9094
7109
9148
9194
17371
15837
10777
12141
11473
8756
13309
9463
9989
9207
34197
17371
7489
8214
7235
30337
9140
10997
12003
34197
16371
14912
15072
9030
17783
10822
18087
8137
45386
8092
7791
21127
16883
22238
21660
13796
23095
9422
9882
11101
10381
8705
10148
9048
26421
36419
15605
21657
8745
25169
9860
10769
14124
11100
11704
12327
10425
7470
15662
9280
15534
10682
9127
8425
11692
5
100
14258
6841
12163
20244
8098
7235
9304
20166
9025
9029
7335
8704
9172
7208
7691
8125
681
12665
14124
11100
9698
9492
11420
9036
9882
10395
9136
10998
11401
39802
18037
6889
9080
10142
9048
8146
7397
8704
9513
739
7432
7220
32947
13793
14472
18032
9148
9536
7187
10087
9168
9269
8191
12311
27691
13600
17692
9172
10470
12405
12767
9170
8676
10238
12178
10293
9119
8056
16276
26078
8286
7470
15918
22301
37921
10040
12743
14326
13011
7584
8013
21666
11570
9017
680
41157
9170
8676
10238
14026
9456
8711
10747
20659
9489
42526
12199
16846
9604
11527
13069
9021
32800
26421
387
7
100
28895
7281
8660
11293
8756
7532
15381
9030
9882
11262
24767
34619
8187
9599
9108
9018
7187
23289
9148
28372
8022
23041
7252
33726
7426
10730
8704
25098
35416
13258
18566
35116
7877
25306
8660
12224
6905
382
13796
21095
8146
25169
9860
20026
16537
46483
9982
43804
389
450
16025
389
22174
43832
9662
11585
9511
9508
43103
8187
10155
9077
23776
7479
17819
9880
9536
9271
9206
387
48661
9094
7109
31322
37648
20155
20110
42757
8704
41201
8756
8091
33726
9084
27675
44188
8705
10148
9048
8791
10238
9823
9430
26184
25098
10021
48660
9025
9080
10997
7235
20659
9766
46778
8467
9397
7162
4
100
10756
12610
9684
12313
6903
9304
9279
24322
9074
7777
9033
10046
19345
10695
8711
12312
6872
19303
9135
13872
8
9426
22771
16322
35576
418
414
9667
12199
7187
15179
9148
9018
7187
10087
9168
10141
11599
9729
9140
11852
11183
8137
11684
9194
33625
9374
7235
20989
6958
10085
414
14179
32944
8765
13047
10686
11927
16989
16863
8146
7623
37406
11149
13445
14204
17033
8022
9167
10890
28453
9834
13941
9038
13755
8148
8170
37529
9207
10488
14465
6900
6900
23221
9456
39604
9399
9390
12283
396
9869
8030
9883
19268
40160
8705
10148
9048
26421
387
22301
37406
49125
13445
4
100
9046
7607
18236
13461
9030
9882
13796
24767
7335
8704
9172
7877
25306
8751
681
40056
8137
9430
9293
9183
14584
8143
36645
27675
43232
18090
8705
9025
9029
8146
8078
9325
29794
8751
10997
8022
9167
20616
11248
13919
41591
9023
15695
9025
10960
8
9426
24622
10081
6953
9379
9081
17267
16839
9070
6879
9062
25148
8135
12199
7187
13805
11746
22519
18108
20759
9018
9239
12891
17436
10399
13431
9842
9941
15405
8263
7058
8711
10449
9331
9247
11179
8286
9285
9620
9070
22865
9257
13430
45717
9060
10283
11299
12057
10565
10756
9405
10310
12553
9793
23029
9532
7182
7489
3
100
9824
20531
10107
8066
9279
10453
37005
9207
10488
14465
8146
7623
9672
10260
9194
10470
12405
12767
9613
33838
13906
11918
7249
9092
7692
25151
9771
11011
28145
7335
8704
20531
10950
9044
16576
21734
9247
7888
32030
9148
42411
9592
9194
8196
399
8765
10141
15223
9553
8398
8187
14986
10686
9156
30320
9605
8215
9180
9882
11204
6903
13230
49119
10293
11169
15223
44060
21898
36930
47647
23128
10661
9030
35533
20738
8719
18649
24733
26421
387
22301
9672
9878
32776
11328
8148
739
8816
8708
7200
7877
9942
42848
8135
12199
8711
9518
9947
9486
7799
9124
11630
9104
5
100
12396
11486
9192
7767
17436
9023
9640
8263
7058
8711
10449
9148
9456
10502
9168
9036
9271
6826
9563
18398
8143
9843
18995
8022
14017
8073
15910
7530
22137
6899
8135
12199
7187
9135
16012
9081
9200
14174
12557
11025
12423
33769
10368
7536
9465
26018
13525
8146
9177
9108
9640
8393
6949
9052
9172
43896
8031
49731
7487
23709
11879
681
9331
13175
6903
23576
387
13140
9030
9055
6905
9729
10043
9067
8213
23528
10416
10122
9018
9239
16854
9947
9327
15840
9019
26973
16773
9505
14362
9804
9599
9699
9552
41114
8264
12109
11154
18995
8137
9916
23029
9272
11261
6830
21151
3
100
10464
12224
11252
375
378
27013
739
378
43128
12438
10952
739
5
442
35112
463
444
23616
8
10070
8135
9240
7894
7889
7756
10290
17969
9021
10926
375
7965
8425
9148
25455
7711
8704
6866
9901
7055
11355
8155
8017
8006
12002
8146
8196
9730
34801
9033
17339
11848
7235
12177
12371
7085
7556
15730
8718
8006
8084
36500
30899
8143
9803
7155
7162
35116
438
8052
15833
438
438
7426
16812
30919
6947
7084
9784
12821
48541
9114
15833
6824
16409
14782
8185
22633
25689
25455
8137
15495
7898
16693
9705
9585
19561
7788
9265
8806
8270
9733
9114
7407
4
100
10328
10313
22893
9478
9030
9882
11101
11604
8423
46548
8704
8652
12199
8711
9052
10313
7669
13412
9172
10470
12405
12767
10756
24824
7799
11573
23620
18862
9438
42775
9117
10960
8
9426
7847
7416
22880
17079
25678
16918
43790
7655
10101
15449
21734
9045
7888
11816
7671
9148
9036
39494
9269
11636
9194
18263
8104
8187
31892
6958
45869
30309
15851
23934
32007
37174
49147
10309
12141
9563
11380
8263
11263
21760
11927
16863
8146
7623
9028
8359
14988
22723
15135
18505
9076
7967
10832
20221
8408
7824
19855
16252
9027
11341
8030
9103
9048
6824
50302
11585
8704
9036
39494
45240
4
100
12557
8143
11384
34105
9017
8146
7623
16718
8643
10261
12199
8711
10449
9148
10293
7250
9248
9390
12283
396
9869
8030
10378
18992
8441
8643
8148
10808
9592
9172
10470
12405
12767
32650
7801
8149
681
11570
9023
10824
7252
11704
8135
9246
9085
8007
395
10608
7489
8104
8006
14926
20754
9489
9034
7109
19584
12618
23410
9510
41910
27035
10034
9456
26829
9741
20717
10559
7426
10407
22821
32104
7545
8143
14860
7235
9773
10061
9035
26421
387
10869
40247
7532
10998
30765
19065
22353
9586
7372
10951
9114
15703
9950
18395
8704
9882
9726
7540
7812
8137
20659
9639
12298
3
100
22821
12384
28293
8148
9172
7877
25306
7397
7180
12178
9430
12384
13538
24309
26619
9025
9029
7335
8704
29794
7397
7180
8135
37648
8137
13563
12668
43689
15605
41306
9337
9025
9080
9199
13366
8146
13644
9882
9494
23347
8066
44631
15662
40056
7235
44188
7249
9341
9444
11401
13902
9626
21647
10960
8
9426
25608
10003
417
407
24054
426
384
42820
10487
9324
7586
7847
13643
37780
10869
9528
15883
8236
17605
37724
9466
9023
13363
9767
20125
8263
9194
25832
8359
32897
8255
382
22821
16845
21120
7252
9570
14608
9018
9239
10687
10190
11927
16863
9830
8612
8022
4
100
9293
10259
20666
21422
7055
40367
9030
9882
13579
9430
23479
42226
12520
9029
7335
8704
14411
9912
9133
21308
7470
18614
8705
9025
9080
9172
9648
8772
13417
7407
8428
681
9185
9172
43961
13439
22717
10574
29842
9341
20666
21422
9120
8224
7162
9947
14133
29614
10960
8
9426
14450
46715
12199
7187
13805
9148
9018
7187
10087
9168
9522
17852
9023
13363
9194
10470
12405
35021
9767
11194
32944
8765
15252
11181
8711
9390
9130
8007
397
9869
7489
20552
44670
13597
9100
27663
9116
10849
16103
30663
25739
9217
16989
16863
8146
7623
37406
11149
11226
12743
12079
14573
9044
8
100
9538
7374
7182
739
8545
7608
31898
6958
9030
9882
16930
12090
11604
8423
46548
8704
8652
30601
11570
9052
9524
8104
7849
15852
10996
9324
8762
7889
37022
10461
9212
7559
6958
14265
48821
7669
9110
12623
9018
7056
8033
33703
9225
13659
8705
9182
10393
9016
8
9563
11380
8263
7627
20917
30595
13759
10079
12691
8618
7756
9324
7801
8127
9667
17244
11154
32566
6824
8243
8359
7625
20269
11432
7561
17333
22267
22528
7252
9059
9034
17834
9134
18116
11527
397
11179
8137
16574
9062
14230
10101
10063
47942
10261
9745
15155
13563
13389
10913
9285
10676
44987
9038
9022
18703
39884
18285
8718
4
100
12501
9520
17339
46027
7426
10695
387
39982
9758
8066
46027
10034
10428
6866
10412
9276
29817
11159
6903
17073
9136
16290
14981
9170
10386
10341
9243
45487
11768
9108
9456
8711
9148
39139
36737
9390
9925
7692
9130
8007
9771
15994
9194
31551
6853
6962
13461
9935
12141
10822
9119
8146
26930
39982
9444
37005
9207
17576
26389
12814
25018
34103
29265
24126
9038
11350
27011
13744
8022
20981
10447
9029
7335
8704
11930
12199
7187
18032
9148
9018
7187
13042
9168
14147
6826
9563
6908
10807
13363
9194
10470
11050
12767
17077
6958
33838
382
11570
9023
44437
9939
36349
9855
9882
5
100
12396
11486
45045
12079
10148
7235
9304
16863
8146
7623
12079
8135
12199
8711
10449
9148
10293
7250
9248
9390
9130
7597
396
8149
11373
9021
23029
9532
8366
7060
9052
9563
16400
48611
13463
16395
9168
9246
42411
9592
9539
10247
10338
9062
7261
8286
9673
8024
11528
8031
13176
9133
9296
7967
7478
28382
9607
9898
9427
19694
26495
38998
14931
9062
26421
22301
12079
9180
9172
24237
8719
681
10276
9172
15118
7426
11318
681
9741
11414
11814
387
42003
35543
8137
14132
9200
18584
12785
30172
9499
9512
31938
9520
15148
14526
8704
8652
9018
18554
31342
35853
9524
7799
8747
4
100
20237
7844
10259
19534
7235
21002
9119
7335
8704
19534
7892
10259
9450
11088
9446
13216
26347
9280
9341
9278
9650
13903
9044
47166
29969
18902
13216
26956
9068
9278
10635
13023
9337
14370
13631
10172
23471
9257
12115
18545
9769
9133
9022
12044
39265
10507
8711
12399
9199
14441
8347
9023
44434
9369
9261
9427
9036
9515
17885
7652
9075
9108
9306
21195
9167
16203
9098
7655
9017
8146
7312
7162
12201
9745
9658
6903
15384
34108
11213
11915
15918
9229
9748
9277
9199
15177
43056
11132
22600
39735
10741
14240
9359
18381
13229
9508
47898
22600
19745
9863
22968
12487
13358
10846
4
100
9454
8450
13088
12035
7235
9029
8146
7399
9376
9048
6947
7406
10846
9018
13088
8022
9167
30805
9863
21342
21598
7965
35162
9022
37375
18561
9194
7496
11608
382
16285
10548
9280
13229
10341
9257
27450
9052
9311
9340
16084
9859
12483
9278
10529
9199
10021
9194
8420
8513
23358
8420
8513
8135
9407
8255
7426
9855
9077
11414
15887
15950
9803
7155
9017
7824
9860
10162
17366
6889
17160
26367
6958
9030
9719
11110
19970
11117
13323
11686
9407
25681
16547
8137
12726
26089
15740
20817
11795
25811
35348
9404
7335
8704
9065
9446
10769
26521
10234
9304
29648
24923
9947
11355
3
100
37648
12224
7851
7756
382
9030
9882
15111
12224
15213
9136
36349
9357
10181
10686
9119
7335
8704
9194
10470
12575
12767
27013
10238
15232
14472
10111
16925
9148
18301
9168
9563
16858
7244
9741
8023
17698
24733
8146
7623
10647
7162
12199
8711
10449
9426
27013
20882
12506
8066
17005
35425
9194
41157
12224
13472
20953
18442
42775
9117
9080
9324
7586
7847
24778
9939
13153
9038
18109
11107
22301
39848
9180
10040
19760
9023
9478
19926
10892
9675
9304
25098
9430
38424
8705
9025
10517
9463
26421
387
9456
26829
16743
9843
34096
11772
9036
11459
9023
11667
7656
9025
9341
4
100
10328
16069
8143
16302
7235
10853
8711
8210
10010
8146
7399
9513
12199
7187
9052
9360
15019
9023
13363
9194
10470
10802
9767
14450
32944
8765
15252
11181
8718
16691
8
9528
15883
8236
29935
19707
407
384
14596
17605
37724
9466
8022
9080
9036
18146
8143
9127
12339
19875
42529
50790
17031
9130
10378
12154
9810
14626
14475
9054
8378
9217
18354
13140
9136
19995
9062
8739
8263
13175
8135
9640
31569
8137
20681
10229
9127
9823
16513
9038
30515
11472
10660
9128
14540
9583
23942
10171
15910
7530
22137
7060
26098
9303
7888
8325
10085
407
26074
9406
14640
9172
7771
7293
5
100
13919
9114
27680
38522
8756
12980
7445
7812
8137
24767
8146
38052
11336
9114
27680
11967
6903
10377
20078
7470
9430
9874
6826
10387
20459
17781
8705
9025
9029
7335
8704
42460
19971
11217
8143
12533
10697
11262
41193
11623
11136
17106
15016
9038
25421
9025
10517
9463
26421
387
9018
18554
44188
7252
9172
7877
25306
8052
8694
11337
425
451
17447
421
19180
26719
30141
37648
9021
12668
43689
11709
7892
9094
9548
12050
24776
9025
9080
9199
13366
7540
33342
40056
9023
10021
23328
8711
13981
9788
9341
21381
24276
27981
17990
9801
21030
11312
8705
11250
9418
29794
8052
27680
10804
4
100
13417
18476
37231
16195
9140
13230
8146
15225
7335
8704
9172
7208
7691
8125
8006
7804
8688
681
9180
9882
38204
7235
10293
9119
680
7208
7691
8125
8006
7804
8688
12480
14472
13805
9168
16576
9123
8336
7849
10368
49009
12921
7622
7877
14527
7119
9032
14105
27329
9264
8194
9738
9220
8364
8137
9430
9390
10759
9883
11918
8711
12921
7622
7877
42460
11704
9742
24767
12715
9304
739
7432
7220
8105
7281
9105
7281
7633
8359
9180
9536
7187
10087
9168
40352
9285
25483
10134
9172
7920
7512
9942
42848
12178
10686
8705
46548
20496
10808
9592
739
7432
44772
7098
5
100
9689
30478
12438
8149
12035
7235
15225
7335
8704
30478
12438
8149
16278
8022
9341
9278
9650
9362
10021
9079
7601
9048
7540
19909
15284
9592
9325
9079
28670
19849
9207
18595
12443
8137
10474
8711
10764
9199
15177
26421
387
10869
9359
10372
14572
10293
10122
10372
12751
43697
9422
9882
9597
9136
32804
9029
11686
9424
10805
9261
9430
22159
25581
13459
9659
14084
28764
23531
9846
13781
9909
23006
7788
14411
30478
39310
7485
8143
9861
10471
9552
9366
10574
11042
9887
9080
22447
9017
10828
9161
9172
8729
8006
12921
18843
12480
15620
9174
8694
8066
36857
13930
9945
18566
25695
4
100
9293
10259
10584
40669
8137
9430
13895
10925
8135
9366
14208
9458
39122
11805
9029
8146
7623
40669
9052
12199
8711
9518
11181
9060
9894
23410
9510
10061
9035
26421
387
9456
26829
9741
20717
10559
7426
10407
22821
9086
15169
9874
12721
9161
9586
7372
10920
7489
10293
7250
7210
10377
6958
35662
9586
7372
9950
11693
40247
12504
11613
10122
9947
14133
29614
9080
10142
9048
7335
22418
22301
33860
9194
10470
393
9158
12767
14320
7198
33838
382
12068
8719
9866
10686
7249
10040
19760
13536
9224
21043
11042
10884
10960
8
9426
14450
46715
14472
10111
23091
9094
7109
10093
3
100
16152
10082
12079
8022
9167
11532
13769
9025
9029
7335
8704
12079
8263
7644
11194
32081
15662
9172
25854
11325
12092
16053
9279
14450
9439
39893
9172
9635
14450
10978
681
9030
9882
9966
7235
10312
17262
9025
10960
8
9426
28401
8387
11429
10921
14435
36151
9324
7763
8758
22224
9667
14472
18032
21734
9045
7888
9563
40657
7849
35604
47798
9194
10608
399
9457
13408
26368
27773
13047
10686
9119
8146
7623
47162
12199
8711
10449
33985
15851
7252
9194
12407
13408
15704
9569
9770
9140
24016
9378
10177
15252
9161
19864
9257
31561
9180
20038
11675
22867
13813
6903
14694
3
100
10464
18101
25156
8146
13214
9532
34243
21898
8135
12199
8711
9148
16827
9586
9172
7818
8688
18101
23128
10661
12446
14098
7791
13887
10293
14465
8263
7058
7187
18032
9052
9563
37043
16858
7244
9741
8023
17698
13363
44166
398
8765
14446
8688
18101
10238
23620
11181
8159
9034
9894
9304
8704
9513
14446
15532
9939
9855
9242
9379
20659
8030
39802
26744
26421
22301
15259
9180
10040
11765
13676
10362
14628
9033
9030
9882
38994
9430
9426
9824
8084
9702
13755
9377
15306
9062
7335
8704
9456
26829
9390
9130
8612
8143
35492
14562
387
21590
27847
33660
7514
8185
9172
5
100
13914
22429
9769
14288
13641
7692
7235
9350
9094
9075
9108
9306
22429
9769
14288
13641
10504
13812
18148
9831
7470
9298
8092
7210
9044
9551
6947
7399
7220
9022
6866
38850
8149
14668
9585
377
7965
11597
9018
6853
739
7569
6824
406
16563
377
8146
6855
46651
7991
389
17582
9054
49349
9098
50082
10972
9903
7469
25518
35557
7209
9505
43056
7162
9427
9036
9515
16710
9265
9035
21319
8159
37634
14819
42045
9174
6949
12622
18952
20497
12154
8146
9730
12131
382
18903
9050
387
29205
376
44668
22507
25265
20713
7321
9639
13525
11686
12102
11190
30974
11242
10127
7182
5
100
12396
8066
9304
9033
32104
8137
9430
10464
9675
9304
32104
8705
9025
9080
14422
10312
11151
10488
14465
8146
7623
37921
14472
16268
9168
10293
11169
11570
10808
9592
16576
9123
8336
7849
10368
49009
12921
7622
7877
14527
7119
9032
8688
8608
8469
8137
9264
8194
9119
7335
8704
38204
10107
12298
9044
9220
8364
8711
9390
10759
9883
11918
387
12921
7622
7877
20237
12861
9742
24767
7194
8364
9599
9094
7187
10087
10157
7253
46548
12438
7622
9860
22301
23191
11003
8711
9882
30015
12498
11630
9062
7514
8185
9172
37184
9036
8161
681
13572
9039
12743
12283
8104
36287
24950
3
100
40684
29930
10107
387
11290
13583
14354
9276
9430
33253
47310
10622
8711
32256
10148
9048
8704
8652
10384
8335
15927
8135
12199
7187
18032
9148
18423
9168
9528
9755
7877
14766
6853
17698
13363
9457
12743
36645
14453
8765
9172
409
411
425
9595
398
23620
14265
8745
29794
8751
8137
16727
9036
9084
10198
10647
10100
10001
9062
8146
7623
39848
9052
9390
9130
9869
8030
6841
32011
11181
13872
8
9426
11624
11407
14472
16268
21734
9045
7888
9563
40657
9269
11636
9194
8196
399
6958
20665
17047
12137
13067
10352
13047
10686
12356
16726
16863
8615
7777
17047
38384
5
100
29306
8608
17707
31898
6958
9030
9882
15591
10001
9119
7335
8704
9172
10470
12405
12767
15223
32944
8765
681
11181
8066
9304
14472
10111
16925
9148
18301
9168
14147
6826
9563
9741
8023
17698
49673
44166
10802
8765
9767
30320
33838
15714
10107
387
10040
19760
15223
9224
20531
30465
42546
8705
10148
9048
8146
7623
37406
11149
10141
32320
11359
6918
7777
9140
9544
8148
20503
6842
9261
11684
9036
13230
7669
7877
29581
10364
33379
11328
6903
20738
20496
9276
9430
9672
9878
28881
9267
9038
9029
26421
22301
37406
49125
9456
8711
10747
10686
7253
18194
11140
9172
15118
14363
30320
3
100
10195
11639
9945
9140
9945
11803
8022
9378
10177
383
35627
9194
17475
8238
8421
382
384
9747
8137
32750
11639
31967
9377
24934
9422
9127
16350
10488
14465
19433
12201
9094
7109
9148
9472
21508
7801
13555
19153
9143
26203
9045
16839
30738
9926
9463
10294
21508
11617
34332
10350
9326
12336
387
20434
14199
9092
13542
48301
27857
9880
9292
12387
9344
380
7958
10061
7478
9348
14807
9029
7335
8704
9027
8159
8368
11533
9150
8104
27524
20167
10377
8711
9027
8159
9928
17659
9090
9150
9771
11526
9825
9337
10148
9048
14858
10145
14509
9115
30175
15219
9513
13090
3
100
15658
36877
9922
45759
9207
9929
9548
17218
12662
9029
7335
8704
9018
18554
13254
7252
34971
12199
8711
10449
9148
10001
19926
9194
7877
25306
8660
43232
6858
8425
16004
17196
18395
7249
9874
6826
9079
36489
8146
9826
9512
37648
8143
9682
11325
8066
9081
7244
9262
9030
9882
11262
24767
26421
387
22301
11967
10804
9021
29794
16476
8137
12395
42460
9606
29445
9947
13711
21336
9243
45487
6963
8220
7847
11196
426
16532
16911
10201
10063
417
426
7162
12634
7235
12298
9136
10903
42083
20743
28687
7104
13796
16888
9025
10517
9212
10402
9054
8705
50375
9135
13872
6
100
9456
7281
29448
10607
8552
12592
8137
9430
13895
16061
10257
21164
9033
9172
7281
7482
8637
7301
681
23191
10293
9119
8146
7623
37921
9535
7482
8637
7301
46483
9982
43804
389
442
10435
11650
444
16799
10929
43832
9662
11585
9511
9508
6963
7799
7847
739
7432
7220
32947
8191
14832
16911
10201
9640
8393
6949
10998
7894
9620
19929
10122
14860
6903
37075
8143
16249
24868
9021
17451
25991
9080
9077
24524
9950
9207
22301
23191
10488
8718
15910
7530
22137
7623
27087
9279
10453
13576
11506
13229
9069
6962
47002
26973
9135
13872
8
9426
24622
10081
6953
9379
9081
17267
16839
5
100
9138
7415
21699
11342
9945
9140
10146
8022
9378
10177
382
10740
16350
12199
7187
15179
19269
9269
23216
12005
9062
11313
17164
10779
14417
7627
9747
16567
9161
9138
7415
13409
18356
9039
11488
22733
9337
12259
38662
7335
8704
9194
21699
17334
9030
9945
13430
15252
9167
10501
7235
11454
14465
8146
7623
38678
9138
7415
45731
42704
11146
18818
12171
20311
51078
31922
10676
43354
17262
9025
10541
33757
7599
7532
41144
6877
8143
9249
11342
12100
41219
13164
11492
13627
10693
13642
12353
7182
7489
9086
8066
16128
9989
26631
10587
9992
33627
9909
12715
9304
10779
13691
8196
10804
8137
5
100
12203
9238
9836
21174
22828
9017
8146
7623
12079
8135
12199
8711
10449
9148
10293
8704
9172
10470
12405
9563
14363
25854
32944
8765
681
11181
7426
23029
9532
15118
11768
22301
37406
9839
9430
10040
19760
17073
9136
9939
13230
9038
24177
9025
9080
9882
15591
25976
7514
8185
9456
26829
9741
20717
10559
13941
48123
9207
22821
14827
34791
9953
10001
9156
16622
9182
24989
15852
46483
9982
15970
50093
401
29139
43804
389
20549
453
12337
389
42208
43832
9662
11585
9511
9508
8054
18333
14827
8046
7992
10260
12423
6842
9224
30093
34850
40247
12504
32800
6905
7376
32392
26098
9292
3
100
21308
9945
9597
9044
15584
10021
9172
50756
18614
7627
20708
8146
7312
7162
21308
7470
10307
6889
11312
9492
14407
9199
15177
26421
387
21277
13417
7407
8428
8137
9430
14222
6903
9058
13802
26068
10108
10090
10599
13229
9508
9581
39470
9351
16709
14458
17702
35272
10320
10529
13168
9048
23006
7788
21308
6824
10429
13530
9346
7071
36736
9984
24769
10251
25572
16374
8705
9025
9029
7335
8704
25106
10387
7426
10407
9301
12529
35371
12577
22438
13262
12948
38761
46014
8262
9284
15396
17841
9788
10960
8
9426
14450
46715
12199
7187
15179
9148
9018
7187
10087
9168
9522
4
100
32336
11486
38424
10416
8066
9279
10453
37005
9207
10805
26616
19303
9135
13872
8
9563
11380
8263
7627
20917
30595
13759
10079
12691
8618
7756
9324
7801
8127
9667
30601
26098
9292
7888
11816
7671
9148
21734
9045
38916
13363
9018
9034
17680
11154
32566
22423
8359
7625
9753
9378
10177
16949
383
7131
7561
384
9030
46490
20438
6900
33391
23576
8146
46939
8704
18116
19721
6903
9876
6953
12343
8007
9771
16574
9062
28397
8135
10063
47942
10261
16858
15927
10306
39884
10600
22267
17214
6958
7824
7249
23246
10884
9019
12733
7530
29843
10128
9794
19138
11432
10962
9580
9025
4
100
10464
10043
35723
17305
9023
9194
8265
7894
10452
26248
13047
9337
9025
10517
10805
26616
19303
13525
8704
8652
30601
11570
9052
9524
6949
8746
17680
31453
9524
9176
10403
413
8765
10996
9059
8104
7244
9034
9555
7847
16320
9040
8127
8170
9034
9300
8066
7198
9072
10831
387
9212
7849
7892
7957
9030
9628
12451
9675
24094
8091
16858
16537
23170
10110
30032
6919
10384
8335
15927
27098
9073
7655
7556
20026
18865
9225
13659
13872
8
9426
24622
10081
6953
9379
9081
17267
16839
9070
6879
9062
25148
8135
12199
7187
13805
11746
22519
18108
20759
9018
9239
12891
17436
5
100
10195
13299
9422
11384
11741
6903
14319
387
9394
9558
9422
13147
12313
32294
9261
10657
9119
8146
7397
8704
11384
11741
8135
9680
19395
9224
48772
10107
8066
9696
10605
15033
12958
9178
10708
45162
39364
30465
14755
9154
11357
17847
17151
26366
9207
9929
9548
39941
32749
10743
9424
42866
16586
14209
7253
9025
10517
11487
11382
9680
14464
37168
17193
30499
20587
14730
7335
22418
17847
26958
9022
20846
18467
29344
30221
43317
11584
9322
12080
14799
34148
9025
9080
11683
27071
9685
9337
9257
22953
11384
9271
9377
9814
32792
13903
9177
10615
10443
8366
10491
9188
37961
9745
10387
17517
