2.0952396
2.8152173
2.3745146
2.2540884
1.8702935
2.9582362
2.3866844
2.6667857
1.4206973
2.4532657
2.4455419
2.636526
1.7016715
2.7611332
3.0997336
2.6260793
2.6137068
3.287694
2.2904465
2.820784
1.8055063
2.5147898
3.5161147
2.8323066
3.9938498
1.6350757
1.4407142
3.5986369
1.9470054
2.3235705
1.6809657
2.6166499
2.6134007
1.7309074
3.012711
3.0745654
2.0594182
1.9741747
2.1197507
1.4928645
3.284486
3.3605766
2.0134056
2.3996036
2.9944797
1.6548678
2.3109488
2.6916912
4.0561337
2.1889431
2.782746
2.4929116
3.054521
2.7741702
1.9425851
1.3452373
2.6926913
1.5300208
2.7976263
3.7381065
3.7703228
2.6760705
2.99152
2.444789
1.6072927
2.7104275
2.271649
2.5615144
3.6293669
1.6048645
2.933056
2.9812562
2.451621
3.2882144
3.0891466
1.3732865
1.775435
3.6780362
2.3084805
2.2067316
2.0525541
1.4614794
2.398499
1.4092166
2.3411224
1.9595078
1.9221642
1.9314537
2.4307628
2.8089948
2.4397993
1.667579
3.5618498
3.9011285
2.3803856
2.2723343
3.1313672
3.6734626
1.8248521
2.0254521
