13.32399
16.424074
13.243199
11.384576
16.3933
12.573318
12.465234
14.552118
16.901335
16.356924
12.2663355
17.413815
17.499409
9.556032
9.132173
11.629645
11.051404
13.234568
14.81774
19.312557
16.006851
14.01341
17.000004
15.237025
14.256341
13.779446
17.345623
12.365142
18.380041
15.947151
12.596691
13.79155
14.705712
15.887799
10.896055
16.993427
20.009134
16.77622
19.361208
19.564962
14.498422
14.085353
14.707333
18.04847
19.273506
14.926261
11.667908
15.765752
15.510453
12.696816
13.706375
14.012991
17.476635
14.359206
18.777216
18.878979
12.948564
22.283876
13.112102
16.692453
11.229622
12.56415
13.8622
13.283774
17.078094
10.181194
16.937946
14.822778
19.846
19.402851
12.810713
16.24624
15.553369
11.694704
12.165677
18.012768
19.827927
16.16487
17.972153
18.683868
10.456614
12.501022
21.338247
17.31785
21.340551
24.121885
16.030546
11.968299
11.48033
12.287302
20.31513
13.557831
16.711367
17.661423
14.435928
14.972785
17.041822
15.377939
10.110994
