8.230131
7.8682427
7.6787205
6.4671383
7.164209
8.90168
7.0888944
5.254048
8.463915
7.926585
5.3688393
8.09695
7.1604967
5.233966
4.3940334
7.1679235
7.7953863
5.509986
7.3798137
6.5339165
6.536419
6.671343
5.559367
10.270856
6.557203
5.4785557
9.024492
6.9306335
7.3447514
8.614882
6.7055116
7.486628
4.170172
7.4900723
5.753699
8.939066
6.4673038
7.5626307
5.447454
8.593439
6.660787
10.036373
8.281935
13.927883
6.6016083
11.94913
8.812307
7.615715
7.0618
4.197553
6.0486484
9.36763
8.610624
9.892964
5.4050884
6.1660223
7.7868686
9.550684
6.5630965
7.9396987
5.091117
9.116212
10.015949
5.4243193
4.4524674
6.2677226
5.559036
6.2072945
6.82504
11.590671
6.1242037
9.085352
8.960242
6.42975
4.5154505
6.60881
10.247557
10.651008
10.756174
9.406503
7.145182
6.915554
8.421262
8.325196
6.3028827
12.568113
5.792088
7.808691
6.538884
5.912482
5.0352182
10.277372
5.2655897
6.2422194
5.0661445
5.331345
6.6079745
5.125965
4.3050203
