7.851051
6.443455
5.951951
8.263172
10.671644
7.2035923
7.886613
5.5101943
7.451398
8.351533
8.6021805
4.384886
7.1026673
5.2863855
3.5689623
6.896936
6.575782
6.991195
9.207724
9.575292
8.636689
5.5821233
7.2400446
7.5740886
6.6228285
7.155603
9.838489
6.5302777
8.327552
10.140868
4.8509154
11.141512
5.5294843
5.7962537
6.020536
8.375413
5.559672
6.808034
4.5165596
12.815487
6.391793
5.779617
8.543674
15.306557
9.606521
9.274301
5.508674
7.24597
9.203331
6.464099
6.928664
8.409318
6.0255737
7.876062
5.218127
5.2444286
5.3082333
10.081935
8.090705
7.8046556
7.6489563
7.2750316
5.3777823
5.880204
4.796943
4.78063
5.294903
6.650072
8.49197
11.021524
4.0531464
6.6216903
6.8568335
6.7276554
4.9702983
7.998735
5.970325
8.703225
9.535423
8.032249
4.983927
5.573547
7.9856906
8.247888
8.703302
9.695846
7.1640763
7.840477
7.8475704
5.206942
7.0212727
7.852478
6.114339
7.0360627
6.2814097
8.994312
6.963006
4.906545
4.7148395
