9.26576
9.765829
6.066796
6.2341843
9.163169
6.603857
7.831282
9.176704
9.1505785
9.050699
6.7756705
6.8378267
12.719787
6.668417
3.451593
7.26065
7.539206
6.2167892
9.699286
9.622222
7.1354103
5.446583
8.434892
10.861219
8.133429
6.9964323
12.364576
8.669542
9.548426
9.446985
6.9515214
11.734323
5.330396
5.693049
7.09822
7.681124
6.419465
7.677444
5.0956707
10.050471
6.4489465
10.445235
6.6053247
11.243577
10.97676
13.462765
7.7533016
7.920648
9.539911
5.0594006
4.7685237
7.142174
6.747849
7.431734
6.427651
7.9027205
6.9138513
11.136975
6.5757513
10.404594
5.4915147
7.6914096
7.6789193
6.7840643
6.198759
5.489279
5.8928823
6.9567776
9.180829
12.968395
5.272112
7.3485775
6.565247
6.474984
4.290656
7.7156467
10.230046
9.900211
12.502719
9.0887575
6.80711
9.768491
5.4872823
9.307999
9.812865
7.5251946
8.032838
10.082972
5.9405155
5.1405396
9.702013
8.744805
8.839685
4.3320317
7.582355
6.309344
7.997991
3.7693465
4.225902
