2.0498257
2.04693
3.1296804
3.7095861
2.0734081
3.5739665
2.7361302
2.8411005
2.066637
1.4112232
4.435231
2.9976947
2.8755057
3.4822495
2.703459
3.4574142
1.5574555
3.58359
3.4085414
2.7246306
4.7243395
2.3837566
2.4480667
2.3710878
3.2534332
4.3994813
2.6942344
3.0512726
2.9633927
3.444938
2.9013677
1.1539631
4.2367616
4.0234423
3.4738474
2.156269
3.5307198
3.466389
2.701441
4.232008
3.3147707
1.7902056
1.3603406
1.6847479
2.979085
2.7697277
2.8519185
3.3182025
2.126301
2.1143308
2.328008
2.4123302
3.4608724
2.5305376
1.9239371
4.7163634
2.7553759
1.3134795
3.2286932
4.874995
1.3730195
2.6252816
3.4629412
4.5700746
3.2871156
2.7729948
3.6073852
2.4199042
2.5186646
1.7754228
3.1393735
3.910567
2.6194077
2.9238698
1.7939888
3.921357
4.213499
1.982756
2.736545
2.4759672
2.7402513
3.0598443
1.7244023
2.800375
3.253711
2.0350232
2.5598624
1.5677295
2.7761748
4.237697
2.2153487
3.138346
4.9332986
2.16732
2.8661032
3.4359558
3.5236197
2.7735355
2.876835
3.3996139
