2.0952396
2.815217
2.3745148
2.2540884
1.8702935
2.9582362
2.3866844
2.6667857
1.4206975
2.4532657
2.4455419
2.636526
1.7016715
2.7611334
3.0997336
2.6260798
2.6137066
3.2876942
2.2904465
2.820784
1.8055063
2.5147898
3.5161154
2.8323069
3.9938502
1.6350757
1.4407144
3.5986369
1.9470054
2.3235707
1.6809657
2.6166496
2.6134028
1.7309076
3.012711
3.0745654
2.0594184
1.9741747
2.1197512
1.4928645
3.284486
3.3605766
2.0134056
2.3996036
2.9944794
1.6548678
2.3109488
2.6916912
4.0561337
2.1889436
2.7827463
2.4929116
3.0545204
2.7741709
1.9425851
1.3452373
2.6926913
1.5300207
2.7976341
3.7381067
3.7703228
2.6760705
2.99152
2.444789
1.6072927
2.710428
2.2716491
2.5615141
3.629367
1.6048645
2.933056
2.9812562
2.451621
3.2882144
3.0891466
1.3732865
1.775435
3.6780367
2.3084805
2.206732
2.0525541
1.4614811
2.398499
1.4092168
2.3411224
1.9595076
1.9221643
1.9314535
2.4307632
2.8089955
2.4397995
1.667579
3.5618498
3.9011285
2.3803856
2.2723346
3.1313703
3.6734626
1.8248522
2.0254521
