2.4171393
2.0883842
3.2280376
3.9127538
2.4071023
3.9960647
2.7522328
2.989036
1.8090428
2.9020896
4.572097
1.6447544
1.841607
4.0359845
3.9934108
3.2422926
2.646369
2.972092
1.5535079
4.159928
2.8642457
3.5909643
2.618278
2.2496417
2.8950999
2.656264
2.3970466
3.4559402
2.6891446
2.6910722
4.227857
2.6300135
2.3253658
1.9498738
4.1525693
3.6635332
3.1112344
2.9273033
2.8598304
1.7589992
2.5063434
2.8497074
1.6961077
1.8227286
1.4862418
2.502736
3.4381785
4.410907
2.280347
2.0718057
3.0177433
2.2075574
3.1459575
2.6250954
2.5261633
3.0803537
2.822048
1.6880138
3.4351027
4.2332535
4.862292
3.6106336
3.7817388
1.9418112
1.9140563
1.6947703
3.1922421
2.706932
4.458548
1.7604642
2.7523093
3.9571028
2.0741055
2.954237
2.1612775
1.8617253
2.4659722
3.9652157
1.9933565
3.8070116
4.2079334
2.9630363
1.7237422
2.2530456
3.6089225
2.4161904
3.693788
3.0867496
3.433598
4.213413
1.9291968
2.4681482
2.8575568
4.219421
2.5762763
2.6629057
3.7342944
1.7284392
2.805211
4.615148
