6.2426744
9.429961
8.757268
9.140399
12.265599
6.607665
9.692673
7.3567786
10.852569
9.394774
10.921492
14.158114
8.451263
5.5068884
5.748911
10.884939
7.109944
8.544799
11.004119
13.513029
12.036459
11.079736
7.044501
17.829279
5.671609
8.101909
10.832013
7.767984
10.9914
12.706389
8.725081
7.0484324
11.069937
6.0179315
6.4152646
9.771679
5.9907465
8.112528
9.0665045
17.264202
9.486402
12.115947
10.07033
12.923995
20.381367
8.349355
8.947847
8.5526085
6.0868483
5.992004
8.660249
8.466457
6.468539
8.757735
8.176793
9.428385
8.303386
12.386277
7.116836
15.310312
7.0397754
6.6584826
10.723192
5.361417
10.82097
4.8606534
8.480438
6.705689
12.671541
14.501393
7.689984
10.0057
9.746778
9.318631
6.2988977
10.912795
10.555488
10.931581
10.6608095
6.6423354
6.5757737
11.261452
15.505819
9.0737915
7.4315495
16.041134
9.090015
11.872958
7.1148815
5.472094
8.999116
13.305013
13.449783
9.5549755
7.0338955
12.496061
6.924413
5.0515637
5.624525
