3.0724861171648805
3.4156502553198664
3.090350231003689
3.3993463423951873
3.090350231003689
3.3993463423951873
3.4156502553198664
3.3993463423951873
3.4156502553198664
3.090350231003689
3.3829638550307393
3.3829638550307393
3.090350231003689
3.431876713662332
3.4156502553198664
3.090350231003689
3.090350231003689
2.7843528054241555
3.3993463423951873
3.3993463423951873
3.3993463423951873
3.3993463423951873
3.4156502553198664
3.4156502553198664
3.1081147595432435
3.3993463423951873
3.4156502553198664
2.3976345768664458
3.090350231003689
3.3993463423951873
2.803535818232426
3.0545207623093082
3.3993463423951873
3.090350231003689
2.765050206687511
3.3829638550307393
3.3993463423951873
2.7456258919345737
2.1368288971859792
3.4156502553198664
2.3976345768664458
3.3993463423951873
2.418765666704267
3.4156502553198664
3.3993463423951873
3.3829638550307393
3.0724861171648805
3.3829638550307393
3.1257813145809803
2.765050206687511
2.4605908513050676
3.4156502553198664
3.4156502553198664
3.3829638550307393
3.3829638550307393
3.4156502553198664
3.090350231003689
3.431876713662332
3.0724861171648805
3.0545207623093082
3.3829638550307393
2.765050206687511
3.4156502553198664
3.090350231003689
3.1257813145809803
2.7456258919345737
3.0724861171648805
3.3829638550307393
2.765050206687511
3.3829638550307393
3.0724861171648805
3.3993463423951873
3.0545207623093082
3.0724861171648805
3.464101615137754
3.3993463423951873
2.7456258919345737
3.3993463423951873
3.3993463423951873
3.0545207623093082
3.3993463423951873
3.090350231003689
3.0724861171648805
3.4156502553198664
3.3993463423951873
3.0545207623093082
3.3829638550307393
3.4156502553198664
3.090350231003689
3.0545207623093082
2.4397501823713332
3.3829638550307393
3.3829638550307393
3.431876713662332
3.090350231003689
3.090350231003689
3.0545207623093082
3.0724861171648805
3.3993463423951873
3.090350231003689
