0.5773502691896258
0.8164965809277261
1.0
1.1547005383792517
1.2909944487358056
1.4142135623730951
1.5275252316519468
1.6329931618554523
1.7320508075688772
1.8257418583505538
1.9148542155126762
2.0
2.0816659994661326
2.1602468994692865
2.23606797749979
2.3094010767585034
2.3804761428476167
2.449489742783178
2.516611478423583
2.581988897471611
2.6457513110645903
2.70801280154532
2.7688746209726918
2.8284271247461903
2.8867513459481287
2.943920288775949
3.0
3.0550504633038935
3.1091263510296048
3.162277660168379
3.2145502536643185
3.2659863237109046
3.3166247903554
3.366501646120693
3.4156502553198664
3.4641016151377544
3.5118845842842465
3.559026084010437
3.605551275463989
3.6514837167011076
3.696845502136472
3.7416573867739413
3.7859388972001824
3.8297084310253524
3.872983346207417
3.9157800414902435
3.958114029012639
4.0
4.041451884327381
4.08248290463863
4.123105625617661
4.163331998932265
4.203173404306164
4.242640687119286
4.281744192888376
4.320493798938573
4.358898943540673
4.396968652757639
4.43471156521669
4.47213595499958
4.509249752822894
4.546060565661953
4.58257569495584
4.618802153517007
4.654746681256314
4.69041575982343
4.725815626252609
4.760952285695233
4.517812304569953
4.554432691659538
4.590764355844462
4.626813958590447
4.662587910956453
4.69809238649817
4.733333333333333
4.768316485434157
4.803047373206313
4.837531333408539
4.8717735184622315
4.905778905196061
4.939552303066798
4.718067676668703
4.752931878933585
4.787549991450211
4.821927041355651
4.856067889644585
4.889977238662366
4.923659639173309
4.957119497033047
4.990361079491514
5.023388521151061
5.056205829602306
5.088816890758622
5.121225473908558
5.153435236504103
5.185449728701349
5.217272397668888
5.248906591678239
5.2803555639895015
