1.0
1.414213562373095
1.7320508075688774
2.0
2.23606797749979
2.4494897427831783
2.6457513110645903
2.82842712474619
3.0
3.162277660168379
3.3166247903554
3.464101615137755
3.6055512754639896
3.7416573867739413
3.8729833462074166
4.0
4.123105625617661
4.242640687119286
4.358898943540673
4.024922359499621
4.1461399144838555
4.264014327112209
4.37880269519857
4.4907311951024935
4.6
4.706787243316417
4.426352063787131
4.535573676110727
4.642383454426297
4.74692883171144
4.849343154722923
4.949747468305833
5.048252022715237
5.144957554275265
5.239956379316803
5.333333333333333
5.425166581076791
5.515528318445926
5.60448538317805
5.692099788303082
5.778429189878424
5.863527298559492
5.947444242971582
6.030226891555272
6.111919138499425
6.192562158505679
6.272194634409466
6.3508529610858835
6.428571428571429
6.505382386916237
6.581316394931646
6.65640235470275
6.730667633485762
6.804138174397717
6.87683859712507
6.948792289723034
7.020021492444732
7.090547374425018
7.160390103945313
7.229568912920511
7.298102156175071
7.366007366011049
7.181324987175317
7.25
7.3180493407633
7.139306476801298
7.207997217022008
7.276068751089989
7.343537038231921
7.41041737787324
7.476724446621276
7.542472332656508
7.607674567748488
7.6723441570920725
7.736493607140985
7.800134951599099
7.863279775715018
7.69948383218325
7.763106516389565
7.826237921249263
7.888888888888889
7.95106987738895
8.012790979247395
8.074061938731719
8.134892168199606
8.195290763461319
8.25526651825102
8.314827937868806
8.373983252050245
8.432740427115679
8.491107177447539
8.549090976340066
8.399308727316445
8.457654219322105
8.51562032230678
8.369089954509192
8.42737317060904
8.48528137423857
8.542821429703302
