-1.0
0.0
0.5773502691896258
1.0
0.4472135954999579
0.8164965809277261
1.1338934190276817
1.414213562373095
1.6666666666666667
1.8973665961010275
1.507556722888818
1.7320508075688774
1.9414506867883021
2.138089935299395
2.32379000772445
2.0
1.697749375254331
1.885618083164127
2.0647416048350555
2.23606797749979
1.9639610121239315
2.1320071635561044
2.2936585546278225
2.041241452319315
2.2
2.3533936216582085
2.116950987028628
1.889822365046136
1.671258043593467
1.4605934866804429
1.6164477182409742
1.414213562373095
1.2185435916898848
1.3719886811400706
1.1832159566199232
1.0
0.8219949365267865
0.9733285267845753
0.8006407690254357
0.9486832980505138
1.0932163332202425
1.2344267996967353
1.372487132993442
1.507556722888818
1.3416407864998738
1.179535649239177
1.3127849234810511
1.4433756729740645
1.2857142857142858
1.131370849898476
0.9801960588196068
1.1094003924504583
0.9615239476408232
0.816496580927726
0.674199862463242
0.8017837257372732
0.6622661785325219
0.7878385971583353
0.9113223768657671
0.7745966692414834
0.8962581595302719
0.762000762001143
0.629940788348712
0.75
0.6201736729460423
0.7385489458759964
0.6108472217815261
0.7276068751089989
0.8427009716003844
0.7171371656006361
0.5933908290969266
0.7071067811865476
0.819288030372914
0.9299811099505543
0.808290376865476
0.917662935482247
0.7977240352174656
0.9058216273156765
0.7875615306482168
0.8944271909999159
0.7777777777777778
0.6625891564490792
0.5488212999484517
0.6546536707079772
0.5423261445466404
0.6469966392206304
0.7504787743864564
0.6396021490668313
0.741998516004452
0.8432740427115678
0.9434563530497265
0.8340576562282991
0.7258661863112977
0.8251369970070347
0.7181848464596079
0.8164965809277261
0.7107423155935334
0.6060915267313265
0.502518907629606
0.6
