1.0000000000000002
2.3333333333333335
2.0000000000000004
2.0000000000000004
1.666666666666667
3.0000000000000004
1.3333333333333335
2.0000000000000004
1.0000000000000002
1.3333333333333335
1.666666666666667
2.3333333333333335
0.33333333333333337
2.3333333333333335
2.0000000000000004
0.6666666666666667
0.33333333333333337
1.3333333333333335
1.3333333333333335
0.6666666666666667
1.3333333333333335
1.0000000000000002
0.0
1.6415617649233771
2.3333333333333335
1.666666666666667
1.666666666666667
1.666666666666667
2.3333333333333335
2.3115869750961853
2.3333333333333335
1.3333333333333335
1.3333333333333335
-0.33333333333333337
0.6666666666666667
1.3333333333333335
2.3333333333333335
0.6666666666666667
0.6666666666666667
0.33333333333333337
0.6666666666666667
2.3333333333333335
1.666666666666667
1.0000000000000002
1.666666666666667
1.0000000000000002
2.3333333333333335
0.6666666666666667
2.3333333333333335
0.33333333333333337
1.0000000000000002
1.3333333333333335
1.666666666666667
2.0000000000000004
1.0000000000000002
1.0000000000000002
1.6415617649233771
2.981612185268993
1.666666666666667
2.3333333333333335
1.666666666666667
1.666666666666667
1.666666666666667
2.0000000000000004
2.0000000000000004
2.3333333333333335
0.6666666666666667
1.666666666666667
2.666666666666667
1.666666666666667
0.33333333333333337
2.3333333333333335
1.3333333333333335
0.33333333333333337
1.666666666666667
0.0
0.6666666666666667
2.0000000000000004
3.333333333333334
0.33333333333333337
1.3333333333333335
1.0000000000000002
2.3549213501636395
1.3333333333333335
1.666666666666667
1.3333333333333335
1.3333333333333335
1.666666666666667
1.666666666666667
2.0000000000000004
1.0000000000000002
2.3333333333333335
2.0000000000000004
3.333333333333334
2.0000000000000004
1.666666666666667
2.3333333333333335
1.3333333333333335
2.0000000000000004
0.6666666666666667
