2.49100947511811
2.760837232113154
1.1832159566199232
1.3587324409735149
0.9578414886923188
2.264554068289191
3.436960635895967
2.7174648819470297
2.310088296257945
1.8593393604027364
3.5839447811280176
1.5359763347691504
1.4085904245475276
2.355243047186586
1.633964892475132
0.9578414886923188
1.4580076006393152
1.2336987390024976
1.1322770341445956
1.811643254631353
2.7174648819470297
2.49100947511811
1.1322770341445956
2.0847138283303406
3.252478493733857
2.038098661460272
2.986211700040758
1.7635283843645801
1.811643254631353
3.396831102433787
2.8465424181483328
1.5359763347691504
2.49100947511811
1.633964892475132
2.310088296257945
1.5359763347691504
2.49100947511811
1.585187847802434
1.4580076006393152
2.7174648819470297
2.4461845331508694
2.038098661460272
1.1322770341445956
2.986211700040758
1.5359763347691504
3.128840681937158
1.811643254631353
2.673736582746299
2.400025960399575
0.50709255283711
2.1309341855497683
2.0847138283303406
2.986211700040758
2.8583097523751473
2.400980191995124
2.310088296257945
1.4085904245475276
1.1832159566199232
2.943920288775949
2.2186324835554396
1.3084242851737207
2.310088296257945
2.760837232113154
2.760837232113154
2.8465424181483328
2.264554068289191
1.811643254631353
3.356392731532588
2.5354627641855494
1.9910804339600099
1.3587324409735149
1.1322770341445956
1.9910804339600099
1.585187847802434
0.0
-0.22645540682891913
1.633964892475132
2.49100947511811
3.623286509262706
2.4461845331508694
2.49100947511811
2.760837232113154
3.396831102433787
3.436960635895967
1.811643254631353
2.2186324835554396
3.5839447811280176
0.50709255283711
1.1832159566199232
1.9910804339600099
0.9578414886923188
3.356392731532588
2.673736582746299
1.9066253239129507
2.310088296257945
1.4085904245475276
2.673736582746299
1.811643254631353
1.811643254631353
2.0847138283303406
