10.19803902718557
9.661410722190478
9.856590736780186
9.754759853826503
9.661410722190478
10.001922892047386
9.609690621771017
10.001922892047386
10.246950765959598
9.856590736780186
9.754759853826503
9.054838430910902
9.856590736780186
9.324344278629736
9.661410722190478
9.21745835149465
9.271050693011066
9.907115796044094
9.609690621771017
10.001922892047386
9.557693998193644
9.609690621771017
9.661410722190478
8.911327886790069
9.661410722190478
10.001922892047386
9.466230707600772
9.754759853826503
9.466230707600772
9.609690621771017
10.150733134979466
9.557693998193644
9.413574486632834
9.466230707600772
9.466230707600772
9.754759853826503
10.001922892047386
8.966496431295068
9.324344278629736
9.21745835149465
9.951825709459362
9.805806756909202
9.609690621771017
9.661410722190478
9.805806756909202
9.754759853826503
9.805806756909202
9.651860745036895
9.183996645933803
9.661410722190478
9.518601451101189
9.661410722190478
10.051770751369892
9.557693998193644
9.557693998193644
9.413574486632834
9.609690621771017
9.237604307034012
9.21745835149465
9.754759853826503
9.754759853826503
9.661410722190478
9.856590736780186
9.805806756909202
9.570691241552069
9.163562286927927
9.805806756909202
9.505416412576073
9.271050693011066
9.951825709459362
9.609690621771017
9.805806756909202
9.557693998193644
9.805806756909202
9.814954576223638
9.413574486632834
9.271050693011066
9.805806756909202
10.001922892047386
9.557693998193644
9.413574486632834
9.856590736780186
10.001922892047386
10.051770751369892
9.805806756909202
9.951825709459362
9.951825709459362
9.466230707600772
10.051770751369892
10.14889156509222
9.609690621771017
9.951825709459362
9.951825709459362
9.907115796044094
9.661410722190478
9.324344278629736
9.951825709459362
9.805806756909202
9.413574486632834
9.466230707600772
