6.995837874966481
6.148170459575759
7.709610576293413
8.23687767580373
8.295150620062532
6.471832459560074
6.733710503344879
6.079600189283705
8.295150620062532
7.319250547113999
7.784101297497916
8.966496431295068
7.514430561703706
5.439200829200679
8.099970605472826
7.514430561703706
5.952990444986052
6.410486691557943
7.060180864974626
8.432993810941914
8.23687767580373
6.471832459560074
7.124070532524293
8.880690663831652
6.993258208972302
7.256297000112809
6.343350474165466
6.404640308067906
7.060180864974626
6.864064729836442
7.637218263460742
5.81344274116933
6.864064729836442
6.538530488755173
5.562630415806639
6.601706163700764
6.471832459560074
7.4524131352509935
7.964544071329566
8.295150620062532
6.798772019333623
8.629109946080098
7.648529270389178
7.904790590883119
9.021342216356466
6.798772019333623
7.060180864974626
6.798772019333623
6.863829072224211
5.757810430396346
7.57602972638666
6.538530488755173
6.733710503344879
7.389969586232199
5.5448262406693765
7.124070532524293
6.928890517934586
6.928890517934586
7.648529270389178
7.921180343813395
5.4193110299036125
6.733710503344879
7.514430561703706
5.757810430396346
6.670481774415078
5.883484054145521
7.587035441865058
5.4193110299036125
7.904790590883119
8.57236472002935
6.864064729836442
6.667948594698258
7.389969586232199
6.864064729836442
6.735753140545634
6.928890517934586
7.124070532524293
7.4524131352509935
6.667948594698258
4.631047607372178
5.883484054145521
7.709610576293413
8.825226081218283
6.733710503344879
6.667948594698258
8.76943057566221
8.178233008763634
7.514430561703706
7.514430561703706
6.601706163700764
6.667948594698258
7.587035441865058
8.178233008763634
7.964544071329566
5.952990444986052
6.928890517934586
4.433981751739319
6.864064729836442
7.256297000112809
8.099970605472826
