8.825226081218283
9.271050693011066
9.271050693011066
8.040761540665546
9.466230707600772
8.629109946080098
8.23687767580373
9.021342216356466
9.413574486632834
9.661410722190478
9.557693998193644
9.054838430910902
8.880690663831652
7.964544071329566
9.271050693011066
9.021342216356466
9.075870678421358
9.324344278629736
8.040761540665546
9.805806756909202
8.57236472002935
9.021342216356466
8.432993810941914
9.377343943742936
8.93582993368683
8.966496431295068
9.271050693011066
8.966496431295068
8.880690663831652
9.21745835149465
9.324344278629736
9.360628142560785
8.825226081218283
8.685510649241946
8.490330634652238
9.360628142560785
9.413574486632834
9.021342216356466
8.158801243801019
9.21745835149465
9.951825709459362
9.163562286927927
9.021342216356466
9.661410722190478
9.21745835149465
9.360628142560785
7.4524131352509935
9.109357395385404
9.183996645933803
8.880690663831652
8.547315588743924
9.466230707600772
9.075870678421358
8.317239361004065
9.163562286927927
8.629109946080098
8.295150620062532
9.237604307034012
8.825226081218283
8.76943057566221
8.966496431295068
8.825226081218283
9.661410722190478
9.466230707600772
9.377343943742936
7.844645405527362
8.432993810941914
9.557693998193644
8.432993810941914
9.505416412576073
8.23687767580373
9.021342216356466
8.317239361004065
9.609690621771017
7.69800358919501
9.413574486632834
8.685510649241946
9.805806756909202
9.609690621771017
8.966496431295068
8.629109946080098
9.466230707600772
9.609690621771017
9.856590736780186
9.021342216356466
9.951825709459362
8.76943057566221
9.075870678421358
8.825226081218283
8.76943057566221
9.271050693011066
9.360628142560785
9.360628142560785
8.741572761215377
9.271050693011066
9.271050693011066
8.5152688695994
7.648529270389178
9.021342216356466
9.075870678421358
