0.29559878344928797
0.6831300510639733
0.8783100656536799
0.7844645405527362
-0.6831300510639733
0.5883484054145521
1.6590301240125065
-1.7650452162436565
0.4879500364742666
-1.0734900802433864
0.29559878344928797
0.6897304947150052
-1.8542101386022132
0.0
0.8783100656536799
-0.8783100656536799
-0.6831300510639733
0.19425717247145283
-0.5883484054145521
0.3922322702763681
0.5883484054145521
0.3922322702763681
-0.8783100656536799
-1.2686700948330931
1.5540573797716226
0.3922322702763681
-0.6831300510639733
-0.6897304947150052
-0.29277002188455997
-0.19611613513818404
-0.29002094671369905
-0.29559878344928797
-0.9805806756909202
-0.4879500364742666
-0.8783100656536799
1.0838622059807226
-1.1766968108291043
0.0
-0.9712858623572641
0.6831300510639733
-0.8867963503478639
-0.5883484054145521
0.0
0.09759000729485333
-0.5883484054145521
-0.29559878344928797
-0.3922322702763681
-0.29559878344928797
-0.29002094671369905
-0.09759000729485333
0.9712858623572641
-2.6349301969610397
0.6831300510639733
-1.872125628512157
0.8867963503478639
1.0734900802433864
0.4879500364742666
-1.165543034828717
1.1766968108291043
0.4926646390821466
-1.0838622059807226
0.8783100656536799
-1.6590301240125065
-0.29277002188455997
0.8700628401410971
-0.9805806756909202
-0.5883484054145521
-2.85745490667645
0.29277002188455997
-0.4926646390821466
-1.1766968108291043
0.0
1.0838622059807226
0.0
0.0
0.9805806756909202
-0.29277002188455997
0.5883484054145521
-1.5689290811054724
-1.0838622059807226
-0.3922322702763681
0.4879500364742666
-0.7844645405527362
0.09759000729485333
-1.5689290811054724
-0.09853292781642932
-0.29559878344928797
-0.8783100656536799
-0.4879500364742666
-0.09853292781642932
0.8783100656536799
0.8867963503478639
-0.4926646390821466
1.3598002073001698
-0.09759000729485333
1.4638501094227998
2.0691914841450156
0.0
-0.19611613513818404
0.09759000729485333
