-0.3333333333333333
-0.4714045207910317
-0.5773502691896257
-0.6666666666666666
0.7453559924999299
1.9051586888313603
2.8977276264040746
3.7712361663282534
4.555555555555555
5.270462766947299
5.929723110029352
6.543303050815758
7.118652518223773
7.661488934822832
8.17629817532677
8.666666666666666
9.135508543035208
9.58522525608431
10.01782037901453
10.434983894999018
10.838155215054288
11.228571061395483
10.912254335653579
11.294869369500208
11.666666666666666
12.028456288475285
12.380955772621975
12.72480392464398
13.060572118452647
13.38877362790406
13.709871388043817
14.024284493533191
14.332393673685788
14.634545932160755
14.931058500203791
14.666666666666666
14.960307844787515
15.248813586291678
15.532430919093452
15.811388300841898
16.085897474526423
16.356155095981745
16.62234416625391
16.884635296354762
17.143187827498387
17.39815082627786
17.649663971245236
17.41673312055371
17.666666666666668
17.913371790059205
18.156965089563194
18.397556508136763
18.635249842372144
18.870143203663
19.102329436458525
19.33189649833203
19.55892780599381
19.783502550864863
20.005695987386602
20.225579696860954
20.443221829285722
20.23535356869702
20.45207759505485
20.666666666666664
20.879180322516753
21.089675454459005
21.29820646611588
21.50482541988819
21.70958217313371
21.91252450446388
22.113698231012133
22.313147317442166
22.51091397738911
22.707038767959364
22.901560677855155
23.09451720963655
23.28594445658602
23.098451496549753
23.289319549168695
23.47871376374779
23.296296296296294
23.485104545250696
23.672492071109886
23.858489332468498
24.043125741567724
24.226429713039163
24.408428709807126
24.58914928634707
24.768617129481942
24.946857096883882
25.123893253435313
25.299748905591734
25.47444663387745
25.304201241549062
25.47846241011466
25.65160091747939
25.823637466565042
25.99459214647689
26.16448445724815
