6.505382386916237
5.091168824543142
5.939696961966999
4.900980294098034
5.939696961966999
6.222539674441618
5.939696961966999
6.505382386916237
6.505382386916237
5.374011537017761
5.939696961966999
6.222539674441618
5.374011537017761
5.65685424949238
5.374011537017761
5.65685424949238
4.808326112068523
5.374011537017761
5.939696961966999
6.222539674441618
5.374011537017761
4.525483399593904
6.222539674441618
5.374011537017761
6.222539674441618
5.824352060364906
5.65685424949238
5.374011537017761
4.808326112068523
5.374011537017761
5.374011537017761
4.900980294098034
4.525483399593904
4.808326112068523
5.091168824543142
5.65685424949238
6.788225099390856
5.939696961966999
5.091168824543142
5.374011537017761
5.65685424949238
5.939696961966999
5.091168824543142
6.222539674441618
5.939696961966999
5.285714285714286
6.222539674441618
5.65685424949238
4.525483399593904
5.939696961966999
5.0
4.808326112068523
5.939696961966999
4.525483399593904
5.091168824543142
5.091168824543142
5.374011537017761
4.525483399593904
5.374011537017761
6.505382386916237
5.091168824543142
5.374011537017761
5.374011537017761
5.939696961966999
5.091168824543142
5.374011537017761
6.505382386916237
5.091168824543142
5.374011537017761
6.222539674441618
4.808326112068523
6.222539674441618
4.242640687119285
6.222539674441618
5.091168824543142
5.65685424949238
5.374011537017761
6.222539674441618
4.242640687119285
4.525483399593904
2.82842712474619
5.374011537017761
5.181036310903636
5.939696961966999
5.374011537017761
5.65685424949238
5.939696961966999
5.571428571428571
5.939696961966999
5.65685424949238
4.525483399593904
5.65685424949238
5.374011537017761
4.714285714285714
5.091168824543142
6.222539674441618
5.939696961966999
6.222539674441618
5.65685424949238
5.65685424949238
