2.9417420270727606
3.610830269909573
3.4156502553198664
4.118438837901865
4.9770903720375195
4.706787243316417
4.3915503282684
5.2951356487309695
4.9770903720375195
4.781910357447813
3.2515866179421673
5.6163768855364715
3.8060102844992794
4.467914966843415
6.343350474165466
4.781910357447813
6.148170459575759
3.496629104486151
4.902903378454601
6.079600189283705
4.706787243316417
5.2951356487309695
3.2204702407301595
4.3915503282684
3.1081147595432452
6.275716324421889
4.781910357447813
3.4486524735750264
4.196370313678693
3.922322702763681
6.477134476605945
4.631047607372178
4.510671108178233
3.2204702407301595
4.3915503282684
2.85745490667645
4.118438837901865
3.922322702763681
2.913857587071792
5.367450401216932
4.631047607372178
4.706787243316417
3.1378581622109447
6.343350474165466
5.2951356487309695
5.346796732074042
3.530090432487313
5.6163768855364715
4.156966902896353
3.8060102844992794
5.633458001672132
5.952990444986052
4.5867303428581065
5.025179318637895
3.2515866179421673
4.5867303428581065
4.9770903720375195
4.662172139314868
4.706787243316417
5.6163768855364715
5.4193110299036125
4.5867303428581065
4.3915503282684
3.4156502553198664
3.3835777116598225
2.745625891934577
4.706787243316417
3.645718329207885
5.367450401216932
5.81344274116933
4.706787243316417
4.706787243316417
4.828113463005036
3.7262065676254967
4.233901974057256
4.706787243316417
4.196370313678693
4.706787243316417
5.4193110299036125
5.4193110299036125
4.118438837901865
6.538530488755173
4.902903378454601
4.5867303428581065
4.510671108178233
6.207574452435047
4.828113463005036
4.9770903720375195
5.562630415806639
4.828113463005036
5.562630415806639
4.236915896106461
5.025179318637895
6.410486691557943
4.5867303428581065
4.9770903720375195
5.222245174270754
3.7262065676254967
4.706787243316417
6.343350474165466
