-0.5773502691896258
-0.8164965809277261
0.3333333333333333
1.1547005383792517
1.8073922282301278
2.3570226039551585
2.836832573067901
3.2659863237109046
3.65655170486763
4.016632088371218
4.351941398892446
4.666666666666667
4.963972767957701
5.246313898711125
5.515634344499481
5.773502691896258
6.021204361320442
6.2598071204459
6.490208549618715
6.713171133426189
6.929348671835832
7.139306476801298
7.343537038231921
7.542472332656508
7.736493607140985
7.92593923901217
8.11111111111111
8.292279828967711
8.469689025218578
8.64355893779357
8.814089405208614
8.981462390204987
9.14584411885883
9.307386903980738
9.466230707600772
9.622504486493762
9.77632735625074
9.927809602765956
10.077053564758328
10.2241544067631
10.369200798675472
10.512275515222026
10.653455966540049
10.792814669253266
10.930419665963155
11.066334899863731
11.200620550184702
11.333333333333334
11.134612334371354
11.26765281680262
11.39917437670765
11.529227073966274
11.657858310056719
11.470843339248438
11.288234690342083
11.109841197270617
11.241370959657527
11.37147065368355
11.500184228443281
11.627553482998906
11.753618208177707
11.878416316729616
12.001983962979581
12.124355652982143
11.95911839645853
12.081373926817925
12.20247915435375
12.322464739446486
12.441360038738793
12.559193180030848
12.675991131809337
12.791779767867707
12.906583927430182
13.020427471152072
13.133333333333333
13.245323570650438
13.35641940768331
13.466641279488636
13.576008871448087
13.68454115659954
13.792256430641059
13.899172344780775
14.005305936590963
14.11067365901115
14.215291407632893
14.319174546387877
14.422337931751029
14.524795935561261
14.626562466554299
14.727650990694467
14.828074550385661
14.92784578263538
15.026976936240166
15.125479888055507
15.223366158408671
15.32064692570853
15.417333040302445
15.513435037626794
15.60896315069424
