1.0
1.414213562373095
1.7320508075688774
2.0
2.23606797749979
2.4494897427831783
2.6457513110645903
2.82842712474619
3.0
3.162277660168379
2.7136021011998728
2.886751345948129
2.4961508830135313
2.138089935299395
2.32379000772445
2.5
2.6678918753996625
2.8284271247461903
2.9824045403173027
3.1304951684997055
2.836832573067901
2.9848100289785457
3.127716210856122
3.2659863237109046
3.4
3.530090432487313
3.65655170486763
3.779644730092272
3.8996021017180893
3.6514837167011076
3.412500738508723
3.5355339059327373
3.6556307750696546
3.7729688731351945
3.8877095717511763
4.0
3.7811767080232177
3.893314107138301
4.003203845127178
4.110960958218893
4.216691570992364
4.320493798938573
4.422458539645535
4.221158824088691
4.024922359499621
4.12837477233712
4.230084753438942
4.330127018922194
4.428571428571429
4.242640687119285
4.34086826048683
4.437601569801833
4.532898610306738
4.626813958590447
4.719399037242694
4.543441112511214
4.635863249727653
4.727031582950012
4.816989706290483
4.905778905196061
4.993438317382943
4.826004826007239
4.913538149119954
5.0
4.83735464897913
4.923659639173309
5.0089472186085136
5.093248125762992
5.176591682688076
5.019960159204453
5.103161130233569
4.949747468305833
4.798687035041354
4.88240082724041
4.965212315030781
5.047146145152358
5.128225940683707
4.98201895023622
5.062895554167108
5.142956348249516
5.222222222222222
5.300713251592634
5.378448739494827
5.237229365663818
5.09786575873842
5.1759731137650435
5.253351420705195
5.116817192534651
5.193989612031165
5.059644256269407
5.136595699937399
5.21286035142687
5.288453643125169
5.363390480545726
5.437685266051317
5.511351921262151
5.584403908234905
5.656854249492381
5.728715546977509
