6.079600189283705
1.4638501094227998
2.2445701677816263
2.85745490667645
3.4156502553198664
2.5495097567963927
2.2445701677816263
3.333974297349129
3.4156502553198664
3.025290226140453
2.85745490667645
2.463323195410733
2.830110211550746
1.7483145522430754
3.4156502553198664
2.04939015319192
3.2204702407301595
3.690886276957604
1.3728129459672884
2.745625891934577
3.1378581622109447
1.9611613513818404
4.001190299088986
3.4156502553198664
3.3023719320146983
5.2951356487309695
4.001190299088986
2.6603890510435915
3.8060102844992794
1.5689290811054724
2.6101885204232915
2.0691914841450156
1.9611613513818404
3.025290226140453
3.610830269909573
4.433981751739319
2.1572774865200244
2.745625891934577
0.7770286898858113
2.6349301969610397
1.872125628512157
3.1378581622109447
0.7844645405527362
3.2204702407301595
2.745625891934577
3.168472137525358
1.1766968108291043
4.236915896106461
3.9636196050872203
2.2445701677816263
2.913857587071792
3.025290226140453
1.4638501094227998
2.85745490667645
3.0545207623093087
2.830110211550746
3.025290226140453
2.136828897185981
4.314554973040049
3.8427841848407436
3.2515866179421673
2.4397501823713332
1.8542101386022132
3.025290226140453
1.0634101379502299
2.3533936216582085
1.3728129459672884
2.463323195410733
2.830110211550746
3.0545207623093087
2.9417420270727606
3.7262065676254967
3.4486524735750264
2.745625891934577
1.3471506281091268
2.9417420270727606
4.001190299088986
3.333974297349129
2.3533936216582085
4.039850040473602
3.1378581622109447
3.025290226140453
3.5645311547160277
3.333974297349129
2.745625891934577
3.2515866179421673
4.433981751739319
2.04939015319192
2.830110211550746
2.85745490667645
3.8060102844992794
3.0545207623093087
1.872125628512157
3.8851434494290564
2.2445701677816263
2.4397501823713332
5.025179318637895
2.1572774865200244
2.1572774865200244
4.196370313678693
