4.98201895023622
2.6481499981493517
2.8735244660769563
2.49100947511811
1.9720265943665385
2.49100947511811
3.0988989340045605
2.49100947511811
5.127269145353
2.6481499981493517
2.7875126075440138
0.05688801239885743
3.324273401932165
3.92540507864431
3.0988989340045605
2.197401062294143
2.8735244660769563
2.1309341855497683
4.302652729749464
2.264554068289191
2.264554068289191
3.849741916091625
2.197401062294143
4.225771273642582
4.822640525191581
2.038098661460272
2.197401062294143
2.1048564587577245
4.225771273642582
2.7174648819470297
0.5023310149673528
1.6497523595668653
1.3587324409735149
2.8735244660769563
1.746652126438934
4.3803769547120215
4.076197322920544
3.623286509262706
2.8038607704602216
3.0988989340045605
0.5119921115897168
2.1048564587577245
0.0
2.8735244660769563
3.170375695604868
3.6977208059257327
2.943920288775949
2.7875126075440138
2.288396845962385
-0.50709255283711
1.2336987390024976
2.7174648819470297
2.8735244660769563
4.835481053902881
2.3324085083531543
3.0988989340045605
1.746652126438934
2.579551908823404
2.49100947511811
1.6497523595668653
3.2426167067348732
3.0988989340045605
2.197401062294143
4.000396805714979
1.618622159339248
2.49100947511811
1.585187847802434
3.0150646571394435
2.6481499981493517
1.877304409162295
5.661385170722978
2.7174648819470297
2.7875126075440138
2.943920288775949
1.7777777777777777
2.943920288775949
5.352643613280605
3.396831102433787
6.340751391209736
2.559960557948584
3.623286509262706
4.676520209497792
3.623286509262706
2.6481499981493517
4.529108136578382
4.835481053902881
1.194648260376006
1.5212776585113297
1.5212776585113297
3.2426167067348732
3.324273401932165
2.559960557948584
5.51813720268917
2.8038607704602216
3.5496478698597693
2.6481499981493517
4.3803769547120215
2.49100947511811
1.811643254631353
4.000396805714979
