4
100
17339
21071
9347
9154
10993
14110
11630
8711
7258
7532
14441
7965
30593
10124
7788
17339
7889
9391
9676
13875
17969
7889
7756
10751
10021
15740
9199
9278
10586
9597
389
9108
8704
33101
9034
18595
9025
10571
25741
10599
15177
39514
9052
19306
13579
9430
14226
17761
10090
10599
13229
9508
7335
22418
42129
23734
17089
11488
13417
7407
8428
6903
9304
14222
8137
26068
10108
8244
7991
9178
8146
7312
7162
28112
17077
10163
39982
9421
6958
9030
22646
7824
11764
9277
9199
9677
9016
8
9426
14450
46715
12199
7187
18423
9563
20056
35739
7244
9933
31569
9097
7694
17692
13363
5
100
9450
11088
9480
20244
8098
7235
9304
20166
9025
9029
8146
7623
10647
7162
9194
8347
26347
20244
8098
12951
16727
10293
11169
9450
8150
9480
28881
9430
9229
10900
16711
28754
8159
10488
14465
14453
9052
9390
9130
15890
14952
20659
8030
9532
382
7965
43922
9832
8347
12187
20301
7471
7182
32206
11958
8345
6958
12187
9194
28175
31253
9277
19526
382
9030
9882
30346
24902
11725
7249
20503
6842
9717
13216
36766
39735
9728
19716
15148
16066
8705
9243
45487
6963
7799
7847
9058
10201
10063
12115
11088
9248
21195
9552
9427
9036
9515
17885
12399
16879
9069
6962
9032
9913
12733
5
100
25768
9304
9277
17969
33101
10135
7235
10488
9156
8146
7623
37921
12199
7187
18423
9563
20056
29740
17792
8420
12449
9494
8765
17692
13363
9194
10470
11050
9426
30320
50262
6905
15223
23400
10026
13755
35608
9053
8265
10661
20953
18442
42775
9280
10495
9257
15118
9044
11519
9456
8711
9148
9279
9094
32320
35444
7470
11684
15223
50262
12090
10001
9119
8243
6919
9804
9599
10063
9635
7071
9548
30756
21942
22301
23191
9430
25970
28250
27971
8707
27235
17682
16101
10252
15192
22159
9308
14464
40834
10622
11469
12972
9165
6962
9032
9913
19303
13525
8704
8652
9044
11519
14472
10151
9168
4
100
12396
11486
10584
20503
8137
9207
9563
26074
9628
22237
10230
32343
10584
20503
8022
24693
8146
7060
26098
9303
7888
11816
7671
6995
9148
14039
9018
25890
37252
32067
39548
8030
6824
10051
20961
24741
6905
6842
9261
19665
26095
14408
9033
9280
15534
9850
9524
11803
8135
30601
7235
10584
9194
8711
8186
12141
12120
9194
16941
8008
7503
393
12187
20301
7596
8519
382
9030
9882
33630
37589
7597
34123
12136
18968
9717
9939
26095
21029
9362
9609
9805
9258
12199
7187
18423
37270
8704
31969
7633
8204
7877
9045
401
12457
7281
6866
31240
11902
48211
9578
13103
15252
9167
5
100
9046
7492
19163
12079
10148
7235
13797
12079
13045
11205
7532
9508
25854
10148
11310
8135
21630
34120
11536
9278
9650
13903
9044
13321
40137
42698
9080
9179
39642
10635
11132
9863
10578
9277
8263
9148
10507
9685
9178
6947
7406
9176
9022
14610
9167
12839
11532
15491
7374
27144
11260
19561
7788
12079
11630
9023
9278
9650
9362
9745
9490
14008
23471
9257
8146
7312
7162
12201
11132
22375
9676
30958
12950
19879
13972
9178
43056
9022
11334
11114
8148
9844
9552
14023
12487
13972
7489
10743
9108
11915
10495
14795
36663
11877
10846
9947
7208
10586
12943
13769
9025
9029
7335
22418
21630
4
100
17707
31898
9480
11000
7235
9580
21733
8146
7623
37921
12199
7187
18423
9563
37043
16858
7244
32226
12073
8448
8608
7100
8522
31569
9023
13363
9172
10608
399
12767
18112
19249
32944
10921
413
44388
9943
11485
460
16642
10528
36931
12779
27143
454
453
9681
11570
8168
9094
9064
17698
10293
14465
8719
9908
10313
10867
9426
7120
7770
11429
387
9167
24524
9569
10789
18427
30913
11913
10083
22747
9030
9464
10970
473
12033
9136
9304
21073
9038
9735
10453
11625
42670
7669
9225
13412
8704
42526
10040
12743
14326
10964
21312
10647
17173
49619
9062
26421
22301
37406
8765
9052
5
100
9242
9379
11693
21308
18614
9325
13229
9508
7335
22418
21308
7470
18614
9033
9280
12972
10764
15386
409
6824
12923
9330
11187
9346
7071
14458
9492
20305
10090
9243
10552
9029
49019
7586
9752
7162
9351
16709
11913
10045
7235
10458
8146
15225
26421
387
41845
18418
9277
18324
8467
7756
22511
10335
18380
16286
13940
19671
9805
19618
9153
9823
16232
11545
30768
20866
8711
9649
6903
15025
23376
11432
8216
8243
9030
10251
25572
13744
11469
48512
12715
9304
15386
410
8143
34167
9488
7426
17905
13291
8066
9538
8519
8335
7185
10260
22452
8765
30299
14337
7416
12003
9753
19305
14830
4
100
39982
9421
9480
30653
7235
9029
8146
7399
12519
9421
6958
10993
14110
11630
8711
7258
7532
14441
8519
9368
9337
10212
12201
14226
46503
9676
17896
11947
14554
17624
9075
26992
8137
10717
9409
9592
8024
40304
6949
9124
9036
9515
9267
10382
9693
9109
7810
7991
9178
26421
387
25387
32016
9052
21043
9169
9185
31154
34398
10007
33032
10599
13229
9508
7335
22418
21277
9518
9564
46989
10846
11488
44986
18489
9685
9178
8740
7983
19430
8022
12059
11792
10279
10211
17337
9900
9730
12409
10984
11188
10206
23006
9469
13235
7849
17304
37611
11487
11357
18595
9025
11189
17764
9033
5
100
13914
11252
45893
739
8613
8137
9666
7281
7483
9361
7514
32587
11252
8194
7237
739
8613
10542
15437
8194
37137
9443
19352
10635
387
11019
8143
9920
23380
10883
9276
14110
11853
7661
7991
14696
10078
8063
8146
12371
9564
12761
9314
24011
16631
29436
35265
9133
9427
17458
9241
11992
11718
7335
22418
11019
8022
25071
8146
30807
14162
9185
28874
9760
14550
9154
10460
10010
23650
23847
8153
7162
9592
10391
9368
11513
9307
13016
7252
41976
50522
9199
27786
26421
387
35265
12834
25041
11130
32445
14388
23426
11678
26033
13563
28989
33828
9947
22203
9115
13981
9025
10590
7487
10684
5
100
10195
9912
9930
8610
18205
387
9912
9133
9346
10294
11139
9030
9882
11342
10083
11683
11725
9119
7335
22418
43213
8599
10363
8143
9072
6879
7426
9172
9648
9133
46122
6830
19066
9167
15087
8098
10433
13579
10756
9033
9031
12178
12637
9254
7182
11084
12498
9207
9278
9650
9362
39306
9684
7884
6905
9048
10354
9090
9376
10398
19295
12350
12090
12486
9038
14222
8137
10416
10108
10826
26421
22646
7824
25235
9304
9252
7416
11764
20391
9511
10903
16586
38551
11343
9668
13229
9508
18988
29317
7478
21811
11356
31688
11913
9077
10504
28037
10090
9280
48512
11686
15632
9124
9912
16337
3
100
37979
21290
17676
9140
9022
16711
11446
9307
9558
9430
15223
9136
9745
20545
10345
6828
9025
9080
30664
9659
14627
9207
10488
14465
8146
7623
37921
12199
7187
18423
9563
20056
9426
46843
12092
9767
9569
10807
13363
9194
10470
11050
12767
30320
32944
10921
50283
11196
421
424
411
407
384
20953
10293
7250
9075
11181
8159
9044
9246
12174
16089
13230
8022
18992
26421
387
22301
37406
8765
9052
10040
12743
14326
15223
44060
8148
9194
417
431
409
15800
9939
36349
39802
11247
9313
25218
8
9456
8711
9148
9747
18194
8148
9172
9190
6954
7889
7627
43461
10740
3
100
9689
10239
34949
377
6824
27125
21480
8146
7623
37921
12199
7187
18423
9563
37043
16858
7244
32226
12073
8448
8608
7100
8522
31569
9023
13363
9194
10470
10802
12767
32897
11573
382
19993
26815
18862
9438
42775
9280
10495
9257
8056
16276
49251
8286
7470
15918
9018
33860
9426
24528
14315
8170
11016
13412
9038
32355
28655
37703
9426
13502
49798
9167
24524
9569
10789
20226
8539
7104
11183
8742
14488
10141
7824
7813
7098
15283
8505
16371
15704
10921
420
413
425
9381
14996
9119
11675
24528
14315
32209
9804
9599
10063
8263
7058
8711
9052
10040
13140
8148
9044
10747
5
100
9961
10840
8066
9022
9533
8143
9795
10600
9961
19245
11477
9855
9172
14066
7119
9696
8236
7185
14664
9029
8146
9177
10840
8066
36191
9430
18968
6903
38424
9038
17068
11693
9077
13460
15148
16963
26421
22301
11204
8135
44541
9324
7791
43121
27013
9204
11292
19643
42632
6963
9123
8093
8146
14369
15523
8742
23281
22634
8137
12120
22533
387
22787
9030
9085
7966
10092
9330
14667
45346
46548
7335
22418
9018
18554
20659
9489
9130
37176
20796
24912
33893
9034
6890
9048
7631
23796
20033
46023
9044
10780
8148
9143
40810
24912
13526
22590
30589
33197
10071
9021
11135
10266
10469
14371
6
100
12224
10730
8137
11693
31656
15381
9284
11328
9021
21674
9654
7335
387
9172
10608
399
12767
12224
10238
12178
12120
10141
35912
9224
9357
10647
14488
12224
15213
19156
20005
9030
9882
20738
8719
10398
9304
35533
9580
12622
7235
10488
9156
8146
7623
37921
14472
10151
14147
9148
13042
9168
9563
16858
7244
9741
8023
7877
14976
17692
10686
12495
11181
10309
8135
46483
9982
43804
389
454
11924
15031
10227
9574
12895
10707
452
441
389
22174
43832
9291
9430
9337
9025
10960
8
12199
7187
18423
10866
11906
10352
21073
9194
10470
10521
12684
9444
8159
41747
11062
382
10157
8022
12412
5
100
9279
9308
9529
9631
44039
8137
12818
7530
16930
12090
9676
9019
19303
13525
8704
8652
12199
7187
18423
9052
11528
7888
12262
7660
9971
387
11528
50860
15704
14488
9426
7119
18562
7416
10625
8104
9030
14238
26844
9304
9033
9194
10470
11050
17874
11163
7478
17033
9935
12141
9430
9390
9253
9902
9153
9950
14179
9062
8146
9177
12634
7235
9279
9094
36777
8418
9105
7467
15929
12382
10633
9229
6853
8006
7467
10815
12417
27254
12003
9038
35759
16322
9086
12256
10007
11011
8705
9182
10393
9016
8
9563
11380
8263
6858
12139
393
10101
10070
383
10355
8149
12013
9524
9034
5
100
29060
6903
10195
39310
9642
7235
9826
8711
29060
8022
16210
9080
10967
20661
18818
17345
49117
21733
8146
7623
40648
8135
12199
7187
9135
44188
7249
9458
14133
29614
9029
8626
7812
8014
11694
22301
40648
8143
10824
10776
19856
13814
9518
31954
9243
10056
9029
8263
7058
8711
12055
473
27908
31861
9052
9172
7691
7384
15699
9192
11285
13439
9916
9036
17939
6903
29000
16368
27006
16756
9505
11686
9456
26829
9741
8052
7433
412
452
409
6824
14509
25583
9172
8467
8052
7433
29179
681
21666
7470
24907
8102
9882
27400
8066
27134
9021
15997
9608
8756
9512
12137
27709
8137
5
100
10428
12191
31406
10464
16757
6903
9304
9033
9063
9136
7470
10148
9048
8146
7623
37921
14472
15179
9168
10001
12495
11181
11585
8135
46483
9982
43804
389
448
19965
441
16584
43832
9291
9430
9337
9025
9029
8340
6824
11540
28738
9639
9123
8336
25318
24275
9119
8159
14261
11248
13919
41591
9023
15695
9025
10960
8
12199
7187
18423
9563
37043
16858
7244
32226
12073
8448
8608
7100
8522
31569
35263
18983
8542
9580
7449
9180
9194
10470
11050
9426
14363
7824
7580
9556
12506
12508
8387
8765
13047
10686
9062
8056
16276
49251
8286
7470
15918
22301
47162
10040
9077
7580
9556
6
100
22159
9376
12543
9422
13676
7627
9030
9882
9966
7235
10312
9156
7335
22418
22301
37921
9172
8671
8269
8704
9053
10676
36825
38204
13439
10293
9119
10296
13805
9168
11141
8269
9124
17003
9025
9080
9455
7789
13607
6903
9304
739
7432
7220
9397
387
13727
8513
10897
9208
7877
8513
30571
12328
29786
8573
7467
9284
15997
13572
9511
9220
8364
8137
9430
9390
10368
49009
12921
7622
7877
14527
7119
42460
11704
9742
9264
8194
9033
11570
9016
8
12199
7187
9135
10081
10040
35463
9076
8756
31517
32660
15600
10366
400
16839
9034
9813
10728
32418
380
40172
12734
9062
8263
7058
4
100
41144
38892
17058
10135
7235
10061
9035
8263
7058
8711
9052
9036
9271
11025
9130
10785
9510
7958
387
9456
26829
12557
9253
26519
39210
16127
8146
7399
12519
9258
9640
16941
9136
22600
9290
12011
10013
684
9149
9640
10995
16069
9304
15148
17058
9199
9278
9677
26973
13525
7335
9306
10607
10852
20091
9017
7965
9760
9080
11361
9180
25701
16288
9846
10212
9783
16576
10939
9292
12190
11511
15582
17553
6891
9178
6947
7406
9176
9018
7400
9249
45919
10138
7285
10905
9716
19293
7470
16125
9119
27914
41114
9489
12086
19293
8022
11312
9038
9019
15910
7530
22137
9355
44401
4
100
19534
18995
10259
20757
9185
11204
387
10647
14488
39848
9030
9882
9553
30596
9430
18968
6903
9304
13312
9033
15148
16963
8146
7623
37921
12199
7187
18423
49253
8711
14472
13834
9168
26924
9194
10470
10802
9563
14363
19011
33838
12479
16715
10488
14465
15118
14363
19011
8398
10072
21073
9038
9426
35844
41943
15852
7483
11048
15864
17395
9121
8397
6824
39931
11570
9052
16743
9023
9390
12788
29954
9247
13307
9902
10317
11087
11181
9512
16131
9212
7182
8148
12283
396
9869
8030
10378
20503
8705
9243
40623
8056
16276
49251
8286
7470
15918
22301
9672
10260
9457
22220
9824
10868
4
100
12846
9127
10640
30653
7235
9029
7335
22418
9172
15118
8143
11355
12178
27518
9422
9882
30015
15722
9304
9563
14450
14408
6905
29581
15852
11194
37790
20002
9074
33816
9815
419
426
421
429
420
387
9563
14450
12224
8187
9030
35533
9580
45705
13230
23610
8137
10001
9119
26421
387
22301
37921
12199
10126
16666
9331
9246
19328
12957
35371
18968
7847
22149
14207
29019
8704
9117
9418
9456
8711
9052
9947
9486
7799
21336
29124
8146
7623
11570
9180
15687
9613
13088
8148
9299
6886
8528
6903
9128
20479
9276
12120
9036
16427
9043
7889
9284
9803
7155
7470
20659
9489
4
100
9293
10259
42568
16195
9140
12224
10730
8137
9337
9025
9080
11153
9048
8146
7623
10647
7162
12199
7187
18423
49253
8711
14472
13834
9168
26924
9194
10470
11050
9563
14363
27013
8187
382
10808
9592
10293
7253
46548
14453
9052
16743
10892
17984
14475
10107
9512
9390
9130
9869
8030
15890
14952
20659
8148
9016
8
9426
14450
46715
9456
8711
20989
6958
11290
25854
33769
9102
9283
10728
36791
9510
41910
25151
393
8361
397
14814
11095
30112
7250
9217
28296
10010
9489
9034
19063
9239
17742
10728
9171
380
28311
27035
10542
8056
26829
49248
9741
20717
44569
12516
16914
8467
5
100
20237
9036
10623
10043
31938
7426
10490
20166
9025
9080
11153
9048
8146
6899
8135
31354
30916
8066
9301
8599
15646
30811
16701
6893
26065
19508
14641
10137
11285
7656
10110
10252
8255
7449
9030
9882
20738
18321
12662
9029
7335
22418
9018
7187
9135
25894
18194
8148
9172
7208
9755
25322
12480
12311
27691
468
39521
9130
8418
10311
9594
9081
20800
9246
12283
396
9869
14917
44670
41752
35644
9017
8704
8652
9267
7372
8094
9272
14472
10449
9168
10001
9262
9172
7208
9755
25322
681
25894
11003
30015
11714
9123
8336
25318
20237
9036
10623
8137
41730
24767
37184
11742
8191
9267
5
100
18967
9451
9480
32739
11000
7235
9029
8146
7399
11000
19410
9018
15403
8143
9278
9458
46993
387
37507
17704
37388
12057
14830
11595
12748
9355
739
7506
8137
25066
9149
32739
13538
9630
11992
9277
9515
6853
7426
11807
9909
11686
10165
35764
9080
9362
9572
389
8
9595
9398
10502
10087
11186
9815
417
12513
8471
9023
10997
9033
42460
40766
9194
425
417
426
9791
392
12479
12068
46483
9439
25894
9038
14463
13796
13846
33625
9364
10042
13805
9148
10047
15179
9168
28814
38204
10808
9592
9390
9130
29172
30015
13719
10293
11418
14637
30015
26420
9085
7536
9432
15611
9047
6
100
13919
13883
8518
8143
20244
8098
7235
9304
20166
9025
9029
8146
7623
37921
14472
15179
9168
10141
9215
10807
10408
10293
11169
11570
10808
9592
13883
8518
8137
16812
9033
9548
44493
9172
14766
8446
7478
11437
8660
7670
681
9264
8194
30015
12498
9430
9390
10368
49009
12921
7622
7877
14527
7119
42460
11704
9742
24767
7335
22418
38204
10107
12298
9044
9220
8364
8137
9430
41286
9292
9902
9162
8364
27832
739
7432
7220
32947
8191
17047
6932
18921
8104
12431
9752
413
428
10584
8046
7501
6932
9045
29419
12772
7596
6866
7352
9032
14105
8469
12283
8104
11067
10709
7252
9016
4
100
9939
9855
18007
8676
9261
10647
9119
7335
387
18007
8676
9879
6903
10824
7235
9304
23029
9654
8146
7623
37921
14472
10151
14147
9148
13042
9168
9563
19367
12451
7244
28643
41521
9060
9023
9356
33338
11181
11585
8135
9018
7521
13015
457
452
448
5
446
37985
463
22721
389
441
11308
9560
12442
9508
8159
14261
11248
46483
9982
43804
389
20549
453
12337
17447
451
10567
443
12145
43832
9291
11522
9511
9508
15118
10736
7185
9804
9599
10063
16904
10676
11693
24914
8143
9265
16938
10601
9154
9207
22301
23191
10488
8718
19303
28296
9016
8
12199
7187
18423
5
100
9689
18101
7627
12035
9154
10472
8146
7312
9148
18101
33805
9242
9379
10548
11683
11439
6866
9213
34243
9908
16285
9695
9068
9929
11761
8066
23482
9939
17148
9659
7991
9463
6947
10431
12087
30204
13676
9559
9855
20618
9427
48277
8022
12916
8204
25743
9136
11355
18479
17003
9025
10541
9508
7335
22418
18101
7756
9134
18607
32392
16576
23374
17777
10135
9021
13347
9532
43056
9022
20535
9161
9306
9242
9620
13526
9124
9934
10701
8084
9409
13088
9445
9199
9863
13667
24276
9080
9362
12353
27450
10479
15620
16285
36809
15059
9185
45523
16741
9199
9554
10829
13489
16235
18236
9048
3
100
9279
11204
20503
8137
9207
31342
14981
10508
17073
9136
9773
29842
9029
26421
387
12199
7187
9052
9522
17852
383
1409
997
384
9030
13497
7965
9628
25573
13363
9194
10470
12575
35785
14363
25672
8643
13082
7601
15252
23598
16021
18968
8146
9034
9283
10728
23410
9510
10061
9035
19766
11204
8143
9249
9426
11439
9224
12571
9021
9458
14133
29614
9080
39129
10869
9359
10040
9733
9036
7461
9356
15531
9128
9149
20503
6842
11250
16364
17933
11188
10206
7892
9953
9456
8711
9020
11371
8149
9168
9563
20945
35853
29550
17073
11688
12283
393
8361
396
7610
8030
13473
5
100
9632
9238
10259
14005
8518
8137
22717
9362
17727
9882
9553
13230
6903
9304
10464
9675
29080
15148
11219
6962
15605
12298
9136
10475
26421
387
22301
37921
9172
23941
8446
8690
7446
681
11197
7806
11714
13153
9104
9947
39802
14215
9017
8146
7623
11570
9180
14005
8446
8690
7446
8143
9613
10607
8552
8148
739
7842
7208
7610
9148
11949
8255
9168
9432
11667
7656
9025
9029
7335
22418
9456
8711
14223
20659
9489
9084
17047
7235
11630
7249
9341
9366
12705
43193
41390
10960
8
9426
14450
46715
12199
7187
18423
9563
20056
36243
12039
26175
17692
13363
9194
10470
10559
12767
4
100
16947
9664
8662
29930
9017
8146
7623
21835
12498
9430
9664
8662
8137
9277
37810
9390
12283
6824
12245
33076
9156
7478
8662
16947
9052
10524
8084
18647
9788
24231
19347
7877
9242
14874
40689
7660
8579
387
9376
7442
18700
27706
9030
9882
9684
13940
8676
9136
10312
7253
46548
7335
22418
9664
27439
7485
13456
8135
16947
7194
12743
22149
8104
22009
50059
18346
12275
11969
11540
9246
25151
9771
11011
9119
8704
8652
20026
8187
9599
12199
7187
9135
9194
34619
9039
6947
7172
8359
9456
7407
7281
382
19293
7470
44188
9062
8056
8711
9206
9216
27232
30982
6947
7172
7
100
10607
8066
9304
9033
20651
9063
9136
7470
10148
9033
10599
10586
9597
684
9383
9135
13872
8
9563
11768
12199
7187
18423
9194
15118
45349
9647
8170
7777
10109
7297
9925
12479
16715
19367
47460
7244
12783
35759
16322
8137
9664
27439
7485
8711
11599
37761
16322
9021
10474
8705
18194
8148
9194
7856
8148
392
10911
34781
9935
12141
14628
8153
8339
14743
10822
12356
16863
8146
7623
26930
9390
9191
9869
8030
9028
10810
24891
12610
24766
12311
19264
468
39521
9326
24676
14238
9070
8022
21619
16349
19852
11371
395
14917
22976
9143
11729
7801
13028
9114
27680
8551
9130
11816
14521
20390
3
100
9689
14320
17345
12141
16727
9036
9194
10470
10559
9815
417
12513
8471
9791
392
9726
32575
382
49253
11789
14472
15179
21734
9191
49036
34906
6919
8168
9094
11196
36501
18363
11299
10807
24733
8146
7623
33860
12199
7187
18423
6903
9018
7187
10087
9164
32584
28814
9194
425
417
426
9791
392
9726
32575
12479
9152
7886
8187
9805
9456
8711
9877
13079
16433
27651
7426
10293
14465
8056
26829
9390
9074
17295
25151
10045
16131
9212
7182
8148
9253
14814
9771
9437
9790
33536
6953
7235
37226
10478
20754
8263
7058
30935
13509
13717
12333
17069
28942
15932
7250
9075
4
100
10195
9437
8143
12003
6903
9304
9437
8143
9633
7235
12003
7253
9243
45487
8146
7623
9417
24317
9767
20125
12281
9194
9295
8008
8608
8695
9664
49107
10898
425
22614
33141
444
10227
45561
21664
37092
10869
11040
21120
7250
6889
9528
10887
38281
11725
36781
9055
7407
8429
7193
8451
8022
9137
7422
9016
8
9426
14450
46715
12199
7187
18423
9563
20056
36243
12039
26175
17692
13363
9172
33625
9392
39604
6958
11194
10258
20866
50423
9751
40359
681
19993
26815
40427
14450
7669
17834
9438
11124
11927
10087
15405
11675
9605
13933
14450
10101
9456
8711
9148
11194
14315
10625
5
100
9293
10259
40367
9088
7812
8137
9430
40367
9120
9631
11229
8066
14842
8022
9167
22939
45515
9882
15591
10293
9119
7335
22418
22301
37921
9172
43961
33038
9224
9153
30009
13439
16727
9036
20005
9021
21674
9654
8146
7623
11570
9052
9426
43961
12506
11180
33038
9675
40367
6835
7756
7285
11869
9020
7198
392
16103
9140
37989
8142
7192
15148
16963
11675
43961
35210
9640
8084
10230
11693
13368
13902
9626
24934
9207
30782
9080
10040
9613
11852
12033
684
32555
22137
7397
8704
11101
11420
12634
7235
18323
9308
6900
8724
31384
9063
7144
6903
9529
10333
22329
8143
17226
12313
8711
5
100
9138
7415
13409
10043
46027
9185
46027
9030
9882
11101
11584
23479
42226
9446
9199
14441
26421
387
10869
9359
27073
7514
8263
9355
16701
9023
32768
14553
40628
14458
9956
19229
10452
12715
9153
10633
40612
13168
9775
15025
7648
9523
10626
29842
9029
10828
10161
8143
9177
9640
7584
7801
10199
9272
13312
10234
9351
16709
30768
18460
11489
9327
8740
13098
11432
37195
27861
22361
12368
9025
9341
11200
8705
14345
10960
9447
36775
9039
9109
10986
7470
15128
9038
47198
22597
10870
13896
7162
9362
13940
10018
26973
13525
7335
22418
27073
7514
25219
14870
10146
19352
23879
9293
11064
9080
3
100
10464
22973
15381
13230
6903
9304
9882
9553
19011
7235
10488
9156
8146
7623
37921
14472
15179
9168
40352
9319
8084
18651
44941
21734
9045
49036
9130
38916
10293
12495
11181
10309
8135
46483
9982
43804
389
448
443
23323
440
44683
389
42208
43832
9291
9430
9337
9025
9029
8340
6824
11540
28738
9639
9123
8336
25318
16328
9119
8159
14261
11248
9034
10773
391
393
388
13224
16341
29941
400
11995
9560
37271
9511
9508
409
13513
38223
11925
22613
10755
18260
11060
23596
457
9585
407
22985
739
32895
457
22178
9792
26907
11517
36510
8
9563
11380
8263
6858
4
100
9215
12372
44163
10135
7235
10488
9156
8146
7623
37921
14472
15179
9168
40352
9319
8084
18651
44941
21734
9045
49036
9130
38916
10293
12495
11181
11585
8135
46483
9982
43804
389
448
443
23323
440
44683
389
441
11308
9291
9430
9337
9025
9029
8340
6824
11540
28738
9639
9123
8336
25318
24275
9119
8159
14261
11248
9034
10773
391
393
388
15185
10521
18258
11603
395
14715
9018
7521
13015
457
451
17447
5
452
18597
9485
389
441
11308
9560
37271
9511
9508
409
13513
38223
11925
22613
10755
18260
11060
23596
457
9585
407
22985
739
32895
41436
22178
9792
4
100
19306
17339
9059
6967
8137
9676
13358
10846
17339
7889
9391
42226
9446
9199
14441
7965
30593
10124
7532
17932
47123
9038
21110
30040
9017
8146
7312
7162
17896
11947
14554
17624
9075
40304
6949
9124
9036
8161
7958
9109
7810
33828
13229
9508
7335
22418
42129
14479
20485
10021
11509
40141
40510
9625
9766
7778
8102
7470
12442
13235
7849
17304
12486
10108
24873
7198
10041
12972
28710
36736
9693
11513
15084
7530
14564
8521
9492
20305
10826
26421
387
17969
9052
35805
13016
37544
9355
9049
7884
8022
12509
7916
7991
9178
8694
10233
13016
31438
9301
10101
9947
25191
17655
23006
6
100
9046
7492
10016
7399
8420
11630
7426
9117
7749
9063
26577
39005
9029
8146
7623
9046
7492
9325
10464
9675
29080
15148
11219
7530
31938
9520
10428
13595
34331
24177
9025
9080
12776
14553
11630
9104
25006
11522
28944
6962
13158
6872
9017
8704
8652
9172
7208
7691
8125
12480
22301
9271
13805
9168
9267
7691
8125
12068
22821
32104
7545
383
43804
389
442
15949
38832
451
10567
443
12145
16473
43832
9662
13572
9039
36791
36287
24950
15662
30015
12498
44376
9029
7335
22418
9267
20959
9055
12068
47694
8137
9430
38204
10107
25515
9133
22073
38274
31296
7532
9220
8364
8137
9430
9390
5
100
49166
9077
13501
15730
22828
9017
8146
7399
15730
22828
16718
14386
12199
7187
18423
9563
19367
13386
9605
32984
9026
48973
21361
8719
7653
8345
6958
16718
37784
20316
11159
8135
9432
9253
33796
9018
9513
9292
10378
9172
8719
12712
10345
7372
681
45388
18992
680
7055
12665
29918
10413
15381
13471
16727
28814
22301
37921
34197
392
7597
393
8149
9592
9882
13230
10026
11328
9021
12900
9172
8814
7485
8441
8688
16053
34197
19062
9675
29080
15148
17058
26458
9136
11987
34197
16941
9717
12582
6903
27807
22921
10090
34359
19975
7060
11570
15316
10488
14465
26421
387
30601
33940
7791
3
100
37648
9712
12557
7470
11219
7530
9684
9038
9029
8146
7399
15946
10869
9036
9271
6826
10040
22821
32104
7545
9023
10824
7252
11704
9044
16137
14395
11290
21666
9505
26421
387
12199
7187
9052
9522
7759
10395
9136
28952
9128
7501
9648
9059
27022
14405
9149
9464
16435
14860
7235
9773
10061
9035
19766
8148
17073
9177
9584
24584
14055
15997
13572
8711
9939
9215
9607
12423
9119
11686
14411
35342
17613
13226
25306
9030
12845
8014
9928
36287
11570
9915
10998
10626
9564
14981
13145
14579
9024
11305
10984
12268
9532
10828
9552
739
7432
7220
32947
8191
45240
10063
8263
4
100
49462
9040
9702
17676
9276
10314
9512
9640
7981
9021
9351
20756
9947
11342
9038
29918
45142
12717
6958
11357
23879
9172
11837
9406
12446
10727
10211
9861
8702
26973
21480
8146
7060
11570
9052
9524
7799
8771
13899
7888
10110
9324
6905
8091
9053
10369
22293
9030
9279
10970
10996
11159
387
10364
9225
13659
8711
9096
21713
9018
7454
9016
8
9563
11380
8263
6858
12139
393
10101
10070
383
12535
31547
26098
9303
49036
16858
16537
24094
8091
23170
10273
9167
17214
8042
9607
14977
8718
10010
28397
8135
12199
7187
18423
6903
15179
9174
10738
10149
17333
11377
9430
46357
4
100
11019
8168
11252
9154
9207
9018
15414
36483
29992
9416
377
8146
6853
387
46651
7991
406
10401
10917
9183
7949
7402
6866
16157
8006
50082
377
7965
11597
9022
6855
389
17582
739
7662
9668
389
9769
29205
9121
7967
8711
25856
16563
6947
24976
9427
9036
9515
13511
15309
15073
13525
43056
7162
9745
9526
13261
17104
6889
9080
20538
15003
9723
6992
15130
7194
6958
7530
11271
29455
382
22507
9965
11649
9658
8718
8263
406
44668
27914
18677
13548
10270
9038
10566
29016
9448
25518
9265
9035
11686
12988
11132
22146
9290
13510
8705
9025
14299
20394
12258
9063
9416
5
100
23706
24101
9065
8084
8707
10809
739
7569
6824
9689
9290
9706
9033
9031
9144
10010
6947
7399
7220
9022
6866
10401
14927
9650
8263
42138
14782
7965
7172
9265
7162
9018
18554
45887
9036
9515
9267
10917
31187
9368
9651
31204
13675
25830
9873
389
11403
12857
15709
9782
46651
468
9351
20756
9863
11436
9887
9080
9844
14292
11732
14240
9098
7652
11611
14696
10078
8006
7328
6866
10704
8135
10165
9122
7470
13166
15709
11649
12442
9018
18928
9167
22939
9337
9025
9846
6969
8022
9167
9065
18047
13340
9934
9199
34693
8139
468
9252
7220
9572
10185
28440
9443
18762
9129
4
100
9114
13374
11316
44868
9023
9194
7071
8149
9148
382
9030
9882
30015
12498
37474
46548
8146
7623
37921
14472
15179
9168
10141
9628
24584
14055
10293
12495
11570
10808
9592
739
7432
7220
32947
8191
11704
6932
18921
8104
12431
10384
21249
19231
10825
9084
12407
17047
6932
12283
9771
9880
9123
8336
25318
9264
8194
9033
38204
9048
15326
8429
9952
22301
23191
9430
9390
9085
9869
49009
9220
8364
8137
9430
10584
8046
7501
9742
24767
7335
22418
9018
7187
25658
739
7432
44772
7098
7487
9034
17692
26095
9182
7501
8704
12298
9044
10368
9883
11918
8711
10584
6905
7376
3
100
10152
9034
44163
6824
10463
9257
8146
7399
9294
44163
8186
10413
10809
9258
9745
13997
28467
9038
9108
27077
9512
16197
6947
41481
9871
14999
9592
11945
9850
13368
11384
9505
47637
9022
17151
26366
11357
20030
11132
13023
9277
11334
11114
33370
15248
18223
9463
27914
10152
13548
20034
11213
8159
9036
10701
19561
7788
9258
10854
23532
28467
9154
10472
43056
11993
9430
14881
23236
9167
20064
8137
14306
21319
9149
9258
9745
45307
9863
12657
10262
9394
11649
12442
9267
27705
12130
9337
9025
9080
9844
9552
31279
9124
9213
28657
28569
16040
13027
9199
15039
24850
45934
9754
4
100
13914
10856
31898
6958
9030
9882
13230
12090
9430
9632
26402
6886
9049
12391
9279
10453
13576
11506
46365
9243
45487
8146
7623
37921
12199
7187
18423
6903
15179
9164
32584
10293
7250
6889
9390
9085
9869
8030
10378
18992
20496
8168
10328
9180
9194
13335
9021
41919
13162
20893
382
15591
29581
11181
10626
23453
9304
9033
15148
9028
17652
9447
11570
9607
35853
20503
6842
9717
9939
9855
9784
21695
38409
10090
9030
9458
35525
9630
18174
8
9563
11768
14472
15815
9148
9536
9271
13467
9168
15852
7071
9628
10794
9023
10971
15135
40360
7470
26857
9119
15118
12190
21073
9038
3
100
11345
13036
50923
7426
22016
9148
19101
9036
19034
7470
9754
9427
13036
9168
15586
9741
11414
9161
42126
9199
14441
8146
7623
12079
8135
12199
7187
18032
9148
9347
14465
25854
6842
9717
9278
16756
10906
35942
9194
8467
9397
38650
8518
28293
382
9017
8704
9365
10529
11194
12281
23758
6903
27624
8137
10688
12399
11373
9021
10464
18169
17073
9136
9564
14981
9243
16639
26421
22301
9741
9860
9563
8031
468
6908
26425
468
8220
11973
9721
9605
8524
7607
11806
14140
10040
12743
14326
14499
8745
40260
7407
11724
9296
8756
10292
9159
10034
16125
387
34972
8143
13878
7
100
9293
10259
739
8430
8548
8149
22547
6824
9356
7422
10010
8146
7623
9052
739
8430
8548
8149
9036
10623
8137
16812
13454
10078
6947
7399
7220
9022
6866
9054
11355
8155
10247
25689
12032
10718
9109
7816
9668
9018
6866
9108
9306
21855
9094
7208
9329
10078
7965
7172
10910
10917
48541
9122
7162
29205
12371
7085
7556
11355
8155
14782
19561
7788
9265
22633
10070
8135
45887
22600
10278
9950
11732
23230
8073
19826
8066
10261
46651
7080
7532
41190
9383
9277
10137
10771
9572
15709
11035
14149
10278
9720
50273
8046
10617
9351
15603
9177
13879
7608
9185
13807
9023
21359
9027
8017
8162
5
100
29306
8608
35907
7877
10107
8159
9044
9220
8364
8137
9430
9390
10368
49009
12921
7622
7877
14527
7119
42460
11704
9742
9264
8194
8705
9182
10393
9016
8
12199
7187
9135
10081
10040
35463
9076
8756
31517
32660
15600
10366
400
16839
9034
9813
10728
32418
380
40172
12734
9062
8704
11554
16539
17105
9194
33625
9392
10042
7492
9767
38877
11622
383
212
9815
384
13430
10152
12432
7692
28162
9983
8046
8420
6953
10562
7890
8656
7756
9116
15106
15252
12412
9456
8711
10502
9135
9490
10040
12039
9224
739
212
9815
38906
11025
8135
9501
11116
399
12387
9983
8046
8420
6
100
15275
8688
11244
8006
9930
8610
8135
10769
14564
9166
13106
15285
12003
13538
10408
13769
9025
9029
7335
22418
9930
8548
10951
9304
29787
9947
22957
22796
35624
8272
11000
9168
36435
9025
9341
9366
41239
44321
9033
19671
9048
8146
7397
8704
9513
9194
7445
30915
13438
9456
8711
9206
44188
7249
9458
14133
29614
9080
10395
9021
10869
10998
11401
11042
10884
10960
8
9426
22771
26598
383
43804
389
450
446
441
16584
451
26378
16043
389
22174
43832
9613
9324
8703
6944
9204
10914
26446
9453
6918
20806
9787
21305
9172
8618
38882
11141
21240
8052
47997
681
9114
27680
8551
5
100
45045
17077
9480
9018
8191
9325
29620
9018
18554
20659
8148
9172
7208
7691
739
8349
7480
8263
15316
9022
9592
10040
14320
21666
9136
12035
8711
34140
9882
38994
9036
12314
9641
31210
7281
8704
9689
14652
9445
10943
15470
14289
8146
7623
9267
7691
739
8349
7480
9844
39877
38749
14472
10449
9168
9246
19328
6826
9563
34906
17207
9648
8168
9046
14736
9607
48611
11299
8168
9094
14604
16841
9195
10376
9296
10110
15062
24526
6900
10825
40657
19682
40126
9276
9898
9427
26495
9741
10400
32800
7335
22418
22301
15259
11181
13536
9177
12199
7187
18032
9148
15179
9168
28814
9172
5
100
739
8545
7608
31898
6958
9030
9882
11101
46362
9029
8146
7623
37921
12199
7187
18423
9563
20056
29740
17792
8420
12449
9494
8765
17692
13363
9172
15118
8143
12934
9647
31898
6958
681
15656
7889
9331
9877
13079
11570
10034
15852
7071
9188
38126
11533
10822
19926
11007
7847
34839
14731
37576
11159
9675
38424
9154
9207
10488
14465
11768
12201
14472
13467
9148
9536
9271
13042
9168
19367
9058
23644
6962
6903
26640
6919
12817
23382
6962
20863
9880
9172
10539
7859
15381
13439
10293
9119
7335
9239
9673
26098
9501
7888
11793
33029
45027
7244
9096
23141
6918
9793
27766
8361
7643
3
100
18504
39310
9807
9325
13229
10341
9243
9032
9913
19303
13525
8704
8652
9018
18554
44188
9262
38052
14472
10151
9168
10141
9628
24584
14055
10824
7253
9182
10393
9016
8
9426
22771
26598
8135
12199
7187
18423
9563
37043
9570
25686
10883
9269
11636
9194
10470
10559
15113
11881
16623
8765
13047
10686
11927
10087
16863
8146
7623
10250
49125
9456
8711
39604
39457
14984
9747
18194
8148
12638
39466
16034
17143
10416
8066
9699
10495
11746
6932
9664
10986
9945
32294
9753
9167
11532
15016
9062
7335
387
10869
44886
6824
9498
36225
21704
9249
14323
12137
14694
6903
12876
9127
3
100
9450
13815
15016
40410
8148
9172
7208
7691
8125
681
9180
12199
7187
18423
9168
9246
9036
9271
6826
28814
9172
33625
9392
20989
6958
9055
7497
8236
14631
10661
23620
9390
9253
9902
26102
13723
24796
18410
8146
7623
15259
13509
9599
34197
7597
8739
8092
13536
34197
6835
8263
8774
13536
9030
9085
7536
9639
18862
7767
11124
27832
9074
18647
9304
11573
9147
45745
13755
10169
393
45745
10228
7767
18809
7536
384
9284
9064
10944
17069
28942
15932
14465
26421
387
9456
8711
39604
11351
9741
20717
9041
7426
11931
10890
17920
9174
9926
10407
22821
9182
10402
10293
5
100
9454
8450
9109
8461
32104
7545
9023
10824
9262
11704
8135
9432
22821
32104
7545
9023
13572
8705
9025
9029
8146
7623
37921
9741
20717
9041
7426
11931
10890
17920
9174
6958
16718
8643
10920
13153
14465
8263
7058
8711
9148
14039
9194
8008
8530
8599
10998
382
30765
19065
22353
40247
7532
14743
26945
11841
10903
9882
12298
9136
30748
9025
9080
25012
10341
9243
45487
8467
9397
7801
8149
8643
12438
12068
13919
41591
9180
14472
13805
9168
10107
11585
8137
9700
9220
8364
8137
9430
9390
10368
49009
12921
7622
7877
14527
7119
42460
9032
14105
27329
9264
8194
9033
30015
12498
5
100
12742
15403
8143
20244
8098
7235
9304
31041
9025
9080
15403
9048
8146
7623
9172
40766
8117
8505
681
9180
739
7099
22288
16756
22821
6866
13932
9390
8400
7244
9119
680
19376
8690
13529
7478
11987
40334
7692
7119
6958
8042
8101
8187
15474
9239
9843
42460
10137
13932
9390
8400
7244
8711
29846
7512
9717
9882
28881
16066
8705
9182
10393
9016
8
9426
16537
11906
9830
10003
42983
24645
9634
12199
7187
18423
9563
16858
16978
35116
10608
397
10403
411
21591
420
25761
8658
7401
382
9086
9839
11004
9018
23191
10686
11927
10087
28296
9016
30601
11570
9052
9324
8804
6
100
10464
10043
9049
7281
40766
10939
375
8146
8196
9148
9347
376
36500
30899
8135
739
378
7965
6958
7607
7789
739
9021
9659
7652
8159
6919
8084
468
375
5
5
8052
8689
12489
38204
10293
8243
10828
12002
378
8125
7540
27938
7489
7283
18392
7607
7789
15381
13230
7185
16328
9044
8153
36555
33379
24474
9055
7540
13652
9887
9080
9179
9323
25349
22600
37507
19839
11814
9867
11585
9511
37671
7172
7194
36500
744
10309
10202
9223
9050
10234
9304
9033
12224
8327
21870
744
27013
10613
9133
25515
7756
19073
27049
11239
7756
16659
7633
8599
10223
12751
12442
15525
385
4
100
16641
10133
8564
7877
12980
7445
7812
8137
9430
12298
9136
10903
42083
10133
8564
7877
13796
16888
9025
10541
39417
19303
13525
8704
8652
16858
8187
9599
12199
7187
9135
9528
9755
7877
14766
6853
17698
20774
9194
409
411
425
9326
10470
20953
29794
8751
10308
7389
8662
6903
18395
8711
20659
8148
9194
43103
739
7964
8503
42633
13047
14628
9062
8146
38052
37648
387
19293
9030
9882
9032
13931
9209
12610
13919
16532
11217
10997
10034
26463
9939
13914
17941
15879
15370
11228
20922
9548
36645
27675
18090
9038
25421
9025
9029
7335
22418
16858
16537
12665
15250
13753
8263
3
100
12122
9647
15697
8137
9430
13895
34934
9153
30009
7426
9689
11194
7767
10676
9807
8705
9025
9846
32239
9383
9135
13872
8
12199
7187
18423
9563
19367
13386
9605
32984
9026
48973
13363
9172
10608
399
12767
27882
13472
681
19993
26815
18862
13292
10944
13755
28174
7575
8263
8450
11245
12134
7575
8263
8450
11245
9961
9438
18641
8146
7060
43778
9180
11439
9324
7586
10163
9524
7799
8101
6903
9304
9212
8194
10825
9018
9503
8711
9030
15395
20268
9136
9390
8400
7244
9062
6963
7586
9446
9640
680
8052
12491
8143
9055
7423
12446
12651
9114
13420
23555
14051
3
100
47969
37249
15381
13230
6903
9304
9882
9784
12622
7235
10312
9156
8146
7623
37921
14472
15179
9168
10001
12495
11181
10309
8135
46483
9982
43804
389
440
450
13038
457
451
17447
441
16584
43832
9662
12442
9508
8159
14261
11248
9034
10773
391
393
388
13224
16341
29941
400
11995
9560
37271
9511
18769
17262
9025
10960
8
9563
11768
12199
7187
18423
9194
15118
45349
9647
8170
7777
10109
7297
9925
26857
382
9802
9390
17243
14533
11918
7250
9217
10087
15405
6900
7540
9052
20038
6835
7788
12744
23037
6919
34197
7487
8658
10934
6824
8428
384
9030
12803
5
100
9454
8450
9050
30917
11011
9935
12141
9430
41286
9194
10470
11050
12767
9613
9050
30917
382
9044
12193
11918
14465
8146
7623
26857
11865
12199
7187
18423
9168
21760
9790
9390
17243
35492
10223
7540
9062
19431
13202
20038
6963
7586
8263
20038
7597
7824
8033
742
8194
8127
8042
742
8393
7799
8104
9030
9130
8612
8146
13723
14631
7250
9075
10492
14472
10449
9148
10033
9168
17241
6826
9478
9124
9508
26421
387
22301
26857
15836
9882
45046
17068
11348
8711
10800
9717
20659
9489
10209
12134
10026
11011
6903
9304
9961
28174
12090
25093
11328
7235
10488
9156
7335
22418
9456
5
100
16701
9280
8467
31054
10762
9030
9882
30015
12498
37474
46548
7335
22418
14472
15179
9168
9172
8022
8006
50323
8006
681
13572
12298
9044
9220
8364
8137
9430
9390
10368
49009
32746
50323
10546
9053
15417
24767
8146
7623
37921
9479
8467
22623
12120
32746
8448
387
9123
8679
10163
13993
47918
10163
10524
7605
7833
9284
36645
27675
36287
7252
42004
11667
7656
9025
9029
26421
22301
23191
9207
16858
8187
9599
12199
7187
9135
9216
27232
31646
7799
29794
7897
11337
425
451
17447
9815
22497
441
384
10308
21409
13439
10693
9062
43103
16537
9804
9599
9640
680
7877
25306
7897
5
100
14258
6841
12163
20244
8098
7235
9304
20166
9025
9029
8146
7623
37921
14472
15179
9168
40352
9319
8084
18651
44941
21734
9045
49036
9130
38916
10293
11169
11181
11585
8135
46483
9982
43804
389
442
439
9792
9574
444
23616
389
22174
43832
9662
12442
9508
8159
14261
11248
13919
41591
9023
15695
9025
10960
8
12199
7187
18423
9563
37043
16858
7244
32226
12073
8448
8608
7100
8522
31569
35263
18983
8542
9580
7449
9180
9194
10470
11050
9426
14363
7824
7580
9556
12506
12508
8387
8765
13047
10686
9062
8056
16276
49251
8286
7470
15918
22301
47162
10040
9077
7580
9556
9641
7
100
28895
7281
8660
11293
8756
7532
15381
375
8146
8196
37648
11293
8756
7532
15381
36500
7877
25306
8660
11293
8756
10053
9080
25098
20621
33828
375
27013
13425
12224
6903
9304
9070
26603
16195
8705
9025
9341
8084
468
214
9051
378
16941
8660
10365
8756
7532
15381
739
378
7244
26603
10613
739
5
451
10227
10689
440
443
10272
19488
12461
437
48894
10227
27627
8
10070
8135
45887
22600
10584
9724
6947
7480
7670
405
10542
10072
22600
24030
9724
6947
7480
7670
23360
14558
12232
7235
10964
9233
12589
9018
26095
10056
9769
9133
8024
12642
15354
28833
7661
7991
9337
9450
4
100
10756
12610
9684
12313
6903
9304
9279
24322
38424
9512
10756
32929
13299
19031
8711
32256
10148
9048
8146
7623
37921
12199
7187
18423
9563
20056
9426
46843
12092
9767
9569
10807
13363
9194
10470
11050
12767
10313
14520
15656
7889
20953
9609
9347
14465
11270
10101
30601
12370
14608
10063
8263
7825
24824
13052
50233
15410
410
413
457
9291
26366
9207
12397
12634
7235
9882
16254
11821
8149
9031
377
9131
9149
10063
9989
9430
11207
7643
11743
27073
7514
10262
46586
9030
10313
15973
10670
9038
10756
12610
16887
17781
9154
9422
10414
8186
15590
13254
26616
20324
16863
11084
9018
4
100
9046
7607
18236
13461
9030
9882
13796
40506
46548
7335
22418
22301
37921
14472
10449
9168
40352
9319
8084
10665
10293
11169
11570
10808
9592
9172
7208
10720
11594
29918
12767
15381
681
16718
8643
9950
9304
11604
8423
9025
9080
22103
7235
24767
8146
7623
33940
9167
9267
20616
27146
13919
41591
9023
15695
9025
10960
8
9426
24622
10081
6953
9379
9081
17267
16839
31411
10355
380
40172
44977
9062
8704
11554
19138
12199
7187
18032
11746
22519
18108
20759
10081
6953
9379
19153
10366
11391
26203
20853
16839
31411
10355
380
40172
17664
11434
7916
9036
8135
8143
31667
8148
8702
3
100
9824
20531
10107
8066
9279
10453
37005
9207
10488
14465
8146
7623
37921
12199
7187
18423
49253
8711
14472
13834
9168
9356
8799
11097
24733
8056
26829
9194
10470
11050
12767
9613
8398
9953
46981
9033
20531
13047
16727
9882
9580
45705
13230
21695
40506
46548
26421
9456
26829
9741
20717
9041
7426
11931
10890
17920
9174
6958
30507
9422
22821
40247
7532
42526
10293
9119
8054
18333
9672
10260
11570
8168
9094
9548
9757
11344
9109
10986
15128
6903
9526
25523
8196
30055
9030
20099
9127
8031
7847
8421
9701
10007
24401
10001
9156
7335
22418
9586
7372
10920
7489
26945
11841
5
100
12396
11486
9192
7767
17436
9023
9640
383
6963
9034
18638
384
9172
22507
10150
11790
9443
20931
9031
16618
9135
8718
26973
13525
11084
9324
9034
20684
9640
30284
8146
11903
9548
9290
9054
9337
32239
9131
9149
24310
7399
7220
17582
9440
7198
7791
25725
8705
9249
384
9863
10578
9078
13823
6824
9278
9861
8702
15910
7530
9026
13492
9167
9415
10912
9094
7692
10606
10828
9552
9524
14739
25777
45000
14435
7162
30601
26098
35733
13363
10281
28818
36841
8196
9324
7556
7799
9613
8143
35727
8135
9888
8022
9167
45103
16032
26018
32420
27914
9108
42393
20567
8765
6877
6903
3
100
10464
12224
11252
375
8146
8196
9148
739
378
27013
11252
9154
36500
30899
8135
12224
11252
8705
7312
6824
9320
10247
25689
739
378
7804
8429
7660
8579
8022
17930
8073
8006
12002
8084
10431
15275
24854
12720
10030
12224
7235
9443
9183
7055
10296
6866
9561
11848
375
19561
7788
9265
7162
25098
9564
49809
6853
12011
9867
10917
15275
24854
20621
7662
14782
8185
8806
10464
9136
26184
6855
7220
10078
6947
7399
7220
45887
12371
9182
7748
6889
41775
6857
10056
7898
8017
31204
25856
605
605
8
10070
8135
9094
8149
17339
34801
6962
10542
7965
30593
11264
4
100
10328
10313
22893
9478
9276
11604
8423
46548
7335
22418
22301
37921
12199
7187
18423
6903
15179
9164
32584
10293
8704
9172
33625
9374
15402
7055
7144
16718
8643
8148
12446
16715
10488
14465
8146
7060
11570
9052
9324
8806
8194
10967
19062
7669
9110
12623
9018
7056
8033
14103
8263
10333
9524
7799
8747
12477
15251
10110
9899
8168
8739
23947
22293
9030
9188
10970
473
12033
10996
14671
20050
8159
9225
49864
6963
9110
10022
9640
44885
9063
7144
16718
14386
9351
12212
22112
7252
48686
9422
9308
6900
24395
15513
684
9383
13525
11084
22137
8100
8137
9754
11213
27807
27353
4
100
12557
8143
11384
34105
9017
8146
7623
37921
12199
7187
18423
9563
20056
29740
17792
8420
12449
9494
8765
17692
13363
9194
10470
11050
9426
13408
9096
6884
6900
7669
10661
20953
13755
9438
10600
9117
9418
9456
8711
9052
9741
20717
9041
7426
11931
10890
17920
9174
6958
24539
8022
9161
40247
7532
14743
26682
9654
11675
6918
11092
22821
15038
8066
9026
12504
29586
9362
9609
9805
9018
18554
41286
43350
9599
14472
10151
14147
9168
37229
9190
9140
10411
12849
51078
23559
9685
9178
8340
6824
10872
9099
11530
45211
12817
7643
9033
15148
16963
42335
13659
15096
7162
9240
7894
3
100
22821
12384
28293
8148
9172
8563
8690
681
25175
32619
8705
9025
9029
7335
9319
8147
387
9105
8703
9030
9882
14135
12384
11328
7235
41730
10312
9156
8146
7623
37921
14472
15179
9168
22821
11585
8137
9430
9123
8336
25318
32800
8159
14261
11248
13919
41591
9023
15695
9025
10960
8
9426
24622
10081
6953
9379
9081
17267
16839
31411
10355
380
40172
44977
9062
8704
11554
19138
12199
7187
18032
11746
22519
18108
20759
10081
6953
9379
19153
10366
11391
26203
20853
16839
31411
10355
380
40172
17664
11434
7916
9036
8135
8143
31667
9060
9033
12804
10183
9331
16194
40982
4
100
9293
10259
20666
21422
7235
20091
9017
8146
7399
12519
10869
20666
21422
10161
21666
9172
8022
7877
7748
7965
13439
30547
8428
9062
680
8022
7877
7748
7965
15714
12412
12199
7187
9135
10081
9479
12937
8609
14860
8135
10164
12579
9085
9869
7489
8104
11177
9048
9489
9034
19063
9239
17742
10728
9246
43494
41910
27035
9017
26421
387
9456
8711
9359
12248
39344
10622
10462
13413
9029
8263
7058
10047
9036
9271
6826
38576
7748
19252
9759
14860
8143
10005
12336
32386
42372
18410
11084
20038
7692
7984
7702
18398
8031
8191
18686
8117
9139
20038
43896
7655
18960
393
8117
8
100
9538
7374
7182
739
8545
7608
31898
6958
9030
9882
11912
13230
12090
9430
9647
7586
9134
24494
28458
14079
13368
13889
31909
12168
14422
24767
7335
22418
22301
37921
12199
7187
18423
6903
15179
9164
32584
10293
8704
9172
10539
14434
8143
10014
681
16718
43993
28814
9172
45721
20893
10026
15474
9304
10488
14465
8146
7623
11570
9052
9390
9085
9869
8030
10378
11181
8711
9647
12398
22159
9684
7884
10100
17980
10380
22175
24086
16711
11446
12826
9422
35533
47414
11630
9104
9029
26421
387
9456
26829
9741
20717
9041
7426
11931
10890
17920
9174
6958
9140
40247
7532
9553
13941
9021
10407
22821
9086
4
100
12501
9520
17339
46027
375
8146
8196
9148
9094
8149
9168
739
378
7965
6958
6900
7444
7261
7407
6962
14017
8052
7801
12002
378
19195
12438
10952
5
739
9585
30899
8135
18392
6900
7444
7261
7407
16535
17077
6889
12583
8006
12002
8013
16686
9050
7703
8066
9779
46027
9038
9142
7810
8084
468
375
8185
7235
37472
7380
9304
46027
9448
9265
8806
10287
17415
29205
15730
8711
8702
7816
14782
6947
7399
7220
10070
8135
12371
9267
19647
10185
10262
11968
7489
9539
12821
26992
8146
9063
7208
7372
6919
8084
36500
19561
7788
45887
42126
6866
9554
10607
10852
5
100
12396
11486
45045
12079
10148
7235
13797
9019
19303
13525
8146
7060
11570
9052
9324
9613
7470
10392
9162
10360
10867
9524
14739
9066
10825
9018
7056
8033
9034
9390
10461
9055
8135
8746
15672
10633
9040
8367
7383
15675
9030
9188
9142
15098
13659
13872
8
9282
7139
7478
11990
9094
7109
10047
9472
11919
9067
8361
9742
33150
13562
10090
25037
10822
8511
7426
9463
7769
11674
12792
11429
8143
9172
8422
32943
5522
7597
6949
8746
384
6886
681
8148
9071
7648
7847
42012
10201
30601
35733
13363
10281
8243
8265
8033
7789
22930
14063
20567
8765
24658
20759
50345
16863
7788
4
100
20237
7844
10259
19534
7892
9444
8135
10769
10280
19534
18902
13216
26347
10135
7235
10061
9885
9029
8146
7399
18307
10869
9359
14346
44561
16081
9080
9257
26421
387
14411
12684
6903
37648
8143
12200
9021
10407
12846
42609
10903
13711
15840
9418
9447
22821
9071
15890
9249
9450
8150
9368
22600
11999
12976
9134
19519
14908
7335
22418
15631
10022
15620
13216
28828
14585
11039
9882
9553
44631
15662
33648
12990
9341
9366
14786
25579
9029
10828
21638
12846
9023
39735
10741
10251
11532
13769
9025
10541
9498
9031
9585
13143
8022
9167
11970
11898
9638
45406
387
14411
9172
8347
28833
4
100
9454
8450
13088
12035
7235
9029
8146
7399
13088
9177
9517
9172
7513
8137
9025
9080
681
22305
11686
10165
9376
7884
10022
9351
16233
48093
9795
10982
15349
7889
7756
11356
35838
9362
17727
12443
10115
31717
17764
9033
10599
15177
6947
7406
8263
13616
12204
23479
13192
8705
9025
10960
8
12199
7187
18423
9563
19367
13386
9605
32984
9026
48973
13363
9194
10470
11050
12767
11048
13472
382
19993
26815
10317
14853
10283
9524
8739
8194
10896
9134
21836
7597
30785
10063
8056
8711
9609
18442
10600
9280
9552
15940
9038
12634
9267
9366
17023
13499
50375
9077
10912
16863
27914
3
100
37648
12224
7851
7235
9304
20659
8148
9016
8
9426
14450
46715
12199
7187
18423
9563
20056
36243
12039
26175
17692
13363
9194
10470
10559
12767
12079
32944
10921
50283
11196
388
412
36505
384
20953
10040
12743
14326
11194
37790
13098
13230
10100
10001
11927
10087
15405
8146
7623
37406
11149
11290
25854
6842
6903
9544
9950
11684
11975
36765
9181
22086
31342
22011
9280
22328
9622
8406
9217
35710
9034
9062
26421
387
22301
37406
8765
9052
16743
9628
13140
10398
9055
6905
9729
9804
8159
9225
28952
13659
8711
20503
38261
39802
11247
13191
11969
45240
25079
7335
22418
9456
4
100
10328
16069
8143
16302
9140
16302
37005
9207
10488
14465
8146
7060
11570
9052
9524
7799
8771
13899
7888
10110
9324
6905
8042
13936
10003
10238
14339
8137
9139
9018
8399
8806
26627
6919
8367
8168
9030
9279
10970
10996
10533
387
10364
9225
49864
7597
38384
10063
12380
9136
10887
8022
9167
15112
8066
11042
11004
9882
13230
12090
9430
16311
12112
39351
10252
15192
20545
27359
6828
9025
9080
16879
9069
6962
9032
9913
19303
13525
8704
8652
12199
7187
18423
13899
9023
13363
9194
10470
11050
15223
11277
33838
382
9180
11181
8159
9034
9894
10887
8398
11068
36349
39802
11247
5
100
13919
9114
27680
38522
8756
12980
7445
7812
8137
24767
8146
7623
22200
7470
9430
16858
8187
9599
9114
27680
9831
35646
24088
8022
9167
9882
13796
40506
9025
10541
33757
43103
16537
9804
9599
24310
11097
10040
10046
9177
11290
12137
12028
6903
9304
14509
9807
10308
7389
8662
13254
9140
10001
9153
30009
9276
11420
33253
26435
28347
27359
8073
26973
13525
8704
8652
16858
8187
10155
20026
9752
37655
7162
12199
7187
9135
9172
34619
9752
37655
45320
7281
739
11578
8614
12092
13439
10210
9770
13872
8
9426
11325
8756
14315
10003
420
39405
9634
9456
8711
9148
9966
14417
10258
4
100
13417
18476
37231
16195
7627
375
8146
7623
9052
739
378
7965
8599
8507
7383
7889
739
9021
17577
7964
36500
8084
6853
387
9050
30917
9136
9939
9855
37231
8507
7383
10820
375
8704
8194
8618
37231
35907
9562
13572
8705
9025
9341
12002
8185
22633
22301
8236
9319
8084
10665
12423
8718
8006
12002
37767
10070
8135
45887
22600
9050
8608
24148
11772
16195
9038
13358
10247
12583
9668
13704
387
468
214
9051
6947
7399
7220
9265
7162
9018
18554
9609
11867
9357
9131
7788
9705
9585
19561
7235
12371
21437
9867
20288
7489
9676
13243
7192
7172
7194
376
608
5
100
9689
30478
12438
8149
12035
7235
15225
7335
22418
30478
39310
7485
8137
9207
30478
12921
12191
16278
9033
9280
9341
9278
9650
9362
9745
9079
43091
15918
24743
27400
7470
45415
9257
8146
7397
8704
12650
10407
387
14411
9882
49954
15997
44188
8711
10998
11401
11814
8143
41142
25754
24224
10960
8
9426
14450
46715
12199
7187
18423
9563
20056
36243
12039
26175
17692
13363
9194
10470
10559
12767
12079
32944
10921
50283
11196
388
412
36505
384
20953
10040
12743
14326
11194
14453
8765
8148
9194
417
41141
9791
16649
24161
9595
399
12141
10686
11927
10087
15405
8056
16276
49251
8286
4
100
9293
10259
10584
40669
8137
9430
13895
25713
11420
9879
14465
8146
7623
11267
12199
7187
18423
37270
8704
10584
9194
8711
8186
14986
42452
9048
8263
7058
8711
10449
9148
9456
10093
9168
9246
40982
9226
9390
9130
14814
18968
8137
13516
9512
9192
9743
37257
382
8006
7262
8143
12164
15232
9034
8160
9023
9580
9025
28482
9689
46354
9110
12504
39802
14215
9017
26421
387
22301
46288
9278
14346
15116
7162
15333
11439
9224
14406
7416
389
9018
18554
20659
8148
9194
8030
7890
7177
15232
9093
10815
10265
9445
9160
10393
49292
8705
11086
26270
37507
19839
14931
9062
7335
3
100
16152
10082
12079
8135
10769
10280
10082
16069
8143
25366
8137
9430
9689
13368
11799
9706
9033
25012
10341
21717
8146
7623
12079
9023
9278
9650
9362
9022
11009
20395
36828
9394
14979
17450
9043
21154
8
12199
7187
18423
9563
19367
13386
9605
32984
9026
48973
13363
9172
10608
399
12767
27882
13472
681
19993
26815
18862
13292
7767
11124
16351
41286
12134
7575
8263
8450
50575
7799
39541
15316
14472
10151
16989
9148
16852
9168
10655
7426
37231
12092
9081
6835
8750
22660
9114
10302
680
7536
7799
39541
12480
9426
22124
9331
14174
9390
9191
8765
11204
7252
13537
10040
3
100
10464
18101
25156
8146
13214
9532
34243
21898
8135
18101
7756
9717
18607
37932
10028
9448
11132
9939
9855
9242
9379
20659
9489
14743
23029
9654
23128
8022
23598
9036
47340
9640
8084
9620
18767
8155
10247
11181
13454
10586
12943
9630
8017
15910
7530
22137
7399
25012
10870
9414
10030
9677
6872
26973
13525
8704
8652
9172
7818
8688
18101
21898
14026
14446
15482
13676
9137
12112
10161
9377
47354
10040
12743
14326
15259
7426
9456
8711
9052
9390
9130
8765
10686
7253
9182
10393
9016
8
9563
11768
12199
7187
18423
9194
15118
45349
9647
8170
7777
10109
7297
26857
9935
5
100
13914
22429
9769
14288
13641
10504
17673
9154
9207
44034
8335
13939
8014
10913
13758
10733
9409
10984
9146
9217
11718
8146
7399
9249
8024
9214
12952
9518
9267
9366
13641
10787
10956
6889
10078
7335
387
15658
38707
9292
12336
15411
8149
9025
9080
11841
11028
13627
25656
36684
9266
11848
26764
12100
12367
28207
6958
11357
23437
9339
9068
50017
38455
11213
11820
9033
9199
27786
41579
21306
39598
12228
12329
7055
22429
9915
11931
23844
16542
17262
9025
11188
9355
9447
41248
12209
10161
8143
9177
33004
11387
407
22985
739
32895
457
22178
9792
26907
11517
389
8
12199
7187
9135
5
100
12396
8066
9304
9033
32104
8137
20540
7530
29080
15148
11219
6962
24709
24773
13153
14465
8146
7623
37921
14472
15179
9168
10141
9628
24584
14055
32800
7432
7220
32947
8191
9269
17613
34906
14002
15370
8543
21057
14002
12094
13793
9880
9536
7187
10087
6903
16989
9148
14147
22009
10384
8066
28643
7397
9397
7162
9239
9673
26098
9501
49036
387
9084
12407
32947
13793
16852
21734
9045
49036
10293
9119
15326
8429
9952
9018
17742
739
7432
7220
21249
12298
9044
9220
8364
8137
9430
9390
10368
49009
12921
7622
7877
14527
7119
42460
11704
9742
9264
8194
8705
9182
10393
9016
8
3
100
40684
29930
10107
8066
9464
387
10063
8263
7058
8711
9148
10822
17741
9925
377
9131
9149
29843
7623
26930
12199
7187
9135
9490
9246
9085
9869
27663
10311
20702
16863
8146
9804
9599
9250
10063
9935
10616
7162
11059
14656
9955
31716
12634
7235
9716
43566
50375
16773
9505
10828
14063
10384
6855
14690
12199
10042
7492
9528
6886
11881
8637
7281
9739
9390
37798
396
9869
27663
45328
11290
14012
28191
25598
11440
9033
9280
21768
15326
15151
22767
9018
18554
46357
11969
6953
14200
9456
9081
30883
9094
7109
9168
47184
9115
13012
7253
18194
9383
25079
7335
22301
21835
5
100
29306
8608
17707
31898
6958
16718
8643
8148
12178
10293
9119
18563
31898
6958
16718
14386
14472
10449
9168
40352
12042
8149
26098
9501
49036
42411
9592
17707
31898
9368
16727
9036
9882
15591
37474
46548
8340
6824
11585
8135
46483
9982
43804
389
448
22721
452
20449
461
9549
444
36505
43832
9662
12442
9508
8159
14261
11248
13919
41591
9023
15695
9025
10960
8
12199
7187
18423
9563
37043
16858
7244
32226
12073
8448
8608
7100
8522
31569
35263
18983
8542
9580
7449
9180
9194
10470
11050
9426
14363
7824
7580
9556
12506
12508
8387
8765
13047
10686
9062
8146
7060
11570
9052
3
100
10195
11639
9945
9140
9945
11967
8146
13254
7249
9029
7335
22418
9018
34971
9188
10970
7644
11639
10083
20859
10619
10001
9918
15219
18564
6903
10741
10251
11532
9874
16682
15016
8705
9025
9080
9199
13366
26421
387
9643
13133
8066
9027
8159
16754
11599
31047
50441
9225
23411
9882
9966
9261
9036
13145
25421
9025
9341
22381
10387
9288
9620
15225
8704
8652
9815
417
12513
8471
8135
12199
10042
9194
425
451
17447
9752
424
419
382
13796
44188
8711
12298
9136
10903
42083
16888
7847
10517
9676
10960
8
9426
16537
11906
9830
10003
42983
24645
9634
10040
11765
3
100
15658
36877
9922
10083
9030
10997
8022
9167
18370
14390
8137
38018
8146
7623
14390
8135
12199
7187
18423
6903
9018
7187
10087
38962
6826
10293
7250
9196
9741
20717
9041
13941
48123
9207
40247
7532
14743
9874
14465
25857
9802
20038
7607
8031
7847
8421
9121
8336
8091
20038
7827
7824
7236
8196
30055
9140
10195
22203
21153
9209
12104
45977
9276
27700
9115
15695
10148
9048
26421
387
9127
8031
9025
34269
22033
9328
10091
9249
48859
14904
8066
9629
8359
16653
19322
18660
8705
9182
10393
9016
8
9563
11768
14472
15179
21734
9045
49036
9143
7888
11816
7671
21273
6
100
9456
7281
29448
10607
8552
12592
8137
9430
13895
16061
6953
9034
11658
21164
8705
18194
9383
16863
8146
7623
37921
12199
7187
18423
9563
20056
9167
24524
9569
13433
20774
9172
33625
9392
9555
6886
44090
8148
22244
9604
9174
13079
9017
9913
9694
7162
22301
23191
19393
9456
8711
10046
9224
9308
6900
8724
11101
15205
10601
13309
9463
26421
387
13620
10890
14088
9054
9154
9207
9882
15591
10488
9307
9558
11693
9074
7777
16150
7235
10416
10682
10148
9048
7514
32587
9167
9694
6824
21073
9033
9172
11183
9971
14649
10026
13755
35608
26857
8187
14026
11580
10686
9405
9029
8056
26829
5
100
9138
7415
21699
11342
9945
9140
10146
8022
9378
10177
383
8649
8608
7870
7627
384
9747
9021
10407
9138
7415
45731
42704
15127
9773
10061
9035
7599
7415
6877
8143
11342
8135
10769
22203
387
9300
10789
23695
9030
9548
16136
9086
8066
16128
10799
23479
11254
9272
12912
7126
21666
6824
26543
9080
9257
8146
7397
8704
36770
9082
7498
8405
739
7432
7220
7487
11943
14472
15179
9168
9172
29439
34701
20833
50257
13439
12743
49689
23030
36287
10824
12356
16863
7335
22418
9018
7187
9036
9271
6826
16576
9123
8336
25318
10368
49009
12912
8398
25669
7763
8137
9264
8194
9033
5
100
12203
9238
9836
21174
22828
9017
8146
7623
12079
8135
12199
7187
18423
9563
19367
12451
7244
48908
8263
16841
9094
9172
15118
7859
681
20456
7556
15133
10293
14465
680
15118
7859
12178
35853
10492
12671
17217
12935
9304
9882
13230
15591
48487
26421
387
22301
37921
9741
20717
9041
7426
11931
10890
17920
9174
6958
24539
8022
9161
40247
7532
14743
28814
11841
9366
14786
18992
20496
8168
14584
9052
9109
10986
7470
15128
8704
9395
25098
49809
9030
9586
7372
10920
7489
26945
11570
9505
8340
6824
10872
9640
8467
20717
9041
9355
21466
15148
39005
12158
10917
35723
16069
9304
8705
3
100
21308
9945
9597
9276
11725
9119
7335
22418
9172
40865
6903
10161
8143
11486
17305
13439
16727
14564
10083
9153
30009
8022
9167
11532
24767
8146
7623
20005
8135
14472
10449
14147
21734
9045
49036
9130
38916
9563
37043
16858
7244
32226
12073
8448
8608
7100
8522
31569
35263
14835
47937
7877
7449
9023
32800
8340
6824
11540
28738
9594
11181
10309
8135
46483
9982
43804
389
440
16043
9778
9776
12779
441
27797
9485
389
22174
43832
9291
9430
9337
9025
10960
8
9426
14450
46715
12199
7187
18423
9360
15019
9023
13363
9194
10470
11050
18704
11194
23631
8187
15252
23598
4
100
32336
11486
38424
10416
8066
9279
10453
37005
9207
10805
26616
12733
7530
10063
7981
9021
9882
9308
6900
8724
11101
13214
12312
6872
26973
9135
13872
8
9563
11380
8263
6858
12139
393
10101
10070
383
12535
31547
26098
9303
7888
32030
9148
9324
9034
9214
10100
29018
8159
35952
27715
8711
10580
9038
10590
6963
9034
26284
45240
12199
7187
18423
6903
9018
7187
10087
23576
8022
23559
8704
9200
38962
12957
9427
21996
10648
9668
10078
28397
8135
9324
9034
9214
10211
9524
8033
8335
9298
6908
25852
9255
10092
9454
7692
31924
8137
12487
7235
13160
8148
44883
21213
11022
4
100
10464
10043
35723
17305
9023
9278
9650
9362
29858
13489
17450
9257
8146
7397
8704
17305
9180
28328
15605
9199
39265
14023
10507
9685
9178
26042
11695
10556
7825
9052
9863
18443
9359
20289
12950
35453
9178
6947
7406
8263
13616
47356
13756
8705
9025
9909
7198
9823
49236
18381
10520
15772
11132
9676
22386
11271
11487
10993
25287
27515
12399
9290
42717
8756
9119
7335
46941
9745
14805
9135
9154
10993
14110
11630
8711
18978
10599
15177
24850
23885
23100
30133
11823
10212
11488
9306
13679
9666
7991
9337
14345
9029
47898
12904
25799
9328
9944
13598
26099
9301
14404
375
26042
13065
5
100
10195
13299
9422
11384
11741
6903
9304
9279
24322
38424
8705
9025
9080
25037
31279
9038
9019
19303
13525
8704
8652
9018
18554
41286
9194
10470
10802
12767
9613
7689
9936
11573
15232
21666
10727
9037
24516
19416
16700
7235
24740
9207
41226
10046
9134
15932
9033
9074
11692
8
12199
7187
18423
9563
37043
16858
7244
32226
12073
8448
8608
7100
8522
31569
389
9036
49286
18146
9454
7692
9023
47591
9301
8092
7182
11275
38652
7691
8022
9816
9306
9112
9377
15003
9640
18043
11720
8133
7372
37666
12867
10606
7062
10295
18314
19962
30431
17420
10305
9413
10045
45380
21581
40856
9999
