4
100
17339
21071
9347
9154
10993
14110
11630
8711
7258
7532
14441
7965
8425
7889
9908
17339
6903
17969
9021
38409
7788
9178
39514
8135
14821
9036
23036
9784
9075
9240
17302
9138
8337
387
9394
15872
9226
10820
16766
8191
7894
10785
9052
33101
9133
32030
9465
30172
36308
8146
7312
7162
11488
33102
19271
9200
9376
10617
10124
7991
9178
6947
7399
9536
9427
10138
30315
9625
10905
16353
27436
11487
10206
8164
8137
9042
8263
9801
9449
45178
31062
23943
9025
9909
7847
10571
25741
9362
26070
7556
25003
8262
9185
11432
8216
8243
9030
9327
37195
16402
8143
9660
25433
9974
5
100
9450
11088
9480
20244
8098
7235
9304
20166
9025
9029
8146
7623
10647
7162
9194
8347
26347
20244
8098
12141
16727
9036
9882
13230
6903
9494
11328
9021
9389
14465
14453
9052
9450
11088
9480
28881
9103
7049
8705
9025
9080
11153
8148
9194
8347
7607
17196
19534
8563
7428
25843
9233
8429
8643
9225
10488
7249
9029
7335
8704
39735
10741
10251
31412
11204
387
39848
9030
35533
20738
8719
18649
24733
26421
22301
10647
9180
13216
36766
9277
9553
6918
10946
26655
37484
9207
12846
9023
9939
9855
50490
41730
18567
9033
15631
26026
8187
9140
19534
8563
7428
13065
10001
9156
13143
5
100
25768
9304
9277
17969
33101
10135
7235
10488
9156
8146
7623
37921
9194
10470
11050
31651
46740
17901
10363
6841
8393
7470
9422
9888
8186
9923
9771
17930
12123
16727
24733
12905
6903
9304
9033
9882
9553
30596
9430
14604
8143
14871
11721
9038
13660
13310
18735
10695
9154
9207
13153
14465
20496
9180
49253
7889
20451
19011
387
19529
15152
9030
35533
27087
51125
7335
8704
11570
8168
9094
32776
7556
15133
19864
9086
8765
13595
9623
7488
10628
32800
8657
7488
11187
21734
9247
7888
11816
7671
18712
7965
8599
30811
21734
9253
18086
18712
29704
39382
10434
10840
7426
25200
11084
9623
4
100
12396
11486
10584
20503
8137
9207
9563
26074
9628
22237
10230
32343
10584
20503
8022
24693
8146
7060
21734
9045
49036
9143
7888
11816
7671
12109
15852
7071
9843
29558
26095
37252
9062
14558
9194
8422
6919
17730
20301
7596
8519
382
9030
16756
24030
10769
9194
16941
8008
7503
12187
34368
7208
15800
37270
8704
12199
8711
10033
15664
8149
9148
9456
10093
392
8149
9168
18968
9261
27070
15118
8143
9036
13226
7788
8191
9180
30601
26098
9292
49036
39548
9592
10584
6905
9241
14750
13346
9033
11159
9675
9304
26095
16195
9038
9416
7335
9306
13226
7788
13793
9239
10135
7198
5
100
9046
7492
19163
12079
10148
7235
11205
7532
9677
6872
10010
37770
9168
15369
426
420
9524
18183
21154
8
12199
8711
10033
13805
9148
9456
10093
10087
10113
14114
15351
8135
9432
9191
6855
9805
9018
9513
9085
29406
10311
9143
11386
10576
38167
9660
8718
9314
17756
13447
9080
9243
14759
8263
7058
8711
10449
16771
21734
9130
7888
32030
6995
20057
31114
9112
35583
8306
9303
9565
12054
10311
10621
391
8143
9120
16659
25947
8146
7623
9027
14900
9166
7979
9272
24432
9023
21393
9246
10759
15042
10489
14333
13841
9246
10005
35357
10248
14465
22620
8367
9804
9599
10063
10616
4
100
17707
31898
9480
11000
7235
9580
9025
9029
8146
7623
37921
12199
8711
9148
10822
17741
9172
10470
10802
12767
14671
20050
13472
681
11124
8159
9140
13755
12262
20050
9589
11684
10293
14465
8056
26829
9390
9130
11687
10219
10141
24121
14631
7252
14671
7660
19644
11098
10464
9030
31308
10378
27379
8340
6824
10872
30601
11570
9023
16930
10026
9044
18315
9077
6830
9276
16637
20002
9693
37252
9062
7335
8704
11181
10626
9939
9855
9882
9784
12622
9110
8539
9180
9279
9094
22112
29955
9134
17896
9586
9507
9034
8705
46548
26421
22301
33940
20316
9036
11159
8135
9640
8656
7824
5
100
9242
9379
11693
21308
18614
9325
13229
9508
7335
8704
15386
409
6824
12923
9228
18651
42600
17764
9511
14458
7416
9264
17862
12972
12364
8146
8078
9325
21308
7470
18614
9033
9280
10586
49427
9301
9775
9407
8513
387
12032
15438
20237
9276
13815
9119
50756
8022
9027
8376
9080
10384
15193
7162
9447
43213
17053
9167
16210
14908
11686
9424
9376
7884
6905
9355
9346
18279
10061
7532
12204
26291
18328
6866
10973
9796
9927
11342
9168
9098
13504
9934
9868
19430
9021
20160
23006
7788
21277
39344
25235
9304
39306
13579
9430
23479
42226
9446
9199
14441
26421
9912
9133
13417
7407
4
100
39982
9421
9480
30653
8148
9172
8422
11270
9090
681
16701
8078
20459
10695
8711
43752
12130
31041
9025
10517
9463
7335
8704
13466
9094
29306
29193
24891
7586
9261
9422
9882
14112
18321
9484
8406
9017
18081
25029
14175
22096
44041
15551
10533
12548
30811
12846
387
9836
13143
9030
10251
9684
12282
18879
10488
7249
9029
26421
9163
9272
12311
19264
468
39521
10281
11856
24676
15708
12490
21619
16349
19852
11371
395
35550
9390
9191
10521
29402
24766
12358
9654
8146
9044
9544
7671
8000
9169
11652
9130
13759
6824
12245
9759
10474
7561
7395
9513
9246
12174
12336
16205
50295
5
100
13914
11252
45893
739
8613
8137
9666
7281
7483
9361
7514
8185
11252
8194
7237
739
8613
8135
11252
45893
8022
13229
9934
13088
9261
11725
11387
26421
387
14821
8146
9443
9183
11902
9249
20111
23491
9564
29564
9944
9199
27786
7605
8143
15679
9146
10846
11968
7489
9267
9784
6866
11903
15525
7335
22418
33101
9133
15758
16285
10021
14485
17003
9025
9080
10599
35865
7889
7756
10751
15758
37564
9427
34152
17930
7991
9277
9515
6853
7426
11807
10590
23006
7788
33102
19271
12834
11488
9138
8337
9185
9226
9562
11630
8711
18978
9199
9677
16691
8
12199
7187
15179
9148
14039
5
100
10195
9912
9930
8610
18205
387
9912
7395
9974
9030
9882
11342
10083
11683
11725
9119
7335
8704
9172
20550
9038
29918
13997
9422
9684
7884
6905
681
9180
22159
9376
10385
18205
9207
9929
12443
10115
17764
9033
9199
9861
10726
28816
26421
387
39306
25235
9304
13579
9430
12350
12090
18028
9277
10599
15177
8146
7397
8704
12519
43213
8599
10161
19245
13815
9033
10529
14710
10021
22646
6945
9048
37169
27645
9346
7071
31272
44752
15231
8711
46122
6830
11356
26006
10254
9178
8393
7824
10087
26247
9510
16364
21288
9511
14441
7182
11084
12498
9337
9068
9278
9650
9362
15967
38594
3
100
37979
21290
17676
9140
9022
16711
11446
9307
9558
9430
15223
9136
9745
20545
10345
6828
9025
10517
26006
9199
11447
9048
8146
7623
16718
14386
14472
10151
9168
40352
9319
25483
21734
9045
49036
9130
38916
10293
11169
11181
11540
28738
9016
8
9563
11768
12199
8711
10033
392
8149
9148
9456
10093
15664
8149
9168
26074
28147
31957
7644
15848
8769
10007
36933
21469
9759
30152
7119
7791
9044
9757
7789
7621
11001
14442
20402
9278
10017
43294
21728
6919
9342
12999
19862
9217
16989
16863
7235
7660
11519
9759
9153
11642
16137
8022
12122
17625
11933
15409
9757
11344
13221
3
100
9689
10239
34949
382
15591
10001
9119
7335
8704
9194
10470
11050
8703
19063
10655
7847
8703
15388
13124
12618
43419
10978
11328
12141
9430
9025
8726
12052
14109
11957
11548
20963
9030
12803
13157
7644
12384
20883
15072
12368
10148
9048
8146
7623
35942
14472
10449
9168
10293
12495
9494
10101
9456
8711
9148
39139
9434
9168
11580
9085
9869
7489
8104
7958
9390
9130
8007
9771
11011
8705
46548
9756
7669
9804
9599
10063
8056
26829
10141
32733
12035
9023
9747
9262
11841
9188
44027
11533
21657
8745
9026
8153
27397
8137
40506
18194
377
9131
9149
29843
7623
47414
9025
5
100
9961
10840
8066
9022
9533
8143
9795
10600
9961
19245
11477
9855
30247
9017
8146
7623
11204
8135
9172
10470
11050
31651
40242
17901
681
9086
18380
32750
13363
9016
8
12199
8711
10033
13805
9148
9456
10093
10087
10113
14114
10971
7756
17469
11931
11317
9599
9432
9130
11095
30112
14465
9489
9034
19063
9239
44020
9085
7536
9518
23157
28311
9257
14362
18756
9640
8263
7058
8711
10449
23091
10502
16989
9168
11558
10971
27011
11369
8159
11688
9390
9143
12998
393
6855
9805
9018
9044
9273
16537
9064
16257
10373
399
19372
12266
380
9500
9278
19035
26973
16863
11084
34197
8139
6
100
12224
10730
8137
11693
31656
15381
9030
9882
13230
15591
10001
9119
7335
8704
14472
10111
9168
40352
9319
25483
9052
9172
10470
11050
31651
46740
17901
10363
6841
8393
7470
9422
9553
19011
12178
10686
8711
14604
8143
14871
25993
25226
9439
41251
46548
8146
7623
37921
9195
18226
40242
17901
34199
50429
9207
10488
14465
8656
8344
6921
9804
9599
22137
18554
30175
9553
30596
9430
9366
17073
9136
31651
8022
9167
11042
11004
9181
7356
9124
20540
6962
47002
26973
9135
13872
8
9563
11380
8263
6858
12139
392
10079
12691
16293
19317
7789
9667
30601
26098
9292
7888
11816
7671
6995
9148
5
100
9279
9308
9529
9631
44039
8137
12818
7530
16930
12090
9676
9019
19303
13525
8704
8652
30601
11570
9052
9324
8806
8194
10967
19062
7669
9110
12623
9524
7799
8747
13936
10003
7769
11674
12792
11429
9139
9212
8042
7982
9426
19069
12033
26368
27098
9018
8746
7848
10141
42096
23792
20353
19567
10210
14435
9225
13659
13872
8
9563
11380
8263
6858
12139
392
10079
12691
16293
19317
7789
9667
12199
8711
10449
9148
9456
10093
9168
16858
15927
14265
18087
7892
21553
12693
16242
15436
8051
9121
8187
7892
384
11180
9235
30911
14600
9883
27715
10580
11927
16989
16863
28397
8135
14786
5
100
29060
6903
10195
39310
9642
7235
9826
8711
29060
8022
16210
9366
10967
9261
9422
10607
8552
9048
8146
7623
40648
8135
9172
8626
7812
8143
19033
15208
12823
32281
38986
8472
9799
9613
10395
8148
9172
419
418
408
681
24102
8066
739
7399
16723
9023
25713
10600
9882
27400
7470
20659
9466
10960
8
9426
14450
46715
12199
7187
15179
9148
13805
9168
9522
17852
383
1409
997
9662
13363
9194
10470
10802
35021
9767
11194
32944
8765
15252
11181
387
9390
9085
9869
7489
20552
14326
16103
7892
10331
25739
9217
10087
15405
7767
23941
37406
11149
9457
12743
10311
12079
473
5
100
10428
12191
31406
10464
16757
387
10464
9063
9136
9030
9882
11101
9337
9025
10517
9463
7335
8704
14175
7060
9052
25768
9304
9033
15148
9430
21207
28458
14079
30675
9069
7769
6962
9025
9080
10135
7235
10488
14465
8146
7623
37921
14472
10126
13042
9148
17347
9168
14147
6826
9563
9296
8756
14608
10686
9156
20496
10950
9592
11570
8168
9094
9064
7877
9180
9194
19062
10270
16718
8688
12187
9194
19062
12224
11197
8548
9581
382
9284
47414
32800
26421
22301
33940
21942
9548
11181
15096
7162
42454
11003
10676
9264
8194
9119
8340
6824
10309
8135
15852
46483
9982
43804
389
20549
6
100
22159
9376
12543
9422
13676
7627
9030
9882
11532
24767
7335
8704
9172
10470
11050
12767
13600
10238
14026
10040
19760
9117
11084
8066
10998
9589
11684
9351
9824
13607
6903
13755
9281
15371
9693
20659
9489
37476
9456
26829
9390
37372
32011
11181
8711
16131
12743
24766
32800
8146
7623
37406
11149
12199
16846
9604
9174
33230
49673
42526
16743
9117
11084
9140
20503
6842
9717
9351
9824
7889
10812
16575
23600
40492
10216
9181
7481
9025
9080
10586
25012
10341
9243
45487
26421
22301
37921
9426
7126
15371
13607
33367
35576
439
426
384
21073
387
13612
426
6824
39931
11570
9354
11290
12096
4
100
41144
38892
17058
10135
7235
10061
9035
8146
7399
9513
12199
8711
10033
9528
15883
8236
17605
8519
47829
8429
9023
13363
9172
10470
11603
9457
13335
24377
10661
23620
10313
14417
12033
9177
23483
28421
8220
10146
8022
9167
9767
13989
11042
20173
9062
11270
9648
11429
8135
9640
8263
7058
8711
10449
17913
21553
11920
43061
32608
12777
408
410
384
33985
9752
409
419
422
6824
23483
47888
25050
16676
7244
13624
9159
11484
8137
9207
10805
13309
15070
8718
15910
7530
22137
9239
19609
43564
36184
9154
11357
19803
20587
9806
8702
26973
21480
12407
13335
24377
29866
11580
10111
4
100
19534
18995
10259
20757
9185
11204
387
10584
20503
9030
9882
11101
9430
9745
16203
17722
15148
16963
7335
8704
11181
10872
11132
15605
20535
10854
13045
13797
12313
8711
19930
11921
10925
9124
9508
26421
22301
37921
12199
16846
9604
9456
12704
9172
10470
10802
12767
15223
9553
33838
681
10686
9683
41286
12094
9023
19864
11841
9366
15223
9136
30748
9243
45487
8146
7623
11570
9052
10141
9044
37524
12380
9140
35912
44060
11201
8765
13034
9675
9304
9033
29532
8469
7788
15722
9279
9094
32320
11359
10364
10985
12900
28368
19011
9225
11630
7249
9029
8340
6824
11585
8135
14472
15815
4
100
12846
9127
10640
30653
7235
9029
7335
8704
12423
6842
9717
9882
9580
45705
24177
21695
10312
9307
9279
28937
9675
9304
9033
9553
19011
6903
13230
23610
8137
9430
10533
20815
8143
26655
10488
8705
10148
9048
8146
7623
37921
14472
10111
9168
40352
9319
25483
21734
9045
49036
9130
38916
10293
11169
11181
11540
28738
9016
8
9563
11768
12199
8711
10033
13805
9148
9456
10093
10087
21273
9172
15118
7888
9647
8170
7777
20866
10808
15208
19658
9390
7416
12876
9038
10566
16989
16863
10539
8170
15296
14009
8704
11776
24548
9409
9925
9048
8263
7058
8711
10449
16771
15852
29718
4
100
9293
10259
42568
16195
7235
15225
7335
8704
9172
8022
8006
8622
9726
12480
37648
8137
9430
10584
7055
13122
387
9961
9030
9882
44631
24177
9025
9080
10395
9048
8146
38052
20743
7385
26014
447
388
412
39410
11262
11011
8711
31395
8615
12703
429
447
388
412
39410
12615
13563
12684
6903
19293
7470
10408
16888
9788
9029
26421
9018
16234
9278
9458
14225
10021
22483
15440
9819
9021
28372
9023
17068
16195
8705
9249
22932
9896
10433
35416
26313
19778
9262
9257
7556
7791
28687
7104
8135
10769
20078
8066
44330
13981
9025
9341
12668
13400
7788
7283
42083
28853
24177
5
100
20237
9036
10623
10043
31938
7426
10490
20166
9025
9080
11153
9048
8146
6899
8135
9172
37184
9036
10623
8143
31938
13439
16727
20237
8066
9330
12367
10349
30293
9036
9882
13230
15591
10001
9119
20893
35942
34197
8429
8643
8148
19454
6958
15381
34197
7596
10191
8519
35907
7877
9030
31354
9720
49929
34398
9039
8139
9140
34349
11328
9021
9389
14465
26421
387
22301
37921
9741
20717
9041
13941
48123
9207
40247
7532
14743
28814
9016
8
12199
8711
10033
13805
9148
9456
10093
10087
10113
14114
10971
7756
17469
11931
11317
8159
11688
9390
12283
393
8361
400
7610
8030
21442
30112
5
100
18967
9451
9480
32739
11000
7235
9029
8146
7399
32739
28276
9306
10339
7627
9518
11795
11455
9404
16096
11165
9773
9174
9340
9017
8702
10972
9194
38361
7416
12141
14407
15331
9108
12315
9194
37792
13047
24309
15154
9257
382
38361
7416
15232
10021
9018
12057
9492
20305
10090
9280
9418
9558
9430
10339
13538
48817
12368
9025
9080
21292
6947
7406
10846
11649
13023
9337
13485
8366
10491
9745
14226
10854
40328
9033
9199
15177
24850
9736
14698
35033
9800
8711
11213
11915
15918
17684
11877
9362
9655
9650
17338
7261
10491
11132
15605
12903
13579
9277
10599
9861
13826
9022
11536
9415
6
100
13919
13883
8518
8143
20244
8098
7235
9304
20166
9025
9029
8146
7623
37921
14472
15179
9168
10293
12495
20616
11248
13919
41591
9023
15695
9025
10960
8
9426
22771
16322
35576
418
414
9667
12199
8711
9135
10081
10141
35283
8000
12638
9390
12283
399
9869
6824
10465
11684
27824
9802
50345
19862
9217
10087
15405
7584
7671
8000
9169
11652
9034
9268
395
7489
398
9869
29402
384
12618
9130
10179
380
11139
8704
27035
9017
14520
11423
14753
400
17154
6824
12245
11341
9282
9191
11933
12387
26482
17059
397
10608
8030
9028
10810
9566
9035
9635
50242
9788
11067
22437
396
10895
4
100
9939
9855
18007
8676
9261
10647
9119
7335
8704
18007
8676
9879
14241
9939
13230
8705
9025
9080
9194
16904
20893
6905
17196
9882
9553
19011
7235
10488
9156
8146
7623
37921
14472
10111
9168
40352
9319
25483
21734
9045
49036
9130
38916
32800
8340
6824
11540
28738
9639
11181
10309
8135
46483
9982
43804
389
448
443
9549
20549
453
12337
43832
9662
12442
9508
8159
14261
27146
9426
16904
9605
14315
8104
38607
13614
15970
50093
401
29139
441
439
444
443
389
452
18597
9485
389
441
11308
390
449
41141
440
15905
14197
463
9291
11522
9511
9508
6963
8042
5
100
9689
18101
7627
12035
9154
10472
8146
7312
9148
9258
18101
7756
11349
20545
10252
23279
9347
13872
15157
7470
20319
10655
10478
25181
8704
9200
9242
9379
11439
9149
18101
9866
48159
9117
7029
9017
27914
9640
8084
9620
25354
50382
24134
9290
15248
7978
15910
7530
9640
34243
9559
9069
13737
12582
8135
12857
9267
9510
15470
9126
26973
13525
6947
6824
30818
7162
9362
9172
7496
11608
13088
20708
28657
26958
9172
12407
10281
20467
48442
7380
12178
10548
9257
27914
48339
9375
9023
9278
48541
16285
9695
9025
9080
15942
13400
8149
6969
389
9022
6866
9351
9376
11127
11384
684
3
100
9279
11204
20503
8137
9207
31342
35853
10508
17073
8135
12199
8711
9518
36791
9510
41910
9243
14759
8146
7623
9127
8704
10808
9592
9426
14450
46715
9563
387
11528
9030
10141
9628
11194
8263
9140
18146
9023
16021
17073
9261
11684
9882
30015
12498
10293
9119
7514
8185
14472
13805
9168
9172
10470
11050
31651
40242
17901
681
14408
6905
9180
14604
8143
12068
14996
14573
16858
8187
10155
9304
9033
10228
9726
7540
7812
8137
38018
43103
16537
28643
7398
7888
425
399
6903
9815
398
8028
9439
13572
9511
12743
32822
8104
10439
8143
42460
11704
9742
9264
8194
9738
5
100
9632
9238
10259
14005
8518
8137
22717
9362
9105
7323
21598
23941
8518
8135
9172
29179
8143
9036
26874
13962
11446
9405
9029
11686
14005
8518
8146
10800
8756
7251
18267
23879
11350
6903
13711
9612
12201
7249
7991
9178
26421
387
14005
8446
9136
27842
33616
9025
9080
28341
10338
24072
8148
11841
30093
34800
13384
32749
11402
9199
10161
20879
33004
9048
8393
6949
9052
9882
11904
39982
8066
19218
7596
9760
10329
9512
49618
8091
17576
36078
18163
21367
9038
9029
31551
6853
7426
24025
9592
13426
10251
12329
8022
9167
19894
10393
9712
10599
9110
24082
7335
22418
9544
11087
11136
4
100
16947
9664
8662
29930
9017
8146
7623
21835
12498
9430
9664
8662
8137
10600
37810
9390
9085
9869
6824
12245
22382
7478
8662
16947
9052
9172
8022
8467
8751
681
21666
8143
25065
9028
10810
9663
7249
9029
680
8022
8467
8751
14026
9479
40857
7461
10161
11183
8148
42608
7293
7984
7957
9023
25583
10395
9021
12199
8711
9148
10141
9628
24584
8191
9140
13226
7487
17052
22821
32104
7545
11587
10824
9405
10960
8
9426
11624
11407
14472
15179
9168
9741
14366
10608
29716
7791
7561
25418
28593
16598
12356
18423
16863
8263
7058
16087
21734
9045
49036
14039
25418
13583
9086
7
100
10607
8066
9304
9033
20651
9063
9136
7470
10148
9033
10599
10586
21292
8146
7623
9046
7492
9063
9136
13045
11205
7532
10464
9675
9304
20651
9185
9067
9771
10345
12399
9362
9105
7323
21598
16841
9094
46027
11806
9161
9539
9248
19866
9103
7049
8705
9025
9080
9194
7859
7825
23766
7485
8441
8688
15800
24733
10296
15179
9148
9536
9271
10087
12109
9563
7859
9023
19864
12671
9238
16718
37784
30748
24173
16328
9119
8340
6824
11540
28738
9639
11181
11585
8135
46483
9982
43804
389
20549
453
12337
461
9776
449
10929
441
37531
43832
9662
12442
9508
15118
7888
9804
9599
10063
19062
3
100
9689
14320
17345
376
36500
378
10470
11050
739
378
425
454
21664
457
410
416
415
420
417
421
424
411
25295
739
5
375
8146
7623
8024
23971
9912
21989
9028
7656
6969
8084
406
8
9724
12405
11386
397
10179
36045
426
20955
405
35116
438
30899
8135
9240
7894
7889
7756
10290
17969
8137
9784
44837
13375
8263
468
214
9051
7965
8425
9148
12371
11355
8155
10247
14821
7235
15495
13358
16693
9705
9585
19561
7788
10070
8135
9240
10204
31369
9207
10119
8191
23142
10926
35116
438
8052
7227
8528
7847
8126
438
403
27013
23360
8052
4
100
10195
9437
8143
12003
6903
9304
9437
8143
36840
12003
7235
23029
9810
9029
8146
7397
8704
17674
12199
8711
9148
16364
16827
9456
26829
9034
19063
9518
9267
9366
16073
23302
9243
40623
26421
387
10869
9359
9437
9086
10886
13678
9272
9362
10195
14556
8022
9167
16210
28597
10310
14086
8263
7058
9595
9398
9331
11580
11025
9292
16831
380
7958
17933
9080
22447
9594
9447
9326
7198
11055
19181
9573
9249
39344
9974
10462
13413
9341
11999
29398
12975
9947
39904
29124
7335
22418
14411
12695
9478
10776
12268
12762
9882
11101
9337
9025
9080
17188
9826
24625
10903
17192
9308
5
100
9293
10259
40367
9088
7812
8137
9430
40367
9120
9631
11229
8066
14842
8022
9167
22939
45515
9882
15591
10293
9119
7335
8704
40367
33038
9224
11631
6824
26945
9592
32619
7777
9177
9745
24339
15918
9242
10230
35315
9025
9029
8146
7623
37921
14472
10151
15179
9168
40352
9319
25483
21734
9045
49036
9130
38916
32800
8340
27448
43728
11146
18818
30748
9025
9905
11181
11540
28738
9016
8
12199
8711
10033
13805
9148
9456
10093
10087
10113
14114
10971
7756
17469
11931
11317
8159
11688
9390
12283
393
8361
400
7610
8030
21442
30112
7250
10010
9489
9034
19063
9239
44020
14753
394
5
100
9138
7415
13409
10043
46027
7426
8148
9172
7982
6877
8429
8643
13439
10695
8711
10001
9119
7335
8704
9138
7415
13409
10161
31354
7470
9430
9882
9120
36598
9464
11532
20607
9029
8146
8078
9325
739
8649
8630
15530
9422
9831
6877
8429
8643
7235
16390
10960
8
12199
7187
13805
9563
37043
16858
7244
9741
8023
17698
9086
34658
9194
10470
11050
12767
14253
13472
382
19993
26815
29837
7669
17834
9438
42775
9018
7119
7812
8105
9952
22301
9025
10268
9552
10063
18219
6903
19350
17402
8137
11693
9689
13889
17033
9033
16768
8186
10046
377
9131
9061
10063
7981
21894
12298
3
100
10464
22973
15381
9030
9882
11101
9676
10960
8
12199
8711
10033
13805
9148
9456
10093
10087
10113
14114
10971
7756
17469
11931
11317
9599
9432
9130
11095
30112
14465
8146
9513
30038
9436
9085
10059
10289
8159
9020
17737
20555
9401
14102
9273
16537
9064
26890
10407
25947
14362
8135
17621
10626
9214
11356
10125
9317
28190
20835
9243
10056
9029
8263
7058
8711
10449
16771
21734
9292
7888
32030
8325
11528
25031
29161
9132
7244
9079
22976
9497
10794
9023
9324
7540
12655
14915
9381
17970
10095
43403
13803
9643
10402
11511
14531
27502
13946
11909
21137
12379
6963
16372
12329
4
100
9215
12372
44163
10135
7235
10488
9156
8146
7623
44163
35942
14472
10111
9168
40352
9319
25483
21734
9045
49036
9130
38916
32800
8340
6824
11540
28738
9639
11181
11585
8135
46483
9982
43804
389
448
443
9549
440
44683
389
9821
445
9291
9430
12442
9508
10640
739
5
10595
18259
388
11729
394
29941
400
12575
9585
8704
8652
22301
44163
11328
9052
9426
14014
9605
25952
9046
11443
10130
6886
9140
9990
12033
387
9544
8148
9030
18818
30748
9025
10960
8
12199
8711
10033
13805
9148
9456
10093
10087
10113
14114
10971
7756
17469
11931
11317
8159
11688
9390
9143
4
100
19306
17339
9059
6967
8137
9676
13358
10846
17339
9059
6967
8146
14441
7335
8704
9912
9133
19306
13579
9277
9199
9677
9248
9447
42129
10124
7788
32030
9465
17077
6889
27972
17932
17016
8102
9272
9290
20166
9025
9029
9648
12834
13417
7407
8428
6903
9304
14222
11764
27290
10599
13229
9508
26421
387
21277
9052
28112
14226
17761
10090
21203
46197
12557
9159
8149
35475
16461
26116
10261
9301
11806
10307
9075
21308
7470
18614
9033
9280
12972
12364
11686
44122
16898
9080
9249
33245
26852
9104
27499
9327
21336
9788
12072
41248
9178
9581
7407
8428
8135
48681
44362
19691
10108
6
100
9046
7492
10016
7399
8420
11630
7426
9117
7749
9063
26577
39005
9029
8146
7623
9046
7492
10016
7399
8420
30935
8137
15247
387
9882
9803
7155
7470
20659
9489
9194
7689
7399
8420
381
7772
36568
382
10161
10836
39802
14215
9017
15118
18398
8143
9036
48442
7380
9023
20681
9194
8615
12438
35119
7397
17012
412
20611
9815
9776
12293
384
13438
9203
10737
8066
39137
9077
11414
15887
15950
35119
7397
12819
51009
9025
9080
15176
45837
7824
9860
10769
9319
7487
16806
29648
15740
10599
15225
7335
8704
9203
10737
7162
739
8308
6965
9038
18890
15882
9043
8676
9594
39137
22092
5
100
49166
9077
13501
15730
22828
9017
8146
7399
15730
22828
21835
12498
9430
9366
10574
30675
10345
12588
8719
7653
10479
11114
8148
11896
9167
48397
12289
17761
10090
23570
8185
10225
20751
29918
13997
9207
9929
9362
39265
31279
9119
6947
36707
8135
9172
8719
12712
9422
36269
11053
20708
8092
7791
15730
8143
17598
26348
21598
680
24981
11146
18818
9745
30675
11945
8705
24430
9019
22508
9257
7335
8704
9640
7139
12226
11132
15605
9199
21159
24185
7283
9337
9025
10960
10351
9022
6866
14444
43995
11649
13023
9277
8263
17885
7652
25462
13484
10021
16357
13368
9347
684
9383
9761
16095
3
100
37648
9712
12557
7470
11219
7991
9277
26116
15193
7162
9267
10480
10586
35256
9048
8146
7399
9513
10869
9036
9271
6826
10040
22821
32104
7545
9023
9278
9564
10055
7480
11704
8135
9172
8756
8168
8676
681
9551
8393
6949
9052
32883
21666
9136
37536
9084
27675
44188
9448
10998
11401
16210
28597
9029
26421
387
17098
16031
14564
10321
7397
7691
8137
16374
9033
9243
11279
19671
8148
39953
7174
9920
10115
18295
8711
10764
9819
7799
10395
9021
14133
29614
9080
22447
9016
8
9426
24622
10081
6953
9379
9081
17267
16839
9070
6879
9062
25148
11746
22519
19475
12199
4
100
49462
9040
9702
17676
375
8146
8196
9148
10348
9040
9379
14059
13023
9178
8194
9620
9443
9183
11903
9022
9536
11793
9427
11252
9685
9337
9257
15437
8705
9025
9080
9362
11252
9328
9801
7162
32434
11242
18244
6947
7406
9217
12341
11488
9040
9702
16711
40358
9033
10599
12353
8194
9409
12086
9658
8143
13069
9048
21319
7172
16576
23374
16364
9277
9199
14441
43056
12557
7470
45382
40510
15994
7991
9178
25000
6824
9347
10674
10993
9036
9340
7958
39878
28346
14335
8366
10491
25998
15354
8135
12642
14337
14404
9585
7261
10491
16576
17339
10134
21922
34108
26220
7807
8286
4
100
11019
8168
11252
9154
387
35265
9154
9030
9882
9684
9238
12313
8146
9826
8711
8210
15910
7530
9640
7981
21894
12298
9136
10903
42083
16888
9025
9080
13796
15205
39794
32256
32239
9383
9135
13872
8
9426
24622
10081
6953
9379
9081
17267
16839
9070
6879
9062
25148
8135
12199
7187
13805
11746
22519
18108
20759
9018
7187
10081
45717
8148
9141
11177
383
8033
10366
10355
380
9662
9070
13930
27128
13430
6953
9409
9456
9359
13265
10738
13069
9021
9285
9379
44977
8704
9280
9604
9174
13079
9017
8263
7058
10196
6903
10151
9325
9880
31411
11391
12387
20853
391
12336
5
100
23706
24101
9065
8084
8707
10809
9036
7853
8137
9094
7865
9035
377
8146
8196
16299
13080
7991
8263
50082
6947
24976
9427
10124
7788
9342
7598
9021
49157
13727
9532
43056
7162
22979
25518
20229
8344
10612
8135
12632
16631
10767
7965
8264
28732
10671
48425
9416
10972
13511
22597
24631
9254
8006
7262
8143
36861
24692
11029
11199
9080
9031
9144
32574
42045
9174
6949
6853
9885
12154
7235
12503
6958
20164
11086
16484
9890
47637
12102
20538
12916
7182
11213
13358
9272
10127
8075
7080
9511
12988
17582
10138
7283
10113
10074
23842
14498
10206
22507
14870
50118
8137
9068
18677
14226
4
100
9114
13374
11316
44868
9023
10063
7965
8264
12109
9440
7584
9365
384
9026
7791
21662
34546
10171
12733
7530
50345
16863
27914
9108
10063
383
24665
10150
11076
7162
384
9094
8149
42129
24411
9031
377
9131
9149
29843
7623
9046
7492
8325
9052
12943
9181
9025
9846
50375
16773
9505
8704
8652
46005
7487
20684
30601
21734
31338
17692
20567
8765
24658
11004
25868
8187
9159
12367
12068
12370
8705
46548
8146
7060
9255
6877
8135
12199
7187
15179
12889
9064
7888
18638
9121
9996
36026
7281
19274
8022
9552
9194
25466
40974
12207
24832
6889
17886
9331
9609
19864
9257
8052
3
100
10152
9034
44163
6824
10463
9257
8146
7399
9294
44163
8186
30113
9871
9745
13997
9430
39349
19385
9029
27914
11132
9863
9179
13570
9443
22325
18244
6947
7406
9176
9258
10152
13548
9194
11983
9415
16681
12568
382
11983
9415
15232
10021
9018
10152
36294
9167
33632
9048
8159
10705
10653
10030
9022
50949
9927
23532
22051
9173
9290
13239
19561
7788
9258
19660
11649
12341
10348
14881
34928
13209
11611
10805
9119
43056
11993
12313
9154
9207
16591
47374
17540
28657
9424
11229
18561
16357
17091
7470
10548
9280
9458
15453
9508
21319
7532
15378
10401
10917
13023
9277
19635
8075
4
100
13914
10856
31898
6958
9030
9882
13230
12090
9430
9279
28937
9717
16550
28458
14079
13889
31909
8102
11545
9029
7335
8704
12199
8711
9052
9172
7859
7825
10868
8765
13439
16670
10533
16594
9458
35525
14306
8146
7623
9961
11149
12671
20191
17068
16195
9038
9304
9033
15148
31027
9207
10488
14465
26421
9456
26829
9741
20717
9041
7426
11931
10890
17920
7258
6958
9045
17470
10088
10944
40247
7532
11204
9021
10407
9947
9366
23237
30748
9025
10517
9463
6963
8042
8220
19367
8367
10201
9640
8467
20717
9041
13941
48123
9422
10890
17920
9174
9368
12313
9512
24338
9836
9040
9612
3
100
11345
13036
50923
7426
22016
9052
9172
11583
8143
10939
681
27087
32352
9029
8146
7060
21734
9045
49036
13036
9497
9296
26413
9426
9252
15326
11074
8137
16964
10892
8148
9324
8758
6958
9192
29424
9357
11789
24733
6963
8756
34662
9640
11675
10384
11074
8022
9167
16210
45406
10647
7470
13153
9124
39417
15910
7530
22137
18554
20659
9489
11267
11975
10509
11111
9891
9823
13129
32239
9383
13525
14453
8765
49253
11187
14472
16771
26098
9292
7888
11816
7671
10383
6889
6929
36967
9356
7481
46548
14987
6889
6929
30237
12199
8711
9148
39096
20797
41982
21626
8408
13439
16727
7
100
9293
10259
739
8430
8548
8149
22547
7470
9356
8017
10010
8146
7623
9052
739
8430
8548
8149
22547
8022
13659
9154
9207
9586
25743
9136
23078
42224
9668
10078
6947
7399
7220
9018
6866
38850
8149
13570
10574
9564
18251
7285
8263
10171
10010
8704
8340
9592
13495
9072
8094
9435
387
9036
49286
14819
9812
18952
38652
7691
9985
9080
16285
27533
13727
29442
43056
7162
10554
19962
30431
9810
9135
7978
34693
6879
6920
8024
9306
9112
10295
14576
6824
9848
7422
16691
8
12199
8711
10033
9528
11766
12829
8711
8602
8143
9036
18146
9023
14114
9390
6958
9769
9866
17031
9191
7536
5
100
29306
8608
35907
7877
10107
8159
9044
9220
8364
8137
9430
9390
10368
49009
12921
7622
7877
14527
7119
9032
14105
8429
12819
9264
8194
9119
7335
8704
14472
13805
9168
9172
10470
10559
9815
390
425
30935
40648
681
30015
12498
10293
8711
29060
21666
8143
16756
18708
12743
31087
36287
7252
42004
13572
8705
9025
9080
22103
7235
24767
8146
7623
37921
10141
24584
8191
9140
22821
32104
7545
9023
10408
32800
7432
7220
32947
13793
22301
23191
9207
739
564
7689
9936
11533
9125
6824
11704
13153
8187
739
564
17047
7644
10228
16242
8187
9030
9882
9726
7540
7812
8137
11630
6
100
15275
8688
11244
8006
9930
8610
8135
10769
14564
9166
10067
12972
10764
15386
409
387
10403
9030
9882
27726
16255
7249
9029
7335
8704
39713
12443
8137
10474
8711
41046
51005
9028
7028
10090
9172
8022
7803
7877
681
19671
7235
9359
9341
35784
48240
9025
11189
20668
11545
10558
8382
9038
9899
6958
9080
9301
11186
31898
8006
12364
8146
13644
9479
7803
9860
9049
7884
6903
24119
14830
11274
10856
19454
9693
32877
9418
12010
10573
33027
41006
10395
9021
25191
7799
8694
10002
42073
26421
9018
18554
44188
9262
38052
11336
29072
10728
9947
11455
12107
29729
8505
7482
8148
11841
10998
5
100
45045
17077
9480
9018
8191
9355
9366
10574
9018
13165
17077
6889
9029
8146
7399
9513
12199
8711
10449
9148
14039
9194
6856
6958
10586
9673
15232
9456
12704
9716
7253
9243
10094
15118
7888
9804
9599
10063
8056
26829
9741
20717
9041
7426
11931
10890
17920
7258
9495
10416
10122
17077
9368
22717
44437
12268
8210
12733
7530
29843
7623
9046
7492
11793
9563
24402
9882
27087
13363
19303
13525
8704
8652
15852
9180
14472
15179
9168
40352
9319
25483
10134
9194
10470
10559
9563
7859
14194
33838
13047
9081
9017
382
15118
12671
6962
20531
13438
9536
9271
10087
21734
9045
49036
9143
5
100
739
8545
7608
31898
6958
9030
9882
11101
9430
9279
28937
9675
9304
9033
16930
12090
11604
8423
10148
9048
8146
7623
37921
12199
8711
10033
13805
9148
9456
10093
10087
21273
9172
10470
11050
31651
46740
17901
10363
6841
8393
7470
9422
14671
20050
10026
10808
15208
19658
9034
39696
33719
36349
10293
9062
12262
7660
9908
40242
17901
10686
12281
9195
18226
12934
23725
8022
9167
14408
8066
14604
34199
50429
9207
10488
14465
8656
8344
6921
9804
9599
22137
18554
30175
14671
20050
21025
31651
9996
9628
9141
7967
8148
10971
473
7848
7597
15828
7461
8014
8220
11011
6903
11194
8263
3
100
18504
39310
9807
9325
13229
10341
9025
9029
8146
7397
8704
12921
12372
16278
8135
9745
36197
9339
7481
9025
9080
9278
10586
9597
9044
47166
26421
387
10869
11998
9038
40263
30765
7293
13645
47538
39310
7485
8137
9076
16337
9947
11928
9017
6947
7406
10846
9863
12921
12191
11814
9685
9337
13485
7514
8185
23715
34158
27400
7470
45415
9199
15177
8450
28142
9983
8022
14864
9448
10897
18365
18735
9443
25557
10090
9280
20981
739
7268
16650
9022
16408
9447
10967
12512
15384
10764
10607
8552
9052
17939
9185
29000
9030
40260
8565
24200
16368
27006
14441
7335
22418
26792
3
100
9450
13815
15016
40410
8148
9172
7208
7691
8125
681
9180
12199
7187
15179
9148
9036
9271
6826
9390
12283
396
9869
8030
9902
13034
9136
13815
8704
9172
10470
11050
22925
9450
12178
11918
9062
8146
12098
9456
8711
48691
9027
19721
9498
23570
8185
10225
9324
8263
8135
26869
9640
680
8056
26829
13216
11088
11992
15353
37664
9658
8718
15910
7530
22137
19745
9229
11401
13489
18037
7978
26973
13525
6963
18349
9018
11859
20276
9017
27914
34856
9555
24679
20319
9528
21904
15133
28279
21459
25548
9999
42335
11766
7198
50951
10777
8703
9425
10333
31148
19800
28010
29170
5
100
9454
8450
9109
8461
32104
7545
9023
10824
9262
11704
8135
9432
22821
32104
7545
18284
13572
8705
9025
9029
8146
7623
37921
9741
20717
9041
7426
11931
10890
17920
7258
6958
10416
8066
10998
20349
19929
9021
17451
25991
9080
9077
24524
9950
23895
9207
10488
14465
20496
10808
9592
16576
26098
9292
49036
21734
9191
38916
26945
9194
8467
9397
9088
8149
9942
12438
382
9180
9882
36287
11738
8530
7235
24767
7514
8185
11570
10950
9044
16576
9123
8336
7849
10368
49009
739
7432
7220
17047
6932
12283
8104
9742
9264
8194
9119
7335
8704
50562
19231
8104
9510
20586
9039
12743
5
100
12742
15403
8143
20244
8098
7235
9304
31041
9025
9080
15403
9048
8146
7623
9641
7220
11285
7470
9430
19268
37507
8539
9172
8429
8094
8539
13417
10662
8505
16053
9172
7691
44333
381
7824
8095
681
9030
9882
23347
6824
13119
14465
26421
387
22301
9641
7220
51000
11336
9444
10626
10903
11136
39826
24177
9025
10517
11487
9207
20078
7607
21619
44993
8148
9194
40766
8215
12141
14223
25894
8711
9947
9366
9055
37766
16888
9243
45487
7335
22418
9689
14597
6903
13957
10607
8552
8137
12413
8705
9249
10925
8420
9140
13414
7416
12734
14830
10693
11169
19268
10888
8143
10286
7634
6
100
10464
10043
9049
7281
40766
10939
375
8146
8196
9148
9347
376
36500
378
7965
6958
739
378
8126
7965
12438
10952
739
5
440
14916
463
437
451
11308
11756
457
8
9724
11050
36396
10959
30857
426
20955
405
35116
438
30899
8135
9240
7894
7889
7756
21989
13375
8263
468
214
9051
8191
17302
17969
9021
9784
8017
8006
8084
468
214
9051
39514
8022
35382
6855
7220
9705
9585
6947
7399
7220
29045
605
605
375
7605
7235
9183
7513
6889
389
9585
8052
7385
20486
15740
6853
7372
7788
48435
9705
608
608
375
19561
7235
14821
8135
15495
7898
7098
4
100
16641
10133
8564
7877
12980
7445
7812
8137
9430
9882
10133
8564
7877
10395
10603
20659
9466
10960
8
9426
16537
11906
9830
10003
42983
24645
9634
12199
8711
10033
13805
9148
9456
10093
10087
10113
14114
10040
10819
8615
33007
31272
7799
9570
28141
28782
10403
426
24645
6824
14509
9115
20534
9417
13202
8066
9767
20125
9982
416
16649
40039
10421
39951
41269
452
25753
31976
11040
21120
8704
22819
36933
21469
50345
19862
9217
16989
16863
8146
7623
17280
9528
10383
15773
8104
21553
10383
7975
12092
18894
29670
384
9649
37751
9935
12390
420
39405
409
9116
19521
7470
9700
3
100
12122
9647
15697
8137
9430
13895
15902
11420
9689
15697
8143
13165
14354
8711
32256
10148
9048
8146
7623
12079
8135
14472
10189
13805
9168
10293
12495
20616
11248
46483
9982
43804
389
458
16649
457
10630
444
27797
43832
9291
24583
9511
9508
6963
8042
7789
9426
14450
14012
11290
9935
21056
10201
10063
8263
7058
16846
9604
9456
12704
9882
30015
12498
11630
8718
13083
9366
30499
30465
47002
19303
9135
13872
8
12199
7187
15179
21734
9563
19367
13386
7426
9751
11380
8367
7756
9686
12015
31731
9172
10470
10521
12767
15402
7055
7144
11197
7788
8599
681
9180
16062
3
100
47969
37249
15381
13230
6903
9304
9882
9784
12622
7235
24177
9025
9029
7335
8704
14175
7060
9052
10464
9675
9304
9033
9194
19062
7575
8263
8450
382
11204
387
33461
7840
9030
35533
9580
45705
17003
23127
11630
7249
9341
25768
9081
10633
12396
8066
29080
15148
36661
9025
10960
8
9563
11768
12199
8711
10033
392
8149
9148
9456
10093
15664
8149
9168
26074
28147
31957
7644
15848
8769
10007
36933
21469
9759
30152
7119
7791
9044
9757
7789
7621
11001
14442
20402
10958
12676
16839
9278
9312
23386
10087
15405
8224
7789
7621
9860
31025
8146
9848
11414
12814
24703
5
100
9454
8450
9050
30917
11011
11328
8148
9172
425
417
431
9752
29103
17112
681
15591
9430
10040
9050
30917
9224
11290
32099
49703
9029
8146
7623
9696
26601
9815
417
431
9752
29103
17112
7162
11196
8621
6903
10741
9882
15111
16743
9843
9050
30917
9136
21942
33253
29930
11011
9140
16302
11101
37474
46548
7335
8704
9815
37655
7470
16936
9036
23347
9879
37207
22821
14408
387
14832
9030
9882
14699
14461
11265
13254
8711
32256
10148
9048
6963
8238
7799
9613
7162
22137
18554
26960
9924
421
427
11440
8137
13731
9164
9559
23411
33497
11420
9947
17192
24706
9604
6824
6872
5
100
16701
9280
8467
31054
10762
387
12298
10997
10416
9030
9882
16254
42811
9029
8146
7623
9084
17047
9216
11909
9430
11336
10395
12618
9246
43494
9510
22892
9960
8399
9199
13366
7335
8704
9172
7208
7691
8125
681
12665
14124
8756
9498
14253
6903
9819
9021
10998
11401
13902
9626
9312
9505
680
7208
7691
8125
12480
22301
9084
27675
19393
14323
9325
19416
11523
30908
26745
15997
10756
20659
8030
32256
10148
9048
6963
8042
8265
739
7432
7220
32947
8191
13600
16911
10201
9640
8393
13897
14912
7426
10270
11877
9267
8117
11486
9074
7777
13449
8137
9207
12634
7235
21127
9032
5
100
14258
6841
12163
20244
8098
7235
9304
20166
9025
9029
8146
7623
37921
14472
10111
9168
40352
9319
25483
21734
9045
49036
9130
38916
10293
11169
11181
11540
28738
9048
8340
6824
10309
8135
46483
9982
43804
389
440
15905
14197
463
444
23616
43832
9662
11585
9748
34301
12522
16554
9133
9018
7521
13015
449
456
5
452
18597
9485
389
441
11308
9560
21760
9511
9508
8159
14261
27146
13919
41591
9023
15695
9025
10960
8
12199
8711
10033
13805
9148
9456
10093
10087
10113
14114
10971
7756
17469
11931
11317
9599
9432
9253
25307
8263
7058
8711
9239
17742
10728
11317
9436
7
100
28895
7281
8660
11293
8756
7532
15381
9030
9882
13230
8146
15225
7335
8704
37648
8137
9430
12224
6903
9070
8042
9438
10730
8705
9025
9080
9194
7540
33342
42548
8215
382
9180
25098
20621
9815
37655
8022
14744
7532
35416
10223
14572
9934
38204
7235
10293
9119
425
417
12513
8471
8135
22301
30015
12498
19393
14472
10111
9168
10141
9628
9647
9140
22727
8031
11587
42460
42548
8215
8137
10001
8711
12298
9136
9939
26184
25098
28372
9021
9455
38910
44978
18566
13796
40506
10148
9048
7965
8095
7397
9456
39604
11351
9563
387
11528
387
12094
9030
14810
7470
9916
42460
9231
30594
25306
4
100
10756
12610
9684
12313
6903
9304
9279
24322
9074
7777
9033
10046
19345
9659
12312
6872
19303
9135
13872
8
12199
8711
10033
13805
9148
9456
10093
10087
10113
14114
25185
12329
7162
9432
9247
6855
9805
9018
9513
9085
18432
11317
9021
30112
14465
38911
18756
10063
8263
7058
8711
10449
23091
10502
16989
9168
10141
18490
6905
31227
9390
9143
23771
42529
50790
9130
10378
12154
9810
9191
10935
9054
8378
12733
7530
29843
9044
9045
29406
9192
14030
14994
29343
11492
11317
9599
11106
9176
17621
8159
11688
9880
9253
12886
9303
11095
10061
8017
19303
16863
8756
8170
12681
50242
4
100
9046
7607
18236
13461
9030
9882
13796
24767
7335
8704
12298
9136
9939
13230
8705
9025
9080
9194
8345
7965
9932
10997
47708
10001
9119
17371
8146
15605
37285
10161
11510
51078
21657
8745
26643
10293
9307
36419
15605
20535
12423
9511
16103
9894
21127
14698
23231
9929
11532
18769
22522
15326
8751
42302
8135
12199
8711
9148
13919
7984
42302
8137
9430
10824
9038
9816
11342
13607
387
9684
8165
11743
15101
21153
9276
10384
32947
8191
15927
13257
14573
10553
381
408
13529
12287
18395
8711
20659
9466
10960
8
9426
24622
10081
6953
9379
9081
17267
16839
9070
6879
9062
25148
3
100
9824
20531
10107
8066
9279
10453
37005
9207
10488
14465
8146
7623
37921
9194
10470
11050
31651
46740
17901
10363
6841
8393
7470
9422
19220
9670
9921
12141
16727
24733
26421
387
22301
9672
10260
9595
399
8656
8344
46740
17901
8143
14871
11721
9038
28567
49672
25993
18632
10686
9156
20496
9180
49253
7889
9140
30721
7489
8337
387
20451
19011
9030
9882
27087
32800
7335
22418
9623
7488
13595
9304
14604
14408
26603
9074
33816
11003
10613
9284
20738
8719
18649
10293
7253
46548
8704
9396
30601
11570
9052
9212
7559
7849
13617
8263
10333
9324
8703
8091
13936
10003
26025
5
100
12396
11486
9192
7767
17436
9023
10063
7965
8264
12109
9440
6963
9034
17680
384
11342
18026
18364
9111
12733
7530
50345
16863
27914
9108
9324
9034
18638
12199
8711
10033
9026
7791
25725
12370
9331
26302
9194
20550
9510
7793
12141
12500
17741
10748
9464
387
10063
6947
7399
31187
9368
9277
10137
12362
8420
36216
9658
10013
39396
13525
8146
7060
9255
37722
30617
18742
9524
8806
8529
9613
8066
9722
8238
8669
45000
7198
13809
9076
8746
8042
10414
10832
10110
9040
7648
6920
42012
8168
9225
13659
13872
8
9282
7139
7478
12326
30601
26098
35733
13363
10281
8243
8265
8033
3
100
10464
12224
11252
375
8146
8196
12224
8135
739
378
27013
12438
10952
739
378
7804
8694
8
10070
8135
45887
22600
10584
9724
6947
7480
7877
8531
7301
405
10542
10072
22600
24030
9724
6947
7480
7877
8531
7301
28886
34693
403
31210
8599
9230
29446
18039
9265
7162
10964
11414
12011
11387
19561
7788
18758
12498
10056
13358
10247
10964
13053
9167
14240
9564
9651
10010
37767
9018
26095
31266
35116
438
31210
11943
29205
43719
10229
12226
387
9394
9022
11146
29205
14945
49067
9797
8084
36500
438
9329
9658
8718
8017
31204
10078
11686
9572
9265
7235
18758
11037
4
100
10328
10313
22893
9478
9276
9430
10313
10146
8022
48786
6889
9029
8146
7623
16718
14386
12199
8711
9148
10822
19926
9172
11270
15866
9063
7144
8441
8643
8148
12446
16715
10488
14465
8263
7058
16846
9604
9456
12704
10141
32320
11359
6918
7777
9140
9544
9950
11684
10293
11169
11181
11540
28738
9048
8340
6824
11585
8135
14472
13805
9168
46483
9982
43804
389
445
44388
444
16799
43832
9291
9430
12442
9508
6963
8042
8265
12094
7888
11207
27225
7198
8142
6903
10201
9640
29159
43928
9167
16210
45406
10611
8054
7058
11506
10495
46586
12006
10776
21367
9038
9019
15910
7530
4
100
12557
8143
11384
34105
9017
8146
7623
16718
14386
12199
8711
10449
9148
9456
10093
9168
10293
7250
9248
9390
9130
11687
10219
9246
9085
9869
8030
9902
11181
10626
18992
8441
8688
9052
9172
10470
11050
31651
46740
17901
10363
6841
8393
7470
9422
9888
8186
28453
9834
9678
9154
9207
13471
16727
14604
8143
14871
25993
25226
9439
16637
20002
9984
37252
14465
26603
7561
9074
18698
31651
40242
17901
8137
14408
9033
10408
28567
49672
11721
11151
13153
7252
9243
22301
16718
18518
9430
23815
27801
10107
7426
23029
9532
26421
387
30601
11570
9180
9595
399
8656
8344
46740
8626
3
100
22821
12384
28293
8148
9172
8563
8690
681
18257
421
411
34617
384
11950
8146
12199
8711
9518
23410
9510
10061
9035
11675
8078
7198
14135
9756
8104
9804
9599
22137
7187
9319
8690
26534
32750
9025
8726
28675
35521
9136
18251
22403
9019
26973
13525
15118
18398
8143
9036
20304
9180
9319
8147
13124
50562
26098
9253
49036
21734
9191
38916
42411
9592
32619
7777
9224
50463
20159
7847
7166
42065
28269
9200
9245
10478
12359
8704
10364
10852
15200
21335
45240
9640
8263
7058
8711
9052
9025
8726
12052
16137
14395
9076
9748
26791
15910
7530
9640
8056
26829
9182
7109
4
100
9293
10259
20666
21422
7055
40367
9030
9882
11101
9430
23479
42226
12520
13358
10846
9172
8732
7877
381
7685
8608
681
21666
7470
11175
8711
9580
21733
680
8732
7877
7984
7685
8608
19003
14308
457
38228
9707
15905
14197
463
9681
7374
11342
9038
12934
41046
31898
7162
9290
17252
9277
36513
27023
12735
8006
9017
20550
8135
10769
25431
9168
18467
27790
12438
8149
21666
6824
46060
13372
9029
8146
7399
30765
19065
22353
14381
36118
8006
10046
9177
9689
11904
15997
9216
42308
22447
389
10869
8024
14564
10083
10161
11183
8148
42608
7965
7540
7407
35206
8143
25377
13115
8
100
9538
7374
7182
739
8545
7608
31898
6958
9030
9882
11912
20893
8137
9337
9025
9029
7335
8704
739
8545
7608
31898
6958
13230
8135
10082
8236
18901
9939
10760
8704
44571
15300
8711
11286
6828
9025
9080
22103
7235
24767
8146
7623
37921
14472
10111
9168
40352
9319
25483
26098
9292
49036
21734
9143
7888
11816
7671
22009
9390
9130
11687
10219
10293
12495
11181
11540
28738
9048
8340
6824
10309
8135
50917
12092
46483
9982
15970
50093
401
29139
43804
389
452
23323
448
459
389
42208
43832
9662
11585
9748
34301
12522
16554
9133
9018
7521
13015
449
456
5
452
23323
448
459
5
4
100
12501
9520
17339
46027
7426
375
7965
8425
46027
9460
17077
6958
10586
9367
9048
8146
6899
8135
9145
12115
12466
13701
12503
11813
9149
9539
8137
9025
9080
15176
6947
7399
7220
9018
22455
12371
7235
23404
7467
9017
7759
8347
11806
9161
42126
9199
9554
13165
9734
17077
7182
10704
10203
7769
9036
41143
9832
9239
9486
14217
13214
9810
9029
6962
9023
44386
12399
19161
9177
12627
19383
9238
28605
9498
9031
10443
8006
7160
18814
9148
13570
9022
16082
22118
9185
38172
38896
10584
13425
12651
9582
10094
8704
8340
9592
17444
9932
9592
12102
9427
15354
19854
11888
7530
5
100
12396
11486
45045
12079
10148
7235
12257
8146
7399
12519
9258
12199
8711
10033
9528
15883
8236
17605
8519
47829
8429
9023
13363
9172
10470
11603
9457
15223
24509
11197
47937
7877
15714
11181
387
9640
7584
9365
25995
9136
9278
22600
9362
10021
10152
13548
10270
9038
22146
32239
9383
13525
6947
6824
14149
43307
7890
6830
681
10479
9745
18529
17722
9257
27914
9108
9640
8159
10705
10270
9328
9944
11146
9306
11389
9207
16930
9033
13997
31006
18626
32239
9131
9149
37421
9548
9290
9054
9337
9025
9080
10229
9176
25892
26006
14370
11242
11823
9856
684
9383
21480
24665
9180
10869
4
100
20237
7844
10259
19534
7892
9444
8135
10769
10280
19534
18902
13216
26347
9031
31134
21308
7470
18614
8705
9025
9029
7335
8704
9450
8150
9368
22600
10607
9717
10586
12384
26427
9566
9243
45487
8146
7397
8704
9513
9172
29969
8563
7428
7607
14026
19534
8563
11365
9430
42738
16311
12112
9561
10670
9492
25201
10090
11328
9021
10001
9156
16941
9136
10854
20757
9033
15148
17380
9025
10517
9882
15591
11630
9062
7514
8185
9319
13623
34927
9939
36349
9745
16203
18305
9115
17722
14743
23029
9654
26421
387
44401
11132
21660
9290
11420
15638
11120
9038
20757
9448
19107
11436
31084
4
100
9454
8450
13088
12035
7235
9029
8146
7399
9376
9048
6947
7406
10846
9018
13088
9177
9863
21342
21598
8092
7791
9172
7496
12178
9278
10635
21843
7481
9025
9080
37375
10021
9172
8420
8513
20708
7188
6889
9446
17366
20479
9518
9267
11355
8155
9176
9407
8513
8135
9022
15882
9909
19561
7788
13570
9407
8255
8022
10728
739
8283
8213
7471
8704
21855
14084
9199
13366
7335
9306
16282
29523
8588
6963
8137
25269
9025
9859
29523
8588
6963
8143
9249
9244
9599
10769
29755
387
9164
22192
19216
9030
9882
23482
12726
9855
14330
6960
9257
37699
8588
6963
10330
20091
3
100
37648
12224
7851
7756
382
9017
8146
9177
10063
8704
9365
9824
7851
8148
9194
8367
8236
7488
6857
7478
13047
9457
9188
12679
28754
13358
12733
7530
10063
12407
9578
9241
34659
18037
8137
9025
9080
9730
6857
9379
9659
7652
6872
19303
9231
9897
16863
7335
10492
12199
8711
10449
9148
18067
7888
7071
9036
9376
18742
13363
9194
10470
11050
12767
10721
10084
8656
8765
20953
18442
11124
9980
9463
8056
16276
49251
8286
7470
15918
22301
37921
10141
24121
23815
22024
9902
11181
10626
36349
9882
15859
20659
9639
9426
30187
9304
9033
9672
9878
41717
21674
9532
26421
4
100
10328
16069
8143
16302
7235
10853
15840
9029
8146
7399
9513
12199
8711
10033
387
9563
12190
9172
15118
8745
9647
8170
7777
10109
7297
9935
12178
9430
11238
17475
7692
25491
15753
9094
11238
394
48503
9167
42010
12486
17190
11310
9448
9018
34296
9689
12417
9683
11175
10884
10960
8
9426
22771
16322
35576
418
414
9667
14472
18032
9148
9536
7187
14147
9168
10914
26446
7888
34345
11505
12660
10085
414
11299
9635
7655
11754
9194
10470
10559
12767
16768
10539
13755
35608
9053
8265
10661
13047
10686
12356
16583
16863
25002
10539
7162
11599
18409
30434
9872
9033
9877
13079
5
100
13919
9114
27680
38522
8756
12980
7445
7812
8137
24767
8146
7623
9696
26601
11196
426
7162
9114
27680
13254
8022
32871
18346
29546
9038
12298
9177
10903
29932
43228
9882
13796
16888
9025
10541
33757
417
426
8143
45320
7281
10997
8148
9194
8056
7407
7782
15232
10046
9094
10387
20459
38522
32610
22381
49639
6903
42612
15072
12368
11178
9554
13620
25761
9060
8688
10348
15822
25421
9025
9029
7335
8704
11196
426
6824
15662
45320
7281
11217
8143
10619
15781
9945
11967
7235
9304
11011
9119
417
458
9804
9599
10063
8507
19247
12819
16936
9036
29794
8052
8694
11414
17781
8711
4
100
13417
18476
37231
16195
7627
375
8146
7623
9052
739
378
7965
8599
8507
7383
7877
36055
11725
8711
12854
6872
10010
37767
37231
8507
7383
11414
9609
9347
8718
8006
12002
6947
7312
9148
45887
22600
10417
31553
9564
9703
10792
10078
19561
7788
9018
18554
10747
37231
35907
13053
10107
9124
9481
14782
10072
22600
11267
10021
9172
8022
8467
681
10542
8185
8806
7235
9479
8467
7470
12011
9038
10771
26764
11074
8137
9430
9306
14495
38424
8705
9025
9080
25012
12268
9810
16444
26421
7055
22126
8135
9265
8143
11772
10056
13950
9267
7208
8093
9032
13041
9677
19826
43056
5
100
9689
30478
12438
8149
12035
7235
15225
7335
8704
30478
12438
8149
16278
8022
9341
9278
9650
9362
10021
9745
9079
7601
10008
8066
34158
39310
7485
8137
9277
15361
8
9426
14450
46715
12199
8711
10449
9148
9456
10093
9168
16021
17073
13215
7892
10331
30112
8704
9802
9034
19063
9239
17742
10728
9349
380
41910
9243
19862
9217
16989
16863
9489
11194
28129
12199
7187
17105
9194
33625
9400
21645
14450
6842
41747
11062
382
12943
15265
9036
9257
8146
7623
9059
9908
31342
14981
10508
9720
10040
12079
10627
21681
13902
9626
27824
11107
9390
30757
8159
9044
34332
10261
17097
12387
4
100
9293
10259
10584
40669
8137
9430
13895
15902
11420
10584
9238
12651
9136
9939
10730
8704
9097
10944
25098
14628
9062
8146
7623
16718
14386
12199
8711
10449
9148
10033
9168
9246
19328
6826
10293
14465
8441
8688
11181
10872
9172
14558
13425
28605
9428
7372
13471
16727
9882
26095
20503
9512
11439
9224
14406
12112
9642
9492
10252
10767
26421
387
22301
16718
37784
23598
9036
18968
8135
9640
43957
31266
11439
8143
43245
15570
9650
8263
15562
39417
15910
7530
22137
10431
9366
10574
9304
11477
33630
9552
11120
9038
28453
9033
14553
9069
6962
47002
26973
13525
7335
22418
9018
18554
3
100
16152
10082
12079
8135
10769
10280
10082
16069
8143
25366
8137
9430
9689
13368
11799
9706
9033
25012
10341
9257
8146
7623
12079
9180
9194
12458
14085
382
9136
9939
9855
9882
16285
51009
9788
9029
7335
8704
26505
18582
44571
13563
9855
13088
7235
10824
8705
46548
25854
6842
9717
9278
16756
9080
35942
10021
9194
8711
8694
8579
6866
7208
19003
47562
463
9791
13038
30190
9485
26204
9017
8711
8694
8579
6866
38285
9279
10533
9675
9304
9659
9932
11328
9048
9635
23237
9939
36349
17359
22792
9693
41203
10548
18101
21898
36930
9455
7789
12224
10730
9030
35533
47414
3
100
10464
18101
25156
8146
13214
9532
8704
8652
30601
11570
9052
9324
7605
387
17690
7654
11352
9470
7198
6920
9284
9803
7155
7470
20659
8030
11181
11401
39802
18037
32574
8
12199
8711
10033
13805
9148
9456
10093
10087
10113
14114
10971
7756
17469
11931
11317
8159
11688
9390
9130
11095
30112
14465
9489
9034
19063
9239
44020
9085
7536
9518
23410
9510
41910
27035
9017
8263
7058
8711
10449
16771
21734
9191
7888
32030
6995
9563
37043
9570
25686
10883
9036
10794
9023
9772
383
13806
384
15389
10125
7210
43403
13803
9643
10402
11511
14531
27502
9707
383
10895
384
5
100
13914
22429
9769
14288
13641
10504
17673
9154
9207
44034
8335
13939
8014
10180
15174
10984
9146
15910
7530
9640
8243
14765
13652
13935
9033
9249
8024
11488
15658
14698
50017
11853
11213
14390
8137
11877
9199
9677
26973
9135
13872
8
12199
8711
10033
13805
9148
9456
10093
10087
10113
14114
10971
7756
17469
11931
11317
8159
11688
9390
9130
11095
30112
14465
9489
9034
19063
9239
44020
9085
7536
9518
23157
28311
27035
9017
8263
7058
8711
10449
16771
21734
9253
7888
32030
6995
9563
37043
9570
25686
9036
22976
9497
10794
9023
9324
7540
12655
13159
9381
10125
7210
43403
13803
9643
5
100
12396
8066
9304
9033
32104
8137
20540
7530
29080
15148
36661
9025
9029
7335
8704
32104
7545
9023
13572
8705
9249
12743
31087
9168
36287
24950
13499
9025
9341
9947
9181
7356
9124
32104
8146
15225
7432
7220
32947
8191
12094
13793
14472
13805
9148
9536
7187
10087
12109
9194
10470
11050
739
7920
7512
9942
42848
12141
10293
9119
20496
10808
9592
16576
9123
8336
7849
10368
49009
12283
8104
9510
13572
9039
41752
9771
16997
36287
18566
11437
8660
7670
6903
9304
18921
8104
9510
20586
9511
14753
9764
11704
9742
9264
8194
9033
38204
7235
32800
29161
7888
7071
9628
9074
6932
3
100
40684
29930
10107
387
11290
13583
14354
9276
9430
33253
12137
27709
8022
13875
6889
9029
8146
7623
10647
11149
12199
8711
9148
10822
17741
9194
17413
7625
35536
43320
7085
7895
19632
11996
384
12479
16715
10488
14465
14453
8765
9052
10040
10046
9224
9882
49640
43575
11725
9156
26421
22301
39848
9180
16858
8187
9775
20026
16537
9030
23401
6903
42409
12340
7824
11183
9136
28952
36349
9084
27675
20659
9466
18354
9117
11084
9675
9939
11667
16103
9839
10293
9119
43103
8187
9599
28643
7398
14001
21343
425
12997
739
8062
8608
15435
413
9726
9284
15997
12120
29794
20790
5
100
29306
8608
17707
31898
6958
16718
8643
8148
12141
10293
12356
16863
8146
7623
37921
14472
10111
9168
9246
19328
6826
32800
8441
8643
10261
9194
7859
7825
17707
31898
6958
382
16715
12671
9238
9040
11121
9882
20152
22680
31898
7162
11328
9048
8340
6824
10872
10221
7894
10163
9718
7608
35437
10163
10856
11015
387
16676
8756
9327
6958
9030
9390
30972
11101
9430
49806
28458
14079
13889
20166
9025
9029
7335
8704
11181
8159
19657
12333
42454
11003
14826
10312
9156
24844
8367
9804
9599
10063
7981
21894
16381
18756
9888
9136
42842
30675
12818
9075
36988
22146
13489
17380
9025
10517
3
100
10195
11639
9945
9140
9945
11967
8146
13254
7249
9029
7335
8704
9018
34971
9188
10970
11533
11639
10083
16004
8137
10619
10001
9918
15219
13012
8143
20766
9377
21647
22381
10387
21379
9422
15590
25976
26421
387
9643
13133
8066
9027
8159
8368
6826
9696
11938
9430
9472
17475
37452
11940
10342
24951
30337
8705
9025
9080
20859
45479
9341
14323
9483
25481
11526
8022
9458
10254
13340
10341
9243
45487
6963
8042
8747
9426
10294
12322
25952
10201
9640
11380
15237
11639
13067
6903
28782
39768
11854
28060
14461
17702
11420
9279
9226
15967
29423
13754
9307
9558
11693
9483
6945
3
100
15658
36877
9922
10083
9030
10997
8022
9167
18370
14390
8137
38018
7335
8704
12298
9136
10903
42083
16888
9025
10517
9882
13796
40506
10148
9048
8146
7623
25169
9860
11196
426
8143
9172
8056
7407
7193
8451
681
40056
9023
41730
34301
19310
13499
9025
9029
417
426
7162
22301
10997
9216
11909
11003
8711
14472
13805
9168
9456
7407
7193
8451
40056
9094
38204
21470
9439
9430
10223
7540
9033
49782
9220
8364
387
9390
10368
49009
12921
7622
7877
9032
14105
8429
12819
9264
8194
9119
7194
8364
8159
10157
7162
9536
7187
10087
11692
8
9426
25608
10003
417
6
100
9456
7281
29448
10607
8552
12592
8137
9430
13895
16061
6953
9034
11658
21164
8705
46548
8146
7623
37921
12199
8711
10033
9036
9271
6826
10293
7250
9248
9390
9130
9869
8030
9902
36419
18992
8704
8652
739
7432
7220
32947
13793
22301
23191
9207
9172
10470
11050
9815
425
413
8643
12438
681
10808
9592
13572
18811
8022
9161
11704
9742
9264
8194
9033
30015
12498
44376
9029
7335
22418
14472
13805
9168
9269
8191
12311
27691
13600
6905
9180
9172
10470
12405
9815
425
413
9942
42848
12178
20759
9882
18708
12743
31087
36287
10824
9119
14435
17047
9600
34197
8052
50219
9338
8420
5
100
9138
7415
21699
11342
9945
9140
10146
8022
9378
10177
383
8649
8608
7870
7627
384
9747
9021
10407
9138
7415
13409
9464
10395
9136
14133
29614
9029
7599
7415
21699
23479
9207
9929
12443
10115
17764
8705
9025
9080
739
8649
8671
7281
29739
50772
9038
11188
10206
26421
387
10869
9359
10779
14417
12033
9023
12912
45731
21281
8704
9133
33495
7756
9033
28615
29842
9341
9699
9167
9026
21609
9138
7415
6877
8143
11342
31208
9422
34080
46060
13372
9029
8146
7397
8704
9513
10040
12743
14326
9172
29439
13409
10161
18268
681
8148
9563
7965
7759
7648
9894
21541
9062
15118
5
100
12203
9238
9836
21174
22828
9017
8146
7623
12079
8135
9172
10470
10559
9563
14363
25854
32944
8765
681
10808
8148
10189
13805
9148
10111
10087
22009
9390
9130
7597
13042
6826
32800
15118
7888
7071
9628
11194
9439
10688
12399
11373
9021
9389
14465
26421
387
22301
37406
11149
9741
20717
9041
7426
11931
10890
17920
7258
6958
24539
8022
9161
22821
9091
8243
14449
10293
9119
8340
6824
10872
15852
8367
9296
10996
15062
24526
6900
10825
28388
7795
8704
6835
16841
9276
12423
9038
17881
8031
48231
9030
15687
9170
10115
50923
8705
46548
7335
22418
11570
8168
9094
31731
42548
8215
3
100
21308
9945
9597
9276
11725
9119
7335
8704
9172
20550
9038
29918
13997
9422
11342
10083
13439
16727
9036
20005
7235
10293
7253
46548
8146
7623
37921
14472
10111
9168
40352
9319
25483
21734
9045
49036
9130
38916
32800
8340
6824
11540
28738
9594
11181
10309
8135
42847
46483
9982
43804
389
452
446
9969
389
42208
43832
9662
12442
9508
10640
13022
17206
8104
23449
13093
384
398
11729
388
11537
391
30857
8
9563
11768
12199
8711
10033
392
8149
9148
9456
10093
15664
8149
9168
26074
28147
31957
7644
15848
8769
10007
36933
21469
9759
30152
7119
7791
9044
9757
4
100
32336
11486
38424
10416
8066
9279
10453
37005
9207
10805
26616
26973
9135
13872
8
9563
11380
8263
6858
12139
392
10079
12691
16293
19317
7789
9667
30601
26098
9292
7888
11816
7671
6995
9148
21734
9020
38916
9018
9034
17680
9042
8530
8022
49496
15867
6905
9261
11219
10149
17333
11377
10293
9062
28397
8135
42393
10939
38889
9168
28814
35885
7561
10719
9023
9018
9034
18638
12012
9072
21613
10695
9033
20015
15241
8704
9040
21713
26666
9038
9464
14536
46357
9243
16639
8146
7060
10149
17333
19500
23576
8143
33659
9161
23029
9532
7981
7788
23576
10228
23019
7655
10101
12199
4
100
10464
10043
35723
17305
9023
9366
14240
10106
7530
9919
9134
15453
9428
10090
35723
14553
9481
10030
9677
6872
26973
13525
8704
8652
9172
10470
10559
12767
32897
11573
681
19993
11187
14472
10449
10087
21734
9045
9787
9563
20056
20749
18262
9326
8418
9767
9569
10807
13363
9016
8
12199
8711
10033
13805
9148
9456
10093
16989
9168
28814
22301
26857
11865
9194
13203
21538
8143
9836
12846
387
9351
21538
9450
26347
10082
12141
16727
10293
14465
8146
7623
26857
15836
10141
32733
21896
9670
44536
9700
9390
9253
13307
9636
14952
21760
7250
9248
12263
13755
8160
9292
12843
11918
5
100
10195
13299
9422
11384
11741
6903
9304
9279
13989
9882
14805
11381
8711
32256
10148
9048
8146
7623
46391
7844
8135
12199
7187
15179
9148
14147
6826
10293
7250
9248
9390
9130
11687
10219
9188
10970
7644
10161
19245
36349
9172
9635
9971
9550
13431
12178
16727
10157
8066
9319
14242
20159
26421
387
22301
37921
32336
13299
9422
11384
11741
9140
12313
7607
14702
9167
47135
9080
28282
12993
6963
8042
8265
12094
7888
9629
24238
10201
9640
7981
21894
11009
16575
20572
9136
12054
20545
11604
8423
9025
10517
15807
46595
41719
26973
9135
13872
8
9563
11380
8263
6858
12139
392
10079
