4
100
17339
21071
9347
9154
10993
14110
11630
8711
7258
7532
14441
7965
8425
9052
17339
7889
9391
9122
11221
9240
7894
10785
9052
15872
9226
9562
42226
6874
7513
9568
39514
33101
12834
17969
33102
9207
9912
9185
19306
13579
9277
9199
9677
9016
8
12199
7187
18423
9563
19367
13386
9605
32984
9026
48973
13363
9172
10470
11050
12767
10317
13472
681
19993
26815
9426
11048
17207
9190
14706
8104
9324
8746
8194
21439
18442
9999
6963
39625
9640
27222
7847
9136
9745
44921
10556
6992
11604
8423
9025
9080
40300
9659
8238
11638
15940
10013
684
7530
22137
7623
17023
13731
12634
5
100
9450
11088
9480
20244
8098
7235
9304
20166
9025
9029
8146
7623
10647
7162
9194
8347
26347
20244
8098
12951
16727
387
9450
11088
9480
28881
9430
9229
10900
16711
31909
12168
9882
13230
6903
9494
11328
9021
9389
14465
26421
22301
10647
9180
19534
9756
10161
14640
9324
8263
8739
9099
12031
26470
10901
10359
7756
9613
8148
9524
6884
8806
15389
36349
13216
36766
9036
9060
9914
8186
9077
12713
10252
8095
46548
7335
8704
39735
10741
10251
20005
9140
20757
8765
9030
35533
20738
8719
18649
10488
9156
14453
20503
8135
28738
9594
20616
27146
12846
46483
9982
15970
50093
401
29139
5
100
25768
9304
9277
17969
33101
10135
7235
10488
9156
8146
7623
37921
12199
8711
9148
10822
17741
9194
8719
7653
7055
7144
16718
8643
8148
12479
15513
9805
9456
26829
9741
20717
10559
7426
10407
10890
17920
7258
9495
10416
12721
9161
40247
7532
14743
10293
14465
20496
9052
9279
9094
17671
10412
9140
12383
387
10046
16754
11599
9729
9030
9390
31308
10378
18992
26421
22301
11570
9180
9741
20717
10559
13941
48123
9207
9109
10986
15128
6903
9526
25523
8196
30055
9276
18736
22033
9790
13659
8159
9226
37824
9510
19386
9922
8704
9395
9874
6826
20002
8570
9823
9430
12516
7648
13744
4
100
12396
11486
10584
20503
8137
9207
9563
26074
9628
22237
10230
32343
10584
20503
8022
24693
8146
7060
26098
9303
7888
11816
7671
6995
9148
21734
9143
38916
14816
29381
8031
9024
12622
468
8220
7426
20705
8031
24867
9023
26095
9049
7397
9586
11159
9177
10063
14558
17692
739
7662
9668
12371
9677
12733
7530
9523
8747
9062
7335
9306
11159
8135
29843
7623
8024
12642
10056
13358
8017
19303
13525
8704
8652
30601
9960
9349
49036
9159
6825
21882
34972
8153
10911
387
36243
21328
10655
10034
42471
9030
20508
26767
9194
10470
11050
31651
46740
17901
382
14408
16718
8643
9720
5
100
9046
7492
19163
12079
10148
7235
11205
8263
11335
9395
387
12079
38998
17721
11978
9029
8146
7399
15946
9036
8265
8711
24080
12199
7187
18423
9148
9018
7187
10087
9168
9246
31913
6826
11528
468
39516
9153
13492
17394
7252
49895
7791
9085
31245
9432
20021
10388
8704
8265
8711
8094
9804
9599
10063
24237
468
8196
10718
47001
12847
8135
9517
19336
10886
10247
33931
18497
8137
21188
8705
9025
9080
26508
9320
12733
32555
29843
7623
16625
7426
10407
25031
8014
11954
9458
20527
9241
8017
19303
13525
11084
9258
10063
25495
15001
9490
13771
27519
8236
31862
9019
12733
7530
29843
4
100
17707
31898
9480
11000
7235
9580
9025
9029
8146
7623
37921
12199
8711
9148
10822
17741
9172
8719
7653
7055
7144
29930
12446
16715
10488
14465
8056
26829
9279
9094
36777
8418
16782
9717
12582
6903
27807
22921
25679
9207
9882
15591
25976
7514
8185
14472
16583
9052
9563
33486
6919
24413
7244
10883
14175
8270
30059
9261
11684
34359
19975
7060
11003
7889
12178
10686
9119
8006
19975
9177
30601
11570
9023
9939
9855
17690
387
9228
8159
9276
38409
7513
9248
29080
15148
36661
46548
7335
8704
9536
7187
13042
9168
40352
9319
25483
10134
33486
6919
9067
7474
8361
20863
19864
5
100
9242
9379
11693
21308
18614
9325
13229
9508
7335
8704
21308
7470
18614
9033
9280
12972
10764
15386
409
6824
12923
9330
11187
9346
7071
14458
9492
20305
10090
14830
9029
49019
7586
9752
7162
9351
16709
11913
10045
7235
10458
8146
15225
26421
387
41845
18418
9277
18324
8643
7122
8135
10279
8243
28596
8137
30738
6889
13235
7849
17304
37611
9098
22452
8765
27929
48512
12715
9304
21302
6903
9410
7671
9030
13830
11634
10988
8711
13219
35943
14441
7965
8095
7397
15386
410
8143
10850
10007
26006
27147
6903
28983
9284
28741
7375
46983
37000
41375
9676
10187
7182
6900
12289
13744
4
100
39982
9421
9480
30653
7235
9029
8146
7399
12519
9421
6958
10993
14110
11630
8711
7258
7532
14441
8519
9368
9337
10212
12201
14226
46503
9676
26992
8137
10717
9409
9199
15177
7307
8135
9564
9063
9176
17932
14674
31438
30700
12734
8022
13229
9508
7335
8704
17896
11947
10870
17624
9075
40304
6949
8704
26457
11509
8102
7470
9277
10599
10586
21292
26421
387
25387
32016
9052
10382
18515
9021
10407
35805
11136
13016
37544
9355
9188
28151
11200
6824
14730
7965
8095
7397
16701
9180
10391
9638
10017
11841
11019
6903
27067
8143
26132
21307
12537
9685
9178
8063
9185
50470
12371
5
100
13914
11252
45893
739
8613
8137
9666
7281
7483
9361
7514
8185
11252
8194
7237
739
8613
10542
15437
8194
37137
9443
19352
10635
9745
9346
18002
15918
11019
6903
9304
45382
9199
27786
7335
8704
21277
9518
10870
17458
23847
8153
7162
10599
13229
15525
8146
7312
9052
11488
35265
9368
13563
10199
9439
37521
11058
25041
11513
9685
11718
8063
8143
22832
9161
35265
6958
9209
11783
11936
29442
7801
8520
9446
10162
9036
9515
7489
18574
9511
35711
14411
9311
9340
11262
12572
10395
9136
44188
9405
10590
26421
387
27706
10083
9480
9249
15354
8022
9366
15466
11678
26033
9337
9025
5
100
10195
9912
9930
8610
18205
387
9912
7395
12537
9030
9882
13579
9430
23479
9922
9825
26006
9199
14441
9648
9133
9346
18279
9566
6889
14222
10776
14073
7532
33245
9246
13453
9252
9956
19097
7253
9025
9029
7335
8704
25106
13417
7407
10400
10407
48681
15453
9246
31438
19437
8022
33037
9546
9788
9341
41248
9178
8146
7397
8704
12519
21277
39344
25235
9376
33820
10362
20391
9033
10599
13229
9508
26421
22646
7824
19295
46122
9244
19066
12972
10764
9243
10552
9029
37169
7824
21203
43213
17053
11000
31871
9417
13202
6824
10157
7249
11042
41390
9080
9513
10869
9036
22821
29306
8608
3
100
37979
21290
17676
9140
9022
16711
11446
9307
9558
9430
15223
9136
9745
20545
10345
6828
9025
10517
26006
9199
11447
9048
8146
7623
16718
14386
14472
10151
9168
9390
9130
11687
10219
10293
11169
11181
11540
28738
9017
8340
6824
11585
8135
9018
7521
13015
457
451
17447
449
41141
5
452
18597
9485
389
441
11308
9560
12442
9508
8441
8688
9338
10230
15605
47340
10189
13042
9148
10111
13805
9168
9123
8336
25318
21760
9511
34851
8
9563
11380
8263
6858
12139
393
10079
12691
16293
9697
6884
8747
9667
12199
7187
18423
9524
9034
17680
17214
8042
9607
14977
3
100
9689
10239
34949
377
7470
16727
9036
9125
14259
10293
9119
8146
7623
37921
14472
10151
14147
9148
13042
9168
9563
16858
7244
9741
8023
17698
10686
9156
8340
6824
11540
28738
9639
11181
10309
8135
9426
18795
9605
14315
8104
46483
9982
43804
37652
21663
11924
12293
11899
463
389
9821
43832
9662
12442
9508
10640
7162
34407
9756
10003
391
393
388
15185
10521
18258
11603
394
9500
12442
34851
8
12199
8711
10449
9135
9490
10040
12039
10594
26249
31517
10623
14200
9130
11164
8213
398
9869
8007
10045
11341
9034
9518
9143
20117
9869
27663
29057
11622
6932
9759
5
100
9961
10840
8066
9022
9533
8143
9795
10600
9961
19245
11477
9855
9172
10470
10802
9563
14363
10868
8474
35641
15316
14472
10151
14147
9148
16852
9168
22147
8187
7194
11197
7788
8599
8750
9023
24733
8146
7623
12213
8484
9789
12199
8711
9518
9036
12314
9267
21655
9767
7556
15133
9426
10384
22955
9166
10007
20659
8149
46548
26421
22301
12213
8484
12673
23032
9172
12407
9090
16587
9224
9357
681
389
9018
18554
9609
19864
10040
9877
11290
10840
8765
8148
11841
9457
11574
6954
11135
10266
11772
16195
8705
9025
9080
25012
10341
9243
45487
7335
8704
9456
26829
44541
9324
7791
6
100
12224
10730
8137
11693
31656
15381
9030
9882
13230
15591
10293
9119
7335
8704
11570
8168
9094
42548
8215
9180
9194
10470
11050
31651
46740
17901
14408
6905
12141
10001
8711
14604
8143
11799
9069
7769
12520
40242
29179
7470
9430
9888
9136
9947
32773
9124
22426
6828
9025
10517
9337
10148
9048
8146
7623
37921
14472
13805
9168
32800
20496
10808
9592
26098
9292
49036
21734
9191
38916
17389
8705
9025
9905
20616
27146
12068
46483
9982
43804
389
42211
21664
457
451
13650
9821
43832
9291
11522
9511
34851
8
9563
11380
8263
6858
12139
393
10079
12691
16293
9697
6884
8747
9667
30601
5
100
9279
9308
9529
9631
44039
8137
12818
7530
16930
12090
9676
9019
19303
13525
8704
8652
30601
11570
9052
9324
8806
8194
10967
19062
7669
9110
12623
9018
7056
8033
37022
10461
9524
8104
7849
15852
10110
9212
7559
7849
13617
8263
10333
9183
8363
7847
13660
7194
9613
387
9526
8703
6944
18397
40845
20060
6889
12644
9055
7886
7586
18397
40845
9034
10210
14435
9030
9188
6886
12451
29763
10378
13659
13872
8
9563
11380
8263
6858
12139
393
10079
12691
16293
9697
6884
8747
9667
12199
7187
18423
11154
32566
6824
8243
8359
7625
20269
11432
7561
17333
22267
17214
6958
7824
5
100
29060
6903
10195
39310
9642
7235
9826
8711
29060
8022
16210
9366
10967
9717
9458
14133
29614
9029
8146
7623
30935
9052
9172
7691
7384
15699
29000
681
27400
7470
10693
8704
10395
9136
28952
44188
7249
39802
14215
9017
26421
17939
6903
29109
16368
26221
9059
10444
42940
10607
8552
8135
9456
11294
11998
8705
30765
7281
8148
33172
7055
22483
387
26569
8505
9030
9882
9920
9694
15997
20659
8030
10998
11401
11814
8143
41142
9849
12131
7335
22418
22301
30935
9052
10869
11175
10884
9080
739
8816
8708
12921
12372
49202
12120
35907
7889
13645
20787
39310
7485
8137
16278
9033
9280
5
100
10428
12191
31406
10464
16757
6903
10464
9063
9136
7470
10148
9033
14786
10475
8146
7399
9513
10869
9036
22821
29306
8608
9052
9172
19062
9063
9136
13471
29894
12224
8146
21120
14465
35575
7252
12224
25385
25768
9304
25098
49809
16082
17592
9029
26421
9018
35884
10303
9640
30899
8135
9094
8149
9148
27266
32584
45311
9226
9016
10070
12557
7489
12503
6889
9536
9673
9427
12277
10013
684
7162
12044
9467
10899
8711
7194
35884
9693
9269
9873
8608
8257
9177
9640
8185
6866
19588
25594
7080
15825
387
22137
6855
23971
25594
14668
406
33739
10063
7965
7556
50220
9265
10431
12442
6
100
22159
9376
12543
9422
13676
7627
9030
9882
11532
24767
7335
8704
9172
10470
11050
12767
13600
10238
681
9180
10040
12743
14326
18101
23128
10661
8148
44166
398
8765
10141
34243
23128
10661
15316
10686
9156
8146
7623
15259
9052
9390
9130
9869
8030
11243
11181
9436
36349
9356
7367
27847
11604
8423
46548
26421
387
22301
33860
12199
8711
9518
9947
9486
7799
12107
13676
6884
12947
9430
12298
9136
10903
11136
30748
9025
10517
9463
8340
6824
10872
9188
9242
9556
9167
9983
22827
9304
11355
8143
9072
10362
19510
17262
9025
9029
7208
10720
9456
26829
9741
20717
10559
7426
10407
22821
4
100
41144
38892
17058
10135
7235
10061
9035
8146
7399
12519
12199
8711
9052
41144
13409
9464
14811
16399
9034
7109
9518
36791
9510
29057
7599
7532
10779
14417
12033
9177
9640
7982
8068
45731
42704
10574
29842
9019
15910
7530
9640
7982
8068
44777
11389
26162
9362
10769
22785
32737
12813
9168
9071
7883
8263
9944
26973
39890
8704
8652
9528
12453
11026
739
8649
8608
8461
8135
10869
9774
10936
9282
21367
9038
9029
24665
9094
9138
7415
6877
17981
13365
9135
9490
9246
9085
8007
395
9869
7489
11095
30112
7250
9016
8
9522
13540
9456
8711
9148
9747
9262
9172
19766
4
100
19534
18995
10259
20757
9185
20757
9276
9430
9745
16203
11252
8705
9025
9029
7335
8704
11132
22600
15111
10161
10230
25724
8711
25175
24491
10599
15225
8146
7397
8704
11921
9898
20192
9745
14805
15638
26139
9025
9080
9257
26421
387
9018
21579
32619
7777
9136
9939
21942
9199
9554
9188
10274
24609
9675
9304
29586
9243
11181
11401
13902
9638
14908
8340
6824
10872
11631
8022
9167
41045
22623
13499
11178
12105
9992
16582
9552
48397
12289
18614
9033
10135
7235
17380
46548
12715
10735
387
22301
37921
14472
10449
9168
40352
9319
25483
10134
10293
11169
10107
11585
8135
46483
9982
4
100
12846
9127
10640
30653
7235
9029
7335
8704
12423
6842
9224
29265
9207
23806
8168
9140
17098
7892
9030
14112
18321
20280
20018
9062
26421
387
22301
9664
27439
7485
8137
9430
11336
19264
9052
31354
30916
8066
10428
6866
20105
9276
12572
9172
8429
8643
30916
15316
10488
7249
9444
41480
10903
42083
16888
9025
10541
33757
8146
7623
9664
40783
8135
12199
8711
10449
9148
10293
19926
14281
9925
9023
13895
9153
8702
15805
11420
23029
9532
392
8335
26930
9390
9085
28138
38409
32800
7514
8185
9020
17470
9180
12311
27691
468
39521
35263
14326
13847
9605
43903
10695
9156
393
4
100
9293
10259
42568
16195
7235
15225
7335
8704
9172
8022
8006
8622
9726
12480
37648
9021
26184
12224
6903
9070
8042
9438
10021
10697
8705
9025
9080
9819
9048
8146
38052
11336
10395
9518
12743
9130
7609
14239
17839
25098
10730
9038
48660
9025
9029
26421
387
26463
9939
15605
9920
10944
26461
11814
8711
13981
9788
9341
9882
23205
22711
11250
10960
8
9426
16537
11906
9830
10003
42983
24645
9634
12199
7187
13805
9148
9018
9271
10087
9168
9528
9755
7877
14766
6853
17698
13363
9457
8393
7198
36645
14453
8765
8148
9752
411
425
9023
9194
7293
16006
8751
12141
16727
5
100
20237
9036
10623
10043
31938
7426
10490
20166
9025
9080
11153
9048
8146
6899
8135
9172
7208
7691
8125
681
21666
8143
9613
10395
8148
9172
8022
8006
50323
8006
13439
12120
9882
15997
9036
20241
11667
7656
9025
9029
26421
387
9479
8467
7610
9021
12900
10058
8511
9272
32746
50323
10546
13572
9033
12298
9136
10903
42083
13981
9025
10517
9389
14465
7335
22418
9479
8467
22623
9430
30412
9124
9209
12610
9230
8612
8052
7690
6903
10819
27435
10262
23561
8628
9030
9882
9384
10676
9304
45498
9788
9341
9947
25445
8704
9396
9267
7691
20273
12199
8711
10449
9148
9563
18398
5
100
18967
9451
9480
32739
11000
7235
9029
8146
7399
32739
28276
9306
10339
7627
9518
9267
11455
9404
16096
11165
9773
9174
17442
14742
9025
9859
12315
9194
38361
382
10280
9108
12315
9194
38361
23358
8256
387
12057
8135
9745
14226
45436
9280
13229
9934
9257
23006
7788
9018
26515
15620
16709
36976
26006
9199
9554
19959
19095
16462
7162
18720
12972
10764
11839
9337
9025
10960
8
9426
14450
46715
12199
7187
18423
9148
13805
9168
9522
17852
9023
13363
9172
10470
11050
35021
9767
11194
32944
8765
15714
11181
8711
9390
9085
8007
399
9869
7489
20552
8143
16103
7892
10331
25739
6
100
13919
13883
8518
8143
20244
8098
7235
9304
20166
9025
9029
8146
7623
37921
14472
15179
9168
10293
12495
20616
11248
13919
41591
9023
15695
9025
10960
8
9426
22771
16322
35576
418
414
9667
12199
7187
9135
10081
10141
35283
8000
12638
8135
9390
12283
399
8361
396
12575
6824
12245
9034
8105
9147
7489
395
8361
398
10802
29402
384
12618
9143
44344
11139
11927
10087
16863
7584
7671
28158
14635
9133
35283
32203
20852
9635
50242
9788
11067
31258
400
11460
6824
12841
29035
35684
397
12405
29402
9017
14520
11423
9563
387
13463
9030
29828
18284
46968
394
11603
9028
10810
36225
4
100
9939
9855
18007
8676
9261
10647
9119
7335
8704
18007
8676
9879
14241
9939
13230
8705
9025
9080
9194
16904
20893
6905
47708
10001
9156
8146
7623
37921
14472
10151
9168
40352
9319
25483
21734
9045
49036
9130
38916
10293
12495
11181
11540
28738
9017
8340
6824
10309
8135
46483
9982
43804
389
448
443
9549
440
44683
389
42208
43832
9662
11585
9748
34301
12522
16554
9133
9018
7521
13015
449
456
5
452
18597
9485
439
13271
30258
463
20449
5
446
9574
23495
11060
389
34192
9560
21760
9511
9508
8159
14261
27146
9426
16904
9605
14315
8104
13919
41591
9023
5
100
9689
18101
7627
12035
9154
10472
8146
7312
9148
18101
33805
9242
9379
10548
11683
11439
6866
9213
34243
9908
16285
9695
9068
9929
11761
8066
23482
9939
9659
7991
9463
6947
10431
12087
30204
10021
9194
8084
9702
9084
382
9551
34243
9559
9855
9242
9409
13088
8022
9167
15982
10429
8137
9025
9080
10586
25012
17432
9516
7335
8704
18101
9631
9526
14540
17367
8263
9944
11234
20130
48541
37375
24411
9788
9416
11686
9018
9548
9199
9826
9850
9362
15039
27450
10479
15620
11355
8143
12059
9554
9022
43366
21855
16892
9650
13903
9505
23006
7788
15378
16285
15381
9207
9366
16254
3
100
9279
11204
20503
8137
9207
12199
7187
18423
9148
9018
7187
10087
9168
9563
19367
13386
9605
32984
9026
48973
11204
8704
9172
10470
11050
27882
11364
11197
7788
8599
12480
18968
9224
21043
35525
14306
8146
7623
20945
13153
8704
9324
8263
8135
9613
7162
9640
7575
8263
8450
11364
8469
7788
11943
9426
12134
27882
8143
9689
18874
9797
8245
15910
7530
22137
7623
49714
10040
7743
9554
11290
9733
9458
14133
11247
9243
9032
9913
26973
13525
19011
11316
8461
34535
9034
7789
12283
8104
9639
9182
27655
12073
8615
8505
8608
8461
9023
9826
19572
8
22301
37921
14472
5
100
9632
9238
10259
14005
8518
8137
22717
9362
10769
10280
14005
8518
8143
28881
9103
7049
8705
9025
9080
9882
13230
23610
7235
11630
7249
9029
26421
387
22301
37921
9172
23941
8518
9942
42848
12178
9430
10040
11765
20659
9489
11328
9021
11181
10626
9939
14005
8446
29721
9659
9580
9788
9341
9947
39802
14215
9017
8146
7623
11570
9180
739
7432
7220
31569
15118
6903
9304
9033
9172
23941
8446
8694
9039
8139
8765
16053
739
7862
7372
8565
32226
44483
8814
18146
9023
29586
25377
8484
7965
22887
7104
681
9030
35533
47414
32800
7335
22418
14472
13805
9168
26945
9050
8484
4
100
16947
9664
8662
29930
9017
8146
7623
21835
11943
12199
8711
10449
9148
9456
10093
9168
28814
9172
10470
11050
12767
9664
8662
11573
681
19993
26815
18862
9438
42775
9117
9029
7478
8662
8135
11336
16947
9518
9267
10796
18422
41203
9882
11262
12572
10395
9021
10998
11401
13902
9626
21647
8159
13153
14465
26421
387
22301
9664
40783
8137
9430
14223
20659
8148
9084
12053
9177
13003
9028
12744
10377
50059
9077
15417
10458
9638
11747
23523
9199
13366
7514
32587
9172
8022
8467
7610
14026
25065
24777
20589
36703
9612
13427
9061
12010
25359
8237
6903
9304
9209
7249
10313
9728
7
100
10607
8066
9304
9033
20651
9063
9136
7470
10148
9033
10599
10586
21292
8146
7623
9046
7492
9063
9136
13045
11205
7532
10464
9675
9304
20651
9185
9067
9771
10345
12399
9362
9105
7323
21598
16841
9094
10624
13251
7055
46027
11806
9744
10030
9508
6900
10116
14175
9224
39379
12694
8711
18859
20454
31656
31545
10607
12333
39351
27359
8239
9025
9080
11153
9048
26421
387
34927
22600
37507
8539
9261
41203
9882
16316
18321
9659
9580
9788
9029
16941
9177
10769
11676
10852
24177
9025
10517
21674
8265
16316
10412
7235
14441
8006
19975
9717
16756
9366
23415
6903
28759
7461
9030
10251
10779
10985
3
100
9689
14320
17345
376
36500
8146
7623
30935
9052
9882
30015
12498
11630
8718
10010
7514
8185
14472
10126
13805
9168
26945
9172
10470
11050
10592
415
33743
38805
681
12068
14996
14573
16858
8187
9599
22301
9271
32688
18309
8628
9717
10223
8104
25226
9439
9112
9446
12298
9044
9220
8364
8137
9430
9390
10368
49009
12921
7622
7877
9032
8688
8608
8469
8137
9264
8194
11387
7335
22418
10183
15179
9168
26945
9172
412
415
33743
38805
681
12068
43320
7085
7756
9123
10067
9161
16858
16537
42460
46483
9982
43804
389
457
11650
457
22721
451
18510
25816
389
441
4
100
10195
9437
8143
12003
6903
9304
9437
8143
16700
9377
24934
9207
10805
26616
19303
9135
13872
8
12199
8711
10449
9148
9456
10093
9168
9563
18398
387
30638
9030
12144
9194
43896
9085
6919
12479
22976
13939
15186
8146
11025
9130
8007
399
9869
7489
8104
11113
9243
14759
40004
11325
14823
15113
392
11603
8022
12412
37043
16484
11037
9249
12199
7187
10081
46971
14917
7194
11025
21306
9191
10355
398
7489
10045
30112
14465
9489
9239
10808
10141
10281
6824
10463
12804
10033
383
12869
12535
7489
45796
12618
9143
11116
380
12734
8704
27035
9017
7788
8381
11519
46971
14917
5
100
9293
10259
40367
9088
7812
8137
9430
40367
9120
9631
11229
8066
14842
8022
9167
22939
45515
9029
7335
8704
40367
33038
9224
11631
6824
26945
9592
32619
7777
9177
9745
14226
9939
9103
8204
11213
11132
15605
39341
11814
8711
35315
9025
9080
14422
16963
8146
7623
37921
14472
10151
15179
9168
40352
9319
25483
21734
9045
49036
9130
38916
10293
11169
11181
11540
28738
9017
8340
10230
43728
11146
46483
9982
43804
389
448
20449
457
9574
461
9549
389
441
11308
9291
11522
9900
9034
10773
391
393
388
15185
10521
18258
9869
9560
37271
9511
34851
8
9563
11768
12199
7187
5
100
9138
7415
13409
10043
46027
9185
46027
9030
9882
11101
9337
9025
9029
7335
8704
10779
14417
12033
8066
18395
8711
12912
13409
21281
16718
8643
12786
37474
46548
8146
7623
37921
14472
15179
9168
10293
12495
20616
27146
739
8649
8630
15325
43804
389
454
10845
444
11650
11060
463
9574
389
441
11308
384
9323
9034
10773
391
393
388
13224
16341
29941
400
11995
9560
37271
9511
34851
8
12199
7187
18423
9563
37043
16858
7244
9741
8023
17698
13363
9172
10470
11050
12767
9767
17206
17947
14453
8765
681
9180
12171
6958
9480
13755
9377
10216
9181
7480
9173
9499
9683
3
100
10464
22973
15381
9030
9882
11101
9676
9029
8146
7623
11204
8135
12199
8711
10449
9148
10033
9168
28814
9172
10470
10802
9563
14363
19011
11048
8196
681
10317
14853
9021
9478
19926
9324
8263
8774
22718
16887
9948
9568
6963
30785
9640
15118
14363
19011
11048
10260
9457
22220
24914
11087
9304
9033
20531
684
32555
22137
7399
38611
9351
18928
9553
7426
38424
9038
13310
8705
9025
9080
16879
9069
6962
47002
26973
9135
13872
8
9426
14450
46715
14472
10151
23091
10111
13805
9168
9036
9271
6826
9194
33625
9374
12055
25854
46821
12141
15247
10040
12079
8014
6886
11740
4
100
9215
12372
44163
10135
7235
10488
9156
8146
7623
37921
14472
15179
9168
40352
9319
25483
21734
9045
49036
9130
38916
32800
8340
6824
11540
28738
9639
11181
10309
8135
46483
9982
43804
389
448
443
9549
440
44683
389
22174
43832
9662
12442
9508
10640
7162
9034
10773
391
393
388
13224
16341
29941
400
11995
9560
12442
34851
8
9563
11768
12199
8711
10033
392
8149
9148
9456
10093
15664
8149
9168
26074
28147
31957
7644
15848
8769
10007
36933
9802
50345
19862
9217
16989
16863
15118
7888
7071
30152
7119
7791
11533
10704
18398
10810
9759
9444
38261
10834
12081
16839
4
100
19306
17339
9059
6967
8137
9676
13358
10846
17339
9059
6967
8146
14441
9648
9133
19306
13417
7407
8428
9021
14222
6903
9060
9834
26068
10108
10090
9199
15177
7335
8704
9912
12834
18595
9025
10571
25741
10599
13229
9508
18988
12557
32030
9465
9277
10137
9677
9248
13579
19271
13575
11488
10161
17014
18489
8711
23715
15918
25235
14795
9376
33820
10362
20391
9033
9199
49992
11764
9337
10212
12201
14226
46503
27290
17896
26457
11509
8102
7470
10659
10382
10962
9259
16985
16011
40304
6949
8704
11947
33032
9030
30700
39012
12509
35466
9178
26421
387
26992
8135
9564
10717
9409
11841
6
100
9046
7492
10016
7399
8420
11630
7426
9117
7749
9063
26577
39005
9029
8146
7623
9046
7492
9325
10464
9675
9304
9033
15148
9340
6958
9207
9563
18398
8143
9036
18146
9023
25768
9304
17969
7889
9391
9676
13358
9173
16203
9463
11686
33101
28076
32732
12762
33102
9337
9025
9080
14553
10667
8711
30939
8094
16022
20229
31569
9804
9599
9640
19062
9136
11477
48541
16285
9784
9248
29080
15148
36661
9025
10517
9882
15591
11630
8718
15910
7530
22137
7623
9046
24663
10464
18264
24177
13342
11328
9021
9389
7249
9019
26973
13525
8704
8652
9172
10470
11050
31651
40242
17901
681
9086
20637
5
100
49166
9077
13501
15730
22828
9017
8146
7399
15730
22828
21835
11943
12199
8711
9148
9347
14465
8263
7058
7187
9168
9563
387
9053
10163
13463
9030
29828
12949
12054
10293
7250
9075
9456
26829
10141
9021
10601
9062
8719
7653
8345
6958
29930
9052
9390
12283
396
9869
8030
10378
18992
15118
8135
34197
392
7489
394
9869
7536
34197
25486
14753
393
10608
11095
30112
7249
9278
15200
11084
11299
9147
7489
395
10895
45745
9064
9851
399
9100
45745
9026
10934
398
10470
7536
384
9470
9551
8187
8368
10107
8159
9044
16137
14395
9172
8719
12712
10345
7372
681
16718
8643
3
100
37648
9712
12557
7470
11219
7991
9277
26116
11530
9065
18047
39964
8239
9025
9080
30016
9090
10997
9017
8146
7623
25169
9860
9172
7877
25306
8660
9021
12668
43689
30412
9124
681
16888
9025
10517
9036
9199
13366
680
7877
25306
8660
40056
12178
9430
37648
8137
13563
15605
20535
15605
13796
11814
9038
9444
15225
7335
8704
42460
19971
6903
20078
9733
42609
9826
8711
10903
42083
13981
9788
9029
26421
387
22301
25169
10400
10407
11336
9052
28372
9023
10396
12349
9133
10021
9209
12610
43575
10312
7250
9593
9497
9600
22932
13034
40087
11989
10433
18818
36309
16888
9025
4
100
49462
9040
9702
17676
9276
10314
9512
9640
7981
9021
9351
20756
9947
11342
9038
29918
45142
12717
6958
11357
23879
9172
20550
8704
9308
13439
10548
9199
9861
8702
26973
21480
8146
7060
11570
9052
9524
8104
7849
15852
10110
9324
8762
7889
37022
10461
9018
7056
8033
33703
9030
9751
9628
9060
10398
11159
12033
9804
8159
9225
13659
13872
8
9563
11380
8263
6858
12139
393
10079
12691
16293
9697
6884
8747
9667
30601
26098
9303
7888
11816
7671
6995
9148
21734
9020
38916
16858
16537
30638
7756
8053
8022
49496
15867
6905
9261
11219
12325
24108
25461
8066
9464
10012
4
100
11019
8168
11252
9154
387
35265
9154
9030
9882
9684
9238
12313
8146
15225
7335
8704
9172
8022
8467
7610
14026
9479
8467
22623
9430
10313
14417
8066
9304
9063
7144
8137
35969
10046
19345
9659
9932
9280
19282
7791
9173
11799
13725
9029
680
8022
23655
10662
8688
12480
25065
10395
9021
10998
11401
15641
10884
9080
21666
7426
12199
8711
9148
10141
9215
10807
10824
9405
10960
8
9426
11624
11407
14472
15179
9168
9741
14366
10608
29716
9123
14855
19836
25022
36209
12191
15247
9194
417
424
430
28633
20833
648
19836
25022
7489
6958
13047
9874
12356
16087
16863
8146
5
100
23706
24101
9065
8084
8707
10809
387
9394
9022
9065
8084
8707
10671
9080
9548
9290
16346
6889
11273
12588
6947
41481
12627
9036
14112
10584
9582
387
9250
11777
16040
10526
9097
10444
12353
8146
24030
10021
9018
25890
10780
9110
13050
25200
377
10972
9094
8149
17339
9168
24692
41359
9846
15361
16563
47637
12102
10074
10714
10993
10909
9179
9582
12517
9416
43056
17582
9782
9676
9080
14370
13466
19520
12148
7743
10734
15039
22507
16787
13875
7991
13689
12102
9427
13680
6866
9213
7965
35162
12858
6824
12009
9063
12333
9278
29918
10135
21757
9257
21319
9433
12857
9148
15378
9919
4
100
9114
13374
11316
44868
9023
9194
7071
8149
9148
382
9030
9882
30015
12498
10293
9119
7335
8704
14472
15179
9168
739
7432
7220
32947
8191
9269
14055
26945
9194
10470
11050
12055
12508
7801
8149
15252
22353
387
13572
18811
7198
11533
21991
10676
9264
8194
9033
38204
7235
9304
32800
8146
7623
9088
16373
12199
8711
9518
9246
43494
23030
28311
24766
11630
14465
14435
11704
9600
20038
7965
8100
7610
16605
13503
24394
383
12677
7489
400
9869
45796
20038
7698
11337
10355
7489
399
9869
8104
384
9225
9029
26421
22301
11570
9180
46905
29424
9613
9803
7155
8148
20301
3
100
10152
9034
44163
6824
10463
9257
6947
7399
7220
9022
44163
11510
10021
9018
9194
7536
7767
6824
382
9505
8146
41481
9871
9745
9034
9170
9438
9430
13895
15248
8139
9551
27914
11132
39349
9290
10854
9134
25571
12320
43056
11993
10152
23715
10537
8236
9149
13548
34078
8376
12360
21319
8159
9258
9415
11064
9080
9548
9199
9054
9094
9243
9659
21795
15995
19561
7788
9258
9745
32130
9306
14208
10781
11545
13358
9035
47637
11777
14444
9062
8075
7080
9511
9294
10556
7825
9052
10074
9366
18443
9359
11188
10206
377
10972
17582
17779
9031
11063
9278
35723
28440
9887
4
100
13914
10856
31898
6958
9030
9882
13230
12090
9430
9632
26402
6886
9049
12391
9279
10453
13576
11506
46365
9243
13493
7252
19303
9135
13872
8
9563
11380
8263
6858
12139
393
10079
12691
16293
9697
6884
8747
9667
12199
7187
18423
9524
9034
17680
17214
8042
9607
14977
9062
28397
8135
30601
26098
9292
7888
11816
7671
6995
9148
21734
9085
38916
9097
8168
7892
8267
7894
9391
10293
8704
9200
10939
9501
7888
11995
7671
8325
26114
23559
8711
21996
9999
7597
9034
20684
23576
10580
9023
31455
10813
13969
9038
9080
9243
16639
7981
7788
23576
10228
23019
7655
10101
42393
3
100
11345
13036
50923
7426
22016
9148
19101
9036
19034
7470
9754
9427
13036
9021
26495
9741
10400
9389
14465
8146
7623
37921
12199
8711
10449
13363
9194
10470
11050
12767
9613
33838
382
11570
9023
9609
20659
8148
11328
9048
8056
26829
20531
10808
9592
9390
9130
11687
10219
10293
7253
46548
8340
6824
10872
10383
15326
20322
9563
6905
27691
10647
18902
19864
49253
7889
9140
11003
13990
13659
9038
27607
6903
9304
9033
9553
20893
8137
9337
9025
9029
7335
8704
20503
6842
9177
10383
15326
11074
10672
9882
31412
13230
15591
9939
10925
8705
9025
9080
22103
7235
16387
9508
7
100
9293
10259
739
8430
8548
8149
22547
7470
9356
8017
10010
8146
7623
9052
739
8430
8548
8149
22547
8022
28096
10574
9432
11477
9205
7788
9919
14240
10106
9313
9651
10010
6947
7399
7220
9022
14594
9816
9036
28736
14819
30431
8210
14782
377
7965
11597
9018
6866
19588
11334
7991
406
16563
27914
27784
9413
10045
12476
6834
9176
10074
12154
8204
9414
19826
43056
7162
18314
21581
14521
11726
13243
9668
10078
6831
11983
9258
17226
19175
9135
7978
18961
382
8006
7328
6866
9498
9122
42315
10401
10917
39417
8263
406
44668
27914
28315
9749
7584
13453
9080
10008
8041
34693
19561
7788
5
100
29306
8608
35907
7877
10107
8159
9044
9220
8364
8137
9430
9390
10368
49009
12921
7622
7877
14527
7119
9032
8688
8608
8469
8137
9264
8194
9119
7335
8704
14472
13805
9168
9172
12438
7622
7877
20237
35907
11337
425
22068
424
408
427
409
417
9752
421
412
426
28289
10293
8711
20237
8066
9304
9033
9882
30015
12498
37474
46548
8146
7623
37921
10141
9215
10807
10408
32800
37184
11742
8191
9180
10769
31354
44797
387
13727
8513
7235
7085
8413
9030
9843
21666
8143
16756
9803
7155
7470
12743
31087
36287
7252
42004
11667
7656
9025
9029
26421
22301
11570
9052
739
6
100
15275
8688
11244
8006
9930
8610
8135
14564
9166
8694
8418
9168
21465
8711
33215
6867
9091
9377
12486
9038
27343
9080
9301
11186
9028
7028
10826
7335
8704
48240
9731
9492
20305
10090
15386
409
8066
10403
6824
12923
9114
47826
394
9472
12189
16255
7249
9341
41046
10558
8382
9124
9922
10108
12364
8146
13644
39713
12443
8137
10474
18566
9479
7803
7877
27726
9359
49067
9049
7884
6903
24119
13538
10408
31041
9025
9029
26421
387
9172
8022
10415
8579
8109
15646
12480
12010
10573
19671
8148
9050
8484
7965
22887
7104
8052
12191
41006
10395
9021
25191
7799
40865
9325
35768
8705
5
100
45045
17077
9480
9018
8191
9355
9366
10574
17077
9368
10725
12520
9029
6856
6958
10586
22455
10021
9172
7859
6962
20708
8146
6899
8135
12671
16535
9161
42126
9199
9554
36988
9122
7175
7530
19866
9103
7049
8705
9025
9080
15176
26421
387
12671
24371
9145
9185
9625
8022
10728
15293
12942
9612
21215
9266
9131
7788
21341
41480
9564
14981
33999
12532
11686
9018
18554
14223
20659
9489
9172
7859
6962
14026
9563
20508
9023
9278
12934
9367
9044
12193
18734
15118
8143
10529
9170
25475
18350
6893
22642
12458
6903
9304
9033
22301
37921
14472
10151
14147
9148
13042
9168
16852
6826
5
100
739
8545
7608
31898
6958
9030
9882
11101
46362
9029
8146
7623
37921
12199
8711
10449
9148
9456
10093
9168
28814
9194
10470
11050
31651
46740
17901
13215
23367
16718
8643
8148
12479
16715
10488
14465
8656
8344
6921
9804
9599
10063
8056
26829
40242
17901
9055
10062
9207
9366
16254
11821
8149
9031
377
9131
7530
29843
7623
23191
9430
9195
18226
12934
23453
9304
9033
29918
13997
9659
12312
6872
19303
9135
13872
8
9563
11380
8263
6858
12139
393
10079
12691
16293
9697
6884
8747
9667
30601
26098
9303
7888
11816
7671
6995
9324
9034
9214
10100
29018
8159
35952
27715
9062
3
100
18504
39310
9807
9325
13229
10341
9243
9032
9913
19303
13525
8704
8652
9018
18554
44188
9262
9194
8022
8006
8622
9726
13438
32746
8622
9726
8143
31976
9848
38930
9772
419
410
739
8062
8548
7428
31045
9748
42757
9062
407
419
410
739
8062
8548
13623
49194
9741
8006
30261
398
388
12800
9100
39259
34202
7807
8137
10864
17861
23819
6903
19263
7824
12751
20280
9960
8406
9017
7335
22418
11336
10395
9518
23410
9510
15072
7252
48089
15662
26562
8011
8467
10546
10693
8711
10903
14239
9208
29447
44905
24767
8146
14714
387
20743
7385
26014
447
412
39410
3
100
9450
13815
15016
40410
8148
9172
7877
25306
8660
9105
35646
24088
12178
9430
12248
15695
9025
9029
8146
7623
30015
11943
14472
13805
9168
10293
12495
9162
8364
9599
9094
7187
10087
10157
9156
8704
8652
9230
7487
15283
8420
10161
21666
10607
8052
8643
7162
12199
8711
10449
9216
27232
29794
12062
13475
46019
29362
9172
16941
8052
8643
32746
8102
7888
13439
44188
9062
680
8022
8006
8102
7888
12480
11336
10395
12618
12743
43494
9510
17016
34244
9199
13366
7335
22418
13993
47918
11262
42757
9038
9341
16701
23036
17010
8186
9124
9922
10108
10826
26421
387
10607
8052
5
100
9454
8450
9109
8461
32104
7545
9023
10824
9262
11704
8135
9432
22821
32104
7545
8137
9430
13572
8705
9025
9029
8146
7623
37921
14472
15179
9168
10293
12495
11570
10808
9592
16576
9123
8336
7849
10368
49009
9194
8022
8006
8622
9726
13047
9264
8194
9119
7335
8704
32746
8622
9726
7470
13935
9033
9548
12298
12333
9479
8467
22623
24767
20496
10950
9044
32746
8622
9234
9460
9390
9085
9869
6841
14082
25155
9805
9018
9513
15606
12605
9220
8364
8711
12283
8104
10439
8143
42460
9032
8688
8608
8469
7235
10312
20564
8
9426
24622
10081
6953
9379
9081
17267
16839
9070
5
100
12742
15403
8143
20244
8098
7235
9304
31041
9025
9080
15403
9048
8146
7623
30015
11943
14472
10189
13805
9168
10293
11169
9220
8364
8137
9430
9390
10368
49009
12921
7622
7877
9032
8688
8608
8469
387
9553
17047
6932
9276
9264
8194
9119
7335
8704
38204
10808
9592
16576
9123
8336
7849
15606
7536
12333
9194
12438
7622
7877
14527
7119
42460
11437
8660
12141
10709
9738
9162
8364
8159
10157
7162
10151
10087
11692
8
9426
24622
10081
6953
9379
9081
17267
16839
9070
6879
9062
25148
8135
12199
7187
15179
11746
22519
18108
20759
9018
9239
12891
17436
10399
13431
9842
9941
6
100
10464
10043
9049
7281
40766
10939
375
8146
8196
9148
9347
376
36500
378
7965
6958
739
378
8126
7965
12438
10952
739
5
440
14916
463
437
451
11308
11756
457
8
10070
8135
45887
22600
25455
8270
8148
35116
438
8052
8689
14766
8446
7478
438
438
7470
11725
8711
7281
7481
6866
10078
37767
9018
18554
25894
14766
45831
9609
15562
9481
10010
10072
9939
9855
13883
8446
9379
33146
11213
13358
10247
41281
14585
10021
35116
8052
8689
36579
37184
7388
7877
10542
6947
7399
7220
9265
7162
25894
7631
9989
12011
9867
9022
6857
7426
20237
7470
9659
9784
8017
14782
4
100
16641
10133
8564
7877
12980
7445
7812
8137
9430
12298
9136
10903
42083
10133
8564
7877
13796
16888
9025
10517
9337
10148
9048
8146
7623
22200
7470
13731
9164
9908
20038
7293
16006
14381
36118
8006
10997
10312
9140
10210
14832
10822
20038
7293
16006
14381
36118
8006
9464
9698
9807
14461
9276
43566
46548
7335
8704
16641
8732
7877
10274
10259
33139
10416
8711
32256
9127
8425
11692
8
9426
16537
11906
9830
10003
42983
24645
9634
12199
7187
13805
9148
9018
9271
10087
9168
9528
9755
11702
21057
9023
13363
9194
10470
11603
9457
23651
11906
9569
20953
43324
49625
12309
8756
3
100
12122
9647
15697
8137
9430
13895
34934
15982
11420
9689
9095
10181
11630
9038
9029
8146
7623
12079
8135
12199
8711
10449
9148
10293
8704
9172
10470
11050
33253
15697
7198
681
21835
11037
15513
9048
8263
7058
7187
18032
9052
9528
15883
8236
25280
9023
13363
9457
12743
14326
9767
20424
14450
32944
8765
8148
9172
14363
12551
14450
37406
10921
415
421
426
411
430
31699
11181
387
9882
13230
15591
20659
8030
9458
35525
14306
7335
22418
22301
12079
9180
10040
11765
11099
9238
11958
8345
6958
11328
7235
39998
680
15478
13425
11958
22828
12480
9098
13887
19108
34049
3
100
47969
37249
15381
13230
387
12010
7692
7139
15381
9030
9882
27175
9337
9025
9029
7335
8704
14175
7060
9052
10464
9675
9304
9033
9194
19062
7575
8263
8450
382
11204
7235
11630
7249
9341
25768
9304
29080
15148
36661
9025
9846
9243
45487
8146
7623
37921
14472
16583
9168
10293
12495
20616
27146
46483
9982
43804
389
440
10567
9574
448
459
444
12337
451
15802
13149
389
441
11308
9291
11522
9511
34851
8
9563
11768
12199
8711
10033
392
8149
9148
9456
10093
15664
8149
9168
26074
28147
31957
7644
15848
8769
10007
36933
9802
50345
19862
9217
16989
16863
5
100
9454
8450
9050
30917
11011
9935
8148
9172
8450
7397
8674
37231
29930
13439
9430
10040
11765
20659
9489
22301
10647
7162
12199
8711
9148
10293
17741
16368
7383
7621
31054
21835
11037
15513
9048
8146
7623
39848
9052
9390
9130
15890
14952
23193
14465
680
7965
8599
30386
27790
681
24102
8143
9613
26900
9172
7691
7384
15699
29000
12480
17939
6903
29109
387
22483
9030
9882
27400
7426
9389
7249
9029
7335
8704
9018
18554
14223
14628
7252
11267
10869
11175
10884
9080
9050
30917
9224
11772
12026
13593
9243
39802
14215
9017
26421
22301
10647
9180
9456
16276
22556
9326
30589
24453
5
100
16701
9280
8467
31054
10762
387
12298
10997
10416
9030
9882
16254
42811
9029
8146
7623
9084
12053
8135
11336
10395
12618
23410
9510
10114
8265
9435
8255
7426
44188
14465
26421
387
9172
8022
8006
50323
8006
681
11262
9430
13676
15148
22544
9038
30702
8143
16035
9626
9312
9505
7335
8704
32746
50323
10546
9356
8263
19621
35416
26132
29629
10466
16202
24530
9819
9021
10998
11401
14112
9377
34081
7890
12407
8671
9952
22301
9084
27675
19393
9456
8711
32688
9390
9085
10080
15997
20659
8149
46548
8092
7791
9172
7208
7691
8014
14026
10040
7759
26367
9368
20589
9719
8260
6903
5
100
14258
6841
12163
20244
8098
7235
9304
20166
9025
9029
8146
7623
37921
14472
15179
9168
10293
12495
20616
27146
13919
41591
9023
15695
9025
10960
8
12199
8711
10449
9148
9456
10093
9168
9563
18398
8143
9036
22976
13466
9180
9390
9130
23771
42529
50790
9085
10378
12154
9810
9191
10378
9054
10606
8263
7058
7187
9052
10914
26446
7888
34345
10139
9036
16484
17053
7791
20437
9063
10533
38392
11317
9038
30327
9044
9438
23196
15118
6903
11299
11009
25185
9193
10583
16572
29842
12158
33875
21867
9030
11350
7756
13870
25617
9801
9341
29732
10488
8146
41629
12782
9027
10018
15311
11164
7
100
28895
7281
8660
11293
8756
7532
15381
9030
9882
13230
8146
15225
7335
8704
10607
8660
8091
40056
8137
34301
19310
9700
9603
9511
37648
11293
8756
7532
9695
10163
12224
10730
9284
11262
16888
9025
9029
16941
8660
21619
40056
8135
41779
13291
9109
8461
9023
41730
10396
17262
9025
10960
8
9426
16537
11906
9830
10003
42983
24645
9634
12199
8711
10449
9148
9456
10502
9168
10040
49625
9085
9631
20743
28687
7104
23328
16371
9444
7892
18797
27824
9802
9759
30757
9401
12174
16089
20743
28687
7104
9703
22409
12610
9243
10580
7250
9217
14147
16863
9489
9034
7109
19584
12618
9246
29529
41910
4
100
10756
12610
9684
12313
6903
9304
9279
24322
9074
7777
9033
10046
19345
9659
12312
6872
26973
9135
13872
8
12199
8711
10449
9148
9456
10093
9168
9563
18398
8143
9036
22976
9023
14114
25185
9044
9278
9458
17530
8694
26829
21489
41535
6824
11039
9477
6835
6958
13938
25947
15118
30725
14362
9449
13834
21734
9045
7888
11816
7671
8325
37043
16858
7244
9772
47670
12311
8236
8335
10807
20437
9063
23806
8168
9094
11186
9515
8265
9290
23834
9038
33954
8704
18490
7194
12679
11472
11927
16863
8146
26877
27691
23806
10273
9816
15658
9085
10220
23184
9421
9149
14596
10533
9130
4
100
9046
7607
18236
13461
9030
9882
13796
24767
7335
8704
12298
9136
9939
13230
8705
9025
9080
9194
8345
7965
9932
10997
47708
10001
9119
8146
7623
37921
14472
15179
9168
10293
12495
11570
10808
9592
16576
9123
8336
7849
10368
49009
739
7432
7220
32947
8191
11704
6932
12283
8104
9742
9264
8194
9033
38204
7235
9304
32800
20496
10950
9044
739
7432
7220
32947
13793
9034
14055
13572
17371
8137
11684
9220
8364
8137
9430
9390
10759
9883
11918
387
24584
8191
17047
14028
9553
19011
11316
8461
9276
40506
46548
12715
10735
9084
12407
25342
11943
12199
7187
18423
9148
9018
3
100
9824
20531
10107
8066
9279
10453
37005
9207
10488
14465
8146
7623
9672
10260
9194
10470
11050
31651
46740
17901
12141
11003
8711
10686
9156
8656
8344
6921
21992
7423
7532
12652
6886
7478
9043
11121
19864
22301
20531
9052
16743
17073
6903
10533
9030
44492
10378
13659
8705
9243
40623
33838
10808
9592
9882
13230
8719
10398
11204
387
10647
473
20893
20496
9225
51125
7335
8704
49253
7889
9180
9457
22220
9824
19011
8612
8143
20451
27910
12120
9036
12340
21228
12434
11048
10434
49714
13214
8267
46548
26421
9456
26829
9522
46146
7799
9300
7258
9023
13363
39564
8149
11574
5
100
12396
11486
9192
7767
17436
9023
9640
383
6963
9034
18638
384
9172
22507
10150
11790
9443
20931
9025
9846
9031
9144
42941
9135
8718
26973
13525
11084
9324
9034
20684
9640
30284
8146
11903
9440
7198
7791
25725
15421
9548
9290
9054
9337
32239
9131
7530
42640
14973
12577
9026
13492
12312
6872
9016
17582
26509
43720
10846
12102
11488
20979
6918
10180
10928
13358
26973
21480
10828
9552
9524
14739
25777
45000
14435
7162
30601
26098
35733
13363
10281
17446
8022
13659
8711
22137
7536
7597
13540
19158
9511
9555
7760
7478
9399
16218
26616
15910
9149
24310
7399
7220
41602
7597
12397
3
100
10464
12224
11252
375
378
27013
739
378
43128
12438
10952
739
5
442
35112
463
444
23616
8
10070
8135
45887
22600
10584
9724
6947
7480
10662
8688
405
10542
10072
22600
24030
9724
6947
7480
30485
405
11848
10078
403
6947
7480
30485
18039
9265
7162
10964
10662
18518
12011
9867
26095
9049
7397
13243
9668
26764
8146
25890
29341
9934
14585
10021
10964
7372
8094
8263
8041
10010
19561
7788
9018
16262
9744
7978
14782
8185
7235
9022
11234
9080
9290
10056
13358
8017
31204
8084
36500
37767
27358
9018
26095
31266
35116
438
7965
468
29205
9677
7182
376
4
100
10328
10313
22893
9478
9276
11604
8423
46548
7335
8704
10313
43975
9478
13644
9279
9094
36777
8418
16782
9261
11684
9036
9172
47583
14821
8335
681
16930
10026
7235
9304
37474
10148
9048
8146
7623
37921
12199
8711
10449
9148
10293
19926
9172
44885
7055
7144
16718
8643
8148
12446
16715
10488
14465
8263
7058
7187
9052
9563
20056
17671
14398
7540
6953
9839
9430
26640
6919
10883
9229
6853
7119
10951
14695
7824
7107
22864
9030
22112
29955
9134
11282
7252
9096
17295
12621
14575
9717
11282
11406
9463
6963
7799
8758
37855
10201
9640
7981
21894
9073
7162
9882
9308
6900
4
100
12557
8143
11384
34105
9017
8146
7623
16718
8643
10261
12199
8711
10449
9148
19101
9456
16276
9873
13079
7470
9622
9568
8441
8643
8148
10808
9592
9390
12283
396
9869
8030
10378
10107
9119
33379
10872
9194
8719
7653
7055
7144
382
46483
9982
43804
389
13271
30258
463
444
16799
457
389
9821
43832
9662
11585
9511
9508
6963
7799
7847
15852
16761
20550
7892
10201
10063
15118
7888
12398
15730
6903
30675
9207
9882
9308
6900
8724
11101
15205
10822
26616
19303
9135
13872
8
9563
11768
14472
15179
21734
9045
49036
9143
38916
16125
28263
9130
8418
34716
18902
9172
3
100
22821
12384
28293
8148
9172
7877
25306
7397
7180
681
13796
9430
12384
9401
11177
6903
24339
15918
21657
8745
44631
24767
7335
8704
29794
7397
7180
8135
37648
9021
12668
43689
15605
41306
9337
9025
9080
9199
13366
8146
7623
25169
9860
41779
13291
8660
9023
16888
9025
9029
425
417
12513
8471
8143
9494
10308
7389
8662
9791
13529
11280
12199
8711
10449
9148
11196
426
8066
22200
7470
16289
9882
23347
8022
9167
10210
14832
8137
10293
27485
8056
26829
9815
417
12513
8471
8143
9494
8690
7389
8662
9791
13529
10546
16936
9036
42460
40056
383
49062
23610
384
4
100
9293
10259
20666
21422
7235
20091
9017
8146
7399
12519
20666
21422
9120
9908
9517
9172
7546
8285
681
8148
10984
10475
11686
9018
9239
9736
7501
9945
11165
12204
23479
9098
8423
9025
9029
26421
387
10869
9359
43213
8599
9356
15531
9128
9149
9736
20719
31898
7162
9280
9341
9278
9650
9199
10021
9912
9048
6947
7406
10846
11649
12442
38551
11343
9668
13229
10341
13485
14485
13579
9430
9346
17049
9244
7395
9033
9257
8368
8243
6830
11652
15620
46122
7489
35838
10137
9554
16709
18365
17400
13364
10090
14830
11188
10206
7335
8704
19295
12350
20793
7399
11414
22353
8244
8
100
9538
7374
7182
739
8545
7608
31898
6958
9030
9882
11912
20893
12090
9430
9647
7586
9717
24494
28458
10726
31909
8102
11545
9029
7335
8704
12199
8711
9052
9172
45721
15866
9063
7144
8168
8539
13439
16670
11046
387
18006
10110
9498
10110
9324
15012
9110
7965
8326
9276
10824
9512
9279
8236
22759
9304
9033
10270
7055
7139
6958
23191
10293
9062
8146
7623
11570
9180
24724
8066
9118
7470
12120
9024
12179
9208
387
29755
9284
9281
8600
7759
9693
27261
9518
29932
42004
13572
8705
9025
9080
22103
7235
10312
14465
26421
9456
26829
29268
35637
15247
44209
11380
8765
9235
8264
25323
9939
4
100
12501
9520
17339
46027
7426
10695
387
39982
9758
8066
46027
10034
10428
6866
10412
9276
9603
9119
7335
8704
14175
9224
30093
9207
11350
8645
11414
17549
35745
7401
13508
31071
15955
7634
9030
14112
18321
33128
10148
9048
8146
9858
9279
9094
15220
7470
11684
9194
8345
7965
9932
9494
12141
39805
21672
28341
9107
8703
27254
9695
46548
6963
7799
8758
37855
10201
10063
8006
19975
9136
27842
31600
9025
9080
20459
15381
11357
23879
34927
35768
9038
26511
9546
9025
10517
13023
9036
12733
7530
29843
7623
13929
9430
49876
10556
12700
11018
8705
9025
9080
30763
9659
8263
6962
5
100
12396
11486
45045
12079
10148
7235
13797
9029
8146
7399
9513
12199
7187
9135
9528
15883
8236
29935
19707
407
384
14596
9023
14114
9390
6958
9769
7756
22364
10407
18133
20756
10721
7405
9466
10960
8
9426
14450
46715
14472
10151
23091
10111
13805
9168
9172
10470
11050
31651
40242
17901
681
14408
16718
8643
9950
10293
12356
16863
11675
14450
14012
9804
9599
9640
8656
8344
46740
17901
8135
12767
6903
9457
9578
20531
10901
14604
8143
9347
684
9131
7530
22137
7623
16718
8643
10261
31651
40242
17901
8137
9430
12166
11309
19601
9181
22086
9558
13731
9036
7461
9286
11873
11643
4
100
20237
7844
10259
19534
7892
9444
8135
10769
10280
19534
18902
13216
26347
9031
31134
21308
7470
18614
8705
9025
9029
7335
8704
9450
8150
9368
9430
9745
16203
11252
9307
9689
9658
6903
24804
13769
9788
9341
14441
29969
19982
16898
9080
9592
9325
387
13216
11088
10941
19107
19959
19095
16388
9025
11188
10206
8146
7397
8704
19534
15555
46993
23879
43752
20459
10312
10682
14086
26421
387
12846
9023
15662
9882
11328
9261
16888
9249
10903
19686
9038
31938
9520
12130
9337
11250
9418
9447
7055
15631
10022
9366
10574
15174
9476
11864
9355
9947
19519
14908
13143
8022
9167
20616
4
100
9454
8450
13088
12035
7235
9029
8146
7399
13088
9177
9517
9172
7496
11608
681
16285
9761
47637
9018
10330
11355
8155
9217
12341
26099
10586
9362
12353
680
23373
9126
22508
13598
9927
9172
34659
10940
8017
42941
14149
10748
10443
6947
7406
10846
43366
21855
16892
30994
41407
14485
23600
12443
9048
27450
9052
9882
16084
10771
12483
9278
10529
9199
10021
15768
6903
11854
9318
29429
26578
13488
9351
16709
11913
10045
10552
12158
9022
16408
9447
9472
32702
14908
7335
8704
42655
10303
50691
12735
9955
11492
9346
7071
11994
14924
14377
12748
9355
43213
8599
9325
13229
9508
11686
3
100
37648
12224
7851
7756
382
9017
8146
9177
10063
8263
7058
8711
9148
9194
8429
7521
7372
7503
15473
9478
9512
10730
8704
12224
9261
12026
22567
14615
8718
12733
7530
29843
7623
9450
7235
33726
7503
8143
13997
9430
20155
14965
28458
10726
31909
12168
16879
39417
10030
9036
19303
13525
6963
16372
12199
7187
9135
9563
19367
12451
7244
28643
41521
15326
9023
13363
9194
10470
12575
12767
27013
10238
20953
18442
9999
27914
9018
24138
9745
25098
16637
9200
10063
10613
8137
12466
26184
12224
9136
9432
9094
23100
10278
7197
7978
12733
9149
29843
7399
35723
31656
6903
9304
4
100
10328
16069
8143
16302
7235
10853
15840
9029
8146
7399
9513
12199
8711
10449
9148
14039
9194
10470
11050
31651
46740
17901
382
14408
7198
9866
30356
7252
16062
10290
11439
9324
6855
14572
10869
9745
47694
8022
10063
8656
8344
40242
17901
8137
10223
8104
8708
7172
36426
12385
21120
9062
6963
6855
16651
10063
8263
7058
9595
9398
10033
387
14604
8143
10363
49672
11721
9512
13617
7586
9311
7671
6995
36825
9621
21154
9265
7162
9018
44289
9195
18226
12934
9486
35141
9304
9033
9672
9878
11799
9069
7769
12520
8159
49421
377
32555
29843
7623
31651
46740
17901
8135
31439
5
100
13919
9114
27680
38522
8756
12980
7445
7812
8137
24767
8146
7623
22200
7470
9430
16858
8187
9599
9114
27680
9945
9140
27397
387
25761
8148
15703
13254
9030
9882
14699
14461
9124
9508
43103
16537
9804
9599
10063
8052
8694
9860
10387
11940
10342
42612
14407
9280
9650
10254
9676
9019
12733
7530
29843
7623
33139
13731
10040
10046
9224
11290
13583
12028
9325
13229
10341
50375
9135
13872
8
9426
11624
11407
14472
15179
9148
9536
7187
14147
9168
9741
14366
10608
7791
14855
19836
25022
7489
40775
8148
9194
8467
14366
10608
24650
25022
7489
6958
13047
9874
12356
18423
16863
8146
4
100
13417
18476
37231
16195
7627
375
8146
7623
9052
739
378
7965
8599
8507
7383
7877
36055
11725
8711
12854
6872
10010
7514
8185
37231
8507
7383
9860
10417
17692
9277
10647
7470
30662
11074
10022
20851
9445
12994
10001
9262
9476
10542
6947
7399
7220
9018
15942
10417
10211
9554
9544
11087
20681
11153
10542
19561
7788
13570
9306
22461
9580
9025
9712
12242
24186
10590
14485
9194
6844
41521
382
9241
9361
27452
9115
28643
7397
9409
9584
19683
9023
36701
10984
30393
11686
33583
9882
45046
11772
16195
8705
9025
9080
9199
9704
11848
10078
15717
9359
10384
41982
18636
20976
5
100
9689
30478
12438
8149
12035
7235
15225
7335
8704
30478
12438
8149
16278
8022
9341
9278
9650
9362
10021
9745
9079
7601
10008
8066
34158
39310
7485
8137
9277
9257
8729
8006
12438
12191
11082
9154
11357
12201
30478
12921
10665
9161
9863
39310
13570
10635
10507
9685
9178
7514
8185
16710
9244
7162
18814
9148
11980
7858
8146
12268
9272
9290
20166
9025
9029
33340
32331
9133
25581
15053
9962
12762
19107
50857
9199
9554
12204
9267
13367
11295
16854
17224
23006
7788
21277
9052
9174
8694
14698
50017
29021
9038
10372
7540
13744
6903
17830
9422
739
7781
8671
7470
11300
10599
10586
4
100
9293
10259
10584
40669
8137
9430
13895
25713
11420
9036
10584
9017
8146
7623
24030
9172
7187
9409
14237
681
24102
8143
9174
13079
12837
680
7187
9702
13055
12480
12199
8711
37270
8704
9172
27908
28927
393
12446
46019
8160
9805
9018
18554
20659
9489
11267
9456
16276
9879
18531
8286
7470
15918
10040
10357
16105
14558
9048
8263
7058
8711
9052
9426
49049
9689
9027
15558
9356
14486
16266
9999
8056
26829
9741
20717
10559
7426
10407
22821
9086
19643
11242
9111
9926
9463
7182
7489
22301
26095
9207
14360
14956
10228
8618
8148
11841
18968
9224
9032
9875
29481
8705
9025
3
100
16152
10082
12079
8135
10769
10280
10082
16069
8143
25366
8137
9430
9689
13368
11799
9706
9033
25012
10341
9257
8146
7623
12079
9180
9194
12458
14085
17196
9304
9277
9882
13230
15591
11630
9062
7514
8185
17359
20395
14979
9939
25415
10056
20166
9025
9080
11328
9021
9194
12458
11970
11120
13047
16727
9036
47414
10488
14465
382
42044
9721
12187
19782
8100
6903
38424
9154
9422
10082
15381
12123
30346
20005
387
9394
26505
18582
15814
12065
10741
14240
25571
10090
10135
7235
25976
7335
8704
22584
31442
17073
9136
9939
9855
44011
10676
28828
39197
6824
10001
9156
26421
22301
3
100
10464
18101
25156
8146
13214
9532
34243
21898
8135
18101
7756
9717
18607
37932
10028
9448
11132
9939
9855
9242
9379
20659
9489
14743
10293
14465
26421
387
22301
15259
9052
9390
9130
8612
8143
11181
9436
36349
21590
27847
33660
8340
6824
10872
21087
9745
13676
10362
9887
39734
10286
22411
7470
9659
10157
9512
34350
10510
7454
9017
7335
22418
18101
23128
8022
14063
28814
9172
8084
9702
9084
681
11197
8548
9581
9180
17099
9690
9224
48254
9430
41286
13717
9136
9053
12947
11604
8378
9248
13723
13509
37780
9074
6953
22149
11098
9304
11573
9140
18862
7767
11124
8159
5
100
13914
22429
9769
14288
13641
7692
9276
11011
8711
10764
9194
8345
7965
9932
10997
13047
10001
9119
7335
8704
9456
26829
9279
9094
36777
8418
29735
11684
9036
9194
44885
7055
7144
8168
8539
47708
16670
22112
7252
14575
8137
9422
9063
7144
8143
9526
16535
9604
6828
10148
9048
8146
14714
11930
12199
7187
9148
9058
7071
17671
10412
9140
16761
6905
9030
9390
9130
31507
15402
7055
7139
6958
9925
9607
10140
387
16390
9029
11768
12634
7235
9882
9308
6900
8724
11101
9430
11159
6903
9304
9033
17896
17499
9659
32256
9127
8425
11692
8
9563
11380
8263
6858
12139
393
5
100
12396
8066
9304
9033
32104
8137
20540
7530
29080
15148
36661
9025
9029
7335
8704
32104
7545
9023
13572
8705
9249
12743
29529
9168
36287
24950
13499
9025
9341
12298
9224
13902
9638
14908
8146
7623
30015
11943
14472
13805
9168
10293
12495
20616
11248
13919
41591
9140
42460
40056
9023
15695
7847
10960
8
9426
24622
10081
6953
9379
9081
17267
16839
9070
6879
9062
25148
8135
12199
7187
15179
11746
22519
18108
20759
36711
8149
14403
10081
45717
8148
9141
21951
9922
13309
27128
13430
6953
9409
9456
8711
9359
13265
10738
13069
9021
44977
14465
8263
7058
10093
6903
10502
9325
9880
3
100
40684
29930
10107
387
11290
13583
14354
9276
9430
33253
47310
46981
10682
10148
9048
8146
7623
47257
13731
9164
9908
20038
17413
7625
12137
12028
9140
10210
14832
9478
11011
20038
8711
8078
9935
14461
10416
9030
9882
14699
10873
33139
10601
8705
9127
8425
11692
8
9426
11624
11407
14472
15179
9148
9536
7187
14147
9168
46551
38320
28293
7183
21704
23538
11183
8137
11684
9194
33625
9392
7235
12508
34694
31561
13047
10686
12356
18423
16863
8056
26829
9741
20717
10559
7426
11931
10890
17920
7258
6958
9045
17470
10088
10268
9161
9046
8387
11373
8135
14406
14465
8236
29190
5
100
29306
8608
17707
31898
6958
16718
8643
8148
12178
10293
9119
8146
7623
37921
9172
7859
7825
17707
31898
6958
681
16715
12671
9238
34292
10695
8711
44437
11136
36988
40453
9025
10517
11487
9207
10488
14465
8441
8643
10261
14472
13805
9168
32800
8340
6824
10872
20651
9094
10221
43055
9023
15872
13417
7407
8428
8137
9430
49806
28458
10726
20166
9025
9029
7335
8704
11181
8159
19657
12333
42454
11003
10676
24767
33379
14710
19275
9404
16841
9094
10221
43055
8022
9080
18851
9939
9103
8204
11213
22386
9179
20661
18818
10107
15225
6900
10478
17985
25965
9167
20616
46233
9067
7185
46483
3
100
10195
11639
9945
9140
9945
11967
8146
13254
7249
9029
7335
8704
9018
34971
9188
10970
11533
10001
9262
11639
10083
16004
6903
18395
8711
15219
18564
387
9088
8400
25481
9030
10251
9629
32081
10619
25421
9025
9080
9199
13366
26421
9643
13133
8066
9027
8159
8368
6826
9966
6900
8125
17973
45479
9341
22381
10387
10822
8137
9207
9929
11532
15016
8705
9025
10541
33757
11380
12322
9729
9177
9558
9430
15219
8270
16945
20766
10342
24951
36282
9243
45487
6963
8220
6831
13153
8170
11026
48082
6920
10201
10063
17475
11325
8143
42818
10458
8135
9483
9150
10067
9167
16700
3
100
15658
36877
9922
10083
9030
10997
8022
9167
18370
14390
8137
38018
7335
8704
12298
9136
10903
42083
16888
9025
10517
9882
13796
40506
10148
9048
8146
7623
25169
9860
11196
426
8143
9172
8056
7407
7193
8451
681
40056
6903
9081
7244
8711
9874
16682
10312
9156
417
426
7162
22301
10997
9216
11909
11003
8711
14472
13805
9168
9456
7407
7193
8451
9023
19268
11820
9033
44493
9220
8364
8137
9430
10607
8626
7281
12997
24584
8191
11704
6932
9276
15662
30015
12498
10293
9119
8159
14261
11248
9456
10650
8563
7380
46483
9982
43804
389
10602
10397
446
24970
10845
6
100
9456
7281
29448
10607
8552
12592
8137
9430
13895
16061
6953
9034
11658
21164
8705
46548
8146
7623
37921
12199
8711
10449
9148
10293
7250
9248
9390
9130
11687
10219
9246
9085
9869
8030
10378
18992
8263
7058
7187
9052
9172
10470
11050
12767
11061
9581
7689
9936
11573
681
19993
26815
18442
11124
9980
9463
6963
7799
7847
11196
426
381
413
9024
10201
9640
417
426
381
413
7162
12634
7235
12298
6903
9304
9033
9308
6900
8724
11101
15205
13214
31511
32239
9383
9135
13872
8
9426
24622
10081
45717
9060
13558
16192
8704
9027
9036
9271
12957
27261
11622
9136
40555
20299
5
100
9138
7415
21699
11342
9945
9140
10146
8022
9378
10177
383
8649
8608
8461
7627
384
9747
9021
9138
7415
13409
9464
22362
9773
38670
9243
24797
7599
7415
45731
42704
15127
40628
739
8649
8608
8461
12137
7235
50772
8705
29124
39453
9180
12199
8711
10081
9246
9130
9869
8030
10851
739
8443
7494
8146
12359
7249
9029
8263
7058
9595
9398
9148
9456
8711
20989
11010
36421
9138
7415
38287
9390
12283
393
9869
8030
9109
9556
20754
9489
9034
7109
19584
12618
23410
9510
41910
27035
9017
26421
10869
9359
10779
14417
11783
10416
10122
12912
6877
6903
9304
11594
10229
29842
5
100
12203
9238
9836
21174
22828
9017
8146
7623
12079
8135
12199
8711
10449
9148
14039
9194
10470
11050
31651
46740
17901
382
14408
16718
8643
8148
16715
10488
14465
8656
8344
40242
17901
8137
22011
9280
13229
10341
9025
9080
9882
44631
20659
8149
46548
26421
387
22301
16718
8643
10261
14604
8143
11799
9069
7769
12520
8159
13153
7252
9243
9195
18226
36765
10216
9181
7481
10148
9048
8441
8688
11181
10872
14472
13805
9168
31651
6921
21992
7423
7532
9384
45842
8213
26420
19864
9595
399
8656
8344
46740
8626
7400
12690
12068
8719
10041
10107
9119
7335
22418
9018
7187
32688
13617
3
100
21308
9945
9597
9276
11725
9119
7335
8704
9172
20550
9038
29918
13997
9422
11342
10083
13439
16727
9036
20005
7235
10293
7253
46548
8146
7623
37921
14472
10449
9168
40352
9319
25483
21734
9045
49036
9130
38916
9563
37043
16858
7244
9741
8023
7877
35263
14835
47937
7877
7449
9023
32800
8340
6824
11540
28738
9639
11181
10309
8135
46483
9982
43804
389
457
11650
457
22721
451
11517
447
43832
9291
9430
9337
9025
9029
8159
14261
11248
9034
10773
391
393
388
15185
10521
18258
9869
9560
37271
9511
34851
8
12199
8711
10040
11028
10824
10776
11369
10747
30022
4
100
32336
11486
38424
10416
8066
9279
10453
37005
9207
10805
26616
19303
9135
13872
8
9563
11380
8263
6858
12139
393
10079
12691
16293
9697
6884
8747
9667
30601
26098
9303
7888
11816
7671
6995
9148
9324
9034
9214
10100
29018
8159
35952
27715
8711
10580
9038
9029
6963
9034
26284
45240
12199
7187
18423
23576
8022
23559
9448
10063
28397
39585
21545
8811
9235
8718
12733
7530
31455
13969
8704
9117
9029
7981
7788
23576
8135
42393
21734
9045
49036
9324
17122
19665
21996
10293
9062
8146
7060
9059
9908
9072
6900
15188
11613
14465
11062
9052
9212
7849
7892
7957
23329
8148
4
100
10464
10043
35723
17305
9023
9278
9650
9362
9194
19062
10043
17305
382
9017
8146
7399
24682
9430
10464
9177
9919
9134
9267
9366
9290
11805
25799
9178
6947
7406
10846
11649
13023
9337
13485
8092
7791
10635
27820
9304
9033
15148
12850
9199
15177
7965
9760
9080
11361
9180
25701
16288
9846
9068
28595
10607
8066
14240
10106
7530
11120
8705
9025
10517
9277
10137
14441
7335
8704
11676
9136
28072
13489
26330
7415
10090
10599
14730
16941
11486
9026
11118
29889
39324
9304
27353
14553
10341
11178
9554
13455
8022
9167
30499
15641
17722
22677
13229
9508
7669
14572
19841
9443
9552
5
100
10195
13299
9422
11384
11741
6903
9304
9279
24322
9074
7777
9033
10046
19345
10695
8711
32256
10148
9048
8146
7623
47257
9430
9164
32242
20038
9635
9971
13299
9422
10210
9935
11348
9140
10822
20038
11183
8368
9226
16302
20866
9030
10873
14461
19504
13254
8137
11693
9039
40097
11000
17033
8022
11202
10805
13309
9463
6963
8220
7847
38384
10063
8000
26844
11830
14038
9279
10453
13576
11111
14204
8344
8400
387
32336
14180
11643
15561
9032
9913
12733
7530
29843
7623
9696
21246
11009
9689
10622
7244
9956
10341
9243
13493
7252
19303
9135
13872
8
9563
11380
8263
6858
12139
393
