4
100
17339
21071
9347
9154
10993
14110
11630
8711
7258
7532
14441
7965
8425
7889
9908
17339
6903
17969
9021
38409
7788
9178
39514
8135
14821
9036
23036
9784
9075
9240
17302
9138
8337
387
9394
9226
11187
12862
42226
6874
16766
8146
7312
7162
33101
9133
32030
9465
30172
9499
9307
9376
8772
9052
11488
10124
7991
9178
7335
8704
42129
17460
10212
48858
11264
13836
9199
9677
9016
8
12199
7187
15179
21734
9563
19367
13386
7426
9751
11380
8367
7756
9686
6905
389
9018
7056
8033
37022
9620
15034
8704
14932
22236
9524
6949
8746
20684
9640
6920
7556
9690
9136
9888
5
100
9450
11088
9480
20244
8098
7235
9304
20166
9025
9029
8146
7623
10647
7162
9194
8347
26347
20244
8098
12141
16727
9036
9882
13230
11328
6903
19534
9605
50663
9422
35533
47414
10488
14465
26421
387
22301
39848
9180
9450
11088
9480
28881
9103
7049
8705
9025
9080
9882
15591
25976
7514
8185
12846
9023
13216
18545
22386
12986
9207
31731
9194
29969
8497
8255
10661
15800
24733
382
12115
28833
7372
376
13438
13631
10172
9939
12097
12399
43796
10034
11181
10872
21195
9167
48397
12289
18614
9038
9229
8772
10912
9727
8711
11531
9511
9508
7335
8704
15631
10672
9548
18422
41203
39735
5
100
25768
9304
9277
17969
33101
10135
7235
10488
9156
8146
7623
37921
9194
10470
11050
31651
46740
17901
10363
6841
8393
7470
9422
9888
8186
9923
9771
17930
12123
16727
24733
12905
6903
9304
9033
9882
9553
30596
9430
14604
8143
14871
11721
9038
13660
13310
8137
9054
9272
10300
9017
20496
9052
16062
10406
11352
9086
6947
7503
9524
7536
10334
11439
9324
7586
13763
10866
8148
24293
12490
42734
9018
8363
8806
9030
9188
6886
6825
11461
49789
13659
9119
7335
8704
11570
8168
25424
40242
17901
14408
9064
11414
29817
14604
8022
9167
27801
11042
36282
10148
9048
26421
387
22301
23191
4
100
12396
11486
10584
20503
8137
9207
9563
26074
9628
22237
10230
32343
10584
20503
8022
24693
8146
7060
21734
9045
7888
6995
9148
14039
9018
24030
12199
8711
37270
8704
9194
16941
8008
7503
393
382
9331
9246
11341
12957
9427
18968
9261
10345
9890
14558
14315
10352
10584
6905
8153
8168
6932
20969
24995
30294
12412
30601
26098
9303
49036
9042
8194
9168
10141
37252
17692
26095
9269
18968
8135
9390
12283
396
8361
8030
21442
30112
14465
9489
42393
9239
10135
7198
9147
7489
394
8361
398
13307
9170
29667
31258
7536
9510
28311
27035
9017
26421
387
9456
26829
49248
9741
5
100
9046
7492
19163
12079
10148
7235
11205
8263
11335
9395
387
12079
38998
17721
11978
9029
8146
7399
9513
12199
7187
15179
9148
14039
9194
10470
11050
31651
40242
17901
382
13215
8022
9167
13493
13097
19382
9405
9080
50038
13617
7071
11194
8014
11694
14604
10686
7426
11931
17073
9974
6824
13814
12721
9161
19220
9670
17193
14408
8066
14832
8137
9430
9279
10453
13576
11506
13875
6889
10960
8
9563
11380
8263
6858
12139
392
10079
12691
16293
19317
7789
9667
30601
26098
9292
7888
11816
7671
6995
9324
9034
9214
10100
29018
8159
35952
27715
8711
10580
9038
10566
16863
6963
9034
4
100
17707
31898
9480
11000
7235
9580
9025
9029
8146
7623
37921
12199
8711
9148
10822
17741
9172
10470
10802
12767
14671
20050
13472
681
11124
8159
9140
13755
12262
20050
9589
11684
10293
14465
8056
26829
9390
9130
11687
10219
10141
24121
14631
7252
14671
7660
19644
11098
10464
9030
31308
10378
27379
8340
6824
10872
30601
11570
9023
16930
10026
9044
18315
9077
6830
9276
16637
20002
9693
37252
9062
7335
8704
11181
10626
9939
9855
9882
9784
12622
9110
8539
9180
9279
9094
22112
29955
9134
17896
9586
9507
9034
8705
46548
6963
8042
8220
19367
8367
10201
9640
7981
21894
9073
5
100
9242
9379
11693
21308
18614
9325
13229
9508
7335
8704
15386
409
6824
12923
9228
18651
42600
17764
9511
14458
7416
9264
17862
12972
12364
49019
7586
9752
7162
9351
16709
24873
7198
9391
37611
9098
11545
13235
7849
17304
12486
8711
22452
8765
30299
14564
7584
8091
9753
48512
26421
387
41845
18418
9277
18324
8643
7122
8135
9346
7071
9229
10115
12006
10108
10279
36122
9960
8405
10090
10254
9178
8146
14714
15386
410
7470
15064
9033
9280
10586
13600
9600
12213
13637
9904
6903
7461
9225
9029
8474
46749
21302
8137
9564
32877
9341
13219
35943
14441
6877
6903
11914
15768
32702
4
100
39982
9421
9480
30653
8148
9172
8422
11270
9090
681
16701
8078
20459
10695
8711
43752
12417
27254
24767
7335
8704
13466
9094
29306
8608
10980
9052
9301
8599
15646
30811
23869
50275
10110
19534
13451
9836
12846
387
14175
22096
44041
7194
9030
9882
10533
12282
18879
10488
9156
18081
25029
24891
7586
9261
9422
41246
7172
12328
10528
430
7449
8146
9603
7249
9029
26421
9018
9163
9272
12311
19264
468
39521
10281
11856
24676
15708
12490
21619
16349
19852
11371
395
35550
9390
9191
10521
29402
24766
12358
9654
50295
16349
7644
16947
10583
20038
13760
14917
407
9130
15969
6824
5
100
13914
11252
45893
739
8613
8137
9666
7281
7483
9361
7514
8185
11252
8194
7237
739
8613
8135
11252
45893
8022
9929
11761
9261
14110
11630
8711
7258
7532
15525
26421
387
22126
9239
32016
9052
11019
9185
9028
7607
9030
32885
9458
14579
45382
9280
9366
14553
9539
11749
9355
27034
8146
9266
8704
10607
8552
9021
10458
9154
27786
7335
22418
21277
9518
9267
10870
17458
23847
8153
7162
10391
10211
9080
11841
35265
9133
25041
29123
10207
10599
35865
8063
8168
9238
10199
9439
37521
7071
9314
11678
26033
9965
10212
11488
23426
9025
45706
28112
14687
18223
11718
7801
8520
12834
5
100
10195
9912
9930
8610
18205
387
9912
7395
12537
9030
9882
11683
9430
46122
9244
11356
12035
9119
7335
8704
13579
16364
12442
9346
18279
11139
8711
43213
8599
13538
9580
9025
9029
8146
7397
8704
12650
10407
9366
10574
43213
12498
20438
9124
9508
11686
9424
9597
9177
12204
23479
9098
8423
9788
12072
41248
9178
8368
8243
6830
19066
10363
9154
11357
23879
9745
9736
14698
12950
19879
11915
15918
14795
25235
9376
33820
10362
20391
9033
9199
15177
26421
19295
15620
38551
11343
7162
9031
11314
9554
16709
17400
13364
10090
9650
13903
11864
9355
39344
21203
14730
11764
9337
9068
9278
3
100
37979
21290
17676
9140
9022
16711
11446
9307
9558
9430
15223
9136
9745
20545
10345
6828
9025
10517
26006
9199
11447
9048
8146
7623
16718
14386
14472
10151
9168
9390
9130
11687
10219
10293
11169
11181
11540
28738
9017
8340
6824
11585
8135
9018
7521
13015
457
451
17447
449
41141
5
452
18597
9485
389
441
11308
9560
12442
9508
8441
8688
9338
10230
15605
47340
9536
7187
13834
9148
17399
9168
9123
8336
7849
16328
9119
8159
14261
27146
9426
30320
10026
14315
8104
46483
9982
43804
37652
463
49923
389
9821
43832
9662
15695
9025
10960
8
9563
11380
8263
3
100
9689
10239
34949
382
15591
10001
9119
8146
35942
10239
9756
10161
20312
9426
18795
9605
8104
9046
11443
12199
8711
9148
9347
14465
8056
26829
9194
11675
8006
15388
13124
12141
13520
9033
9689
11904
34407
11419
42065
10804
8705
46548
7335
8704
9456
39604
11351
9194
11675
8006
15388
12590
13047
49856
9025
9080
11950
8148
38514
6951
19198
8262
47708
9807
9156
9989
9207
9494
10101
14472
10151
9168
9036
9271
6826
10141
32320
11359
6918
9140
12139
9190
9030
9390
12283
394
9869
8030
9086
18071
11684
20977
13067
8137
10293
9307
9094
7109
11793
9548
10192
47026
10601
5
100
9961
10840
8066
9022
9533
8143
9795
10600
9961
19245
11477
9855
30247
9017
8146
7623
11204
8135
9172
10470
11050
31651
40242
17901
681
9086
18380
32750
19864
9877
13079
18237
10034
12199
8711
10033
24442
7252
19220
39382
11016
10840
9119
20641
8159
49160
8774
387
44541
9324
7791
8093
6903
9304
9033
22301
11197
7788
11943
14472
10502
14147
21734
9247
7888
32030
18712
7965
8599
12092
9023
24733
8194
7536
36153
9640
8656
8344
46740
17901
8137
9430
9351
26313
19601
10216
9666
8210
10030
9677
6872
15910
7530
22137
7399
25012
10870
9414
10030
15353
37666
13525
6963
7791
8093
6
100
12224
10730
8137
11693
31656
15381
9030
9882
13230
15591
10001
9119
7335
8704
14472
10111
9168
40352
9319
25483
9052
9172
10470
11050
31651
46740
17901
10363
6841
8393
7470
9422
9553
19011
12178
10686
8711
14604
8143
14871
25993
25226
9439
41251
46548
8146
7623
37921
9195
18226
40242
17901
34199
50429
9207
10488
14465
8656
8344
6921
9804
9599
9640
9605
27910
9430
9279
28937
9717
14604
8022
9167
30499
30465
14755
9038
28567
49672
11721
8705
32239
9383
9135
13872
8
9563
11380
8263
6858
12139
393
10079
12691
16293
9697
6884
8747
9667
30601
26098
9292
7888
11816
7671
6995
9148
5
100
9279
9308
9529
9631
44039
8137
12818
7530
16930
12090
9676
9019
19303
13525
8704
8652
30601
11570
9052
9324
8806
8194
10967
19062
7669
9110
12623
9524
8104
7849
15852
10110
9018
7056
8033
37022
10461
9212
7559
7849
13617
8263
10333
24094
7536
10914
22293
9030
9188
6886
12451
31308
10378
13659
13872
8
9563
11380
8263
6858
12139
392
10079
12691
16293
19317
7789
9667
12199
8711
10449
9148
9456
10093
9168
10141
10453
8148
11429
10921
8187
6884
7417
384
11709
10947
10149
17333
7770
9038
9464
14536
11526
11927
16989
16863
28397
8135
40202
13131
13462
10083
10173
8159
9276
5
100
29060
6903
10195
39310
9642
7235
9826
8711
29060
8022
16210
9366
10967
9717
9458
14133
29614
9029
8146
7623
30935
9052
9172
7691
7384
15699
29000
681
27400
7470
10693
8704
10395
9136
28952
44188
7249
39802
14215
9017
26421
17939
6903
29109
16368
26221
9059
10444
42940
10607
8552
8135
9456
11294
11998
8705
30765
7281
8148
33172
7055
22483
387
26569
8505
9030
9882
9920
9694
15997
20659
8030
10998
11401
49157
18037
8137
9243
10094
7335
22418
22301
30935
9052
10869
11175
10884
9080
739
8816
8708
12921
12372
49202
12120
35907
7889
13645
20787
39310
7485
9168
13154
9033
9199
5
100
10428
12191
31406
10464
16757
387
10464
9063
9136
9030
9882
11101
9337
9025
10517
9463
7335
8704
14175
7060
9052
25768
9304
9033
15148
9430
21207
28458
10726
20166
9025
9080
14422
24767
8146
8078
9325
20038
19062
15866
16718
8643
8148
20038
8006
19975
7060
11003
20496
9140
13230
16916
11328
10001
9276
10293
9119
7965
8095
7397
14472
10126
27259
36271
15247
9194
8719
38308
11361
15381
382
15591
37474
46548
8340
6824
10309
8135
10047
23091
13042
9168
46483
9982
43804
389
446
9574
440
18511
448
447
10689
389
9821
43832
9662
11585
9511
9508
8159
14261
27146
13919
41591
6
100
22159
9376
12543
9422
13676
7627
9030
9882
11532
24767
7335
8704
9172
10470
11050
12767
13600
10238
681
9180
10040
19760
9117
11084
8066
10998
9589
11684
9036
10849
20347
9839
10686
8711
11290
13583
12028
8143
9099
7258
13500
10488
8705
10148
9048
8146
7623
37406
11149
14472
10111
16852
9148
13042
9168
14147
6826
9563
9741
8023
17698
24733
8340
6824
10309
8135
9426
13607
10258
12506
46483
9982
43804
37652
444
439
389
9821
43832
9662
9337
9025
10960
8
12199
7187
13805
21734
9045
7888
6995
11528
25031
29161
9132
7244
9079
22976
9023
9772
383
10895
384
15389
9745
9293
4
100
41144
38892
17058
10135
7235
10061
9035
8146
7399
9513
12199
8711
10033
9528
15883
8236
17605
37724
9466
9023
13363
9172
10470
11460
9457
13335
24377
31561
23620
10313
14417
12033
9177
9640
7584
9365
13162
11954
11466
9405
9019
26973
12799
11270
9648
11429
8135
30601
30065
9430
9640
24665
12397
11207
27225
12876
8137
9207
18810
34681
22548
31688
19778
21312
18827
10601
9685
15353
37666
20173
9062
7335
8704
22137
7623
27773
9180
10611
8054
7058
8756
48123
9422
9767
8742
9492
10416
8705
32239
9383
16773
9505
12407
13335
24377
8387
11149
9034
20672
11580
19864
42526
9456
26829
4
100
19534
18995
10259
20757
9185
20757
9276
9430
9745
16203
15638
26139
9025
9080
14422
24767
7335
8704
11181
10872
11132
15605
17484
11918
8711
10157
8705
9788
9029
8146
7623
37921
14472
10151
14147
9148
13042
9168
9563
16858
7244
9741
8023
17698
10686
9156
8340
6824
11585
8135
46483
9982
43804
389
457
11650
457
22721
441
28036
16043
43832
9291
9430
9337
9025
10960
8
9426
22771
16322
35576
418
414
9667
12199
7187
9135
10081
10141
35283
8000
12638
9390
12283
396
8361
400
12575
29402
9044
14753
398
8361
399
11164
6824
10465
36225
11927
10087
16863
9489
9034
4
100
12846
9127
10640
30653
7235
9029
7335
8704
12423
6842
9224
29265
9207
23806
8168
9140
17098
7892
9030
14112
18321
20280
20018
9062
26421
387
22301
9664
27439
7485
8137
9430
11336
19264
9052
31354
30916
7470
10695
8711
12298
9136
10903
42083
16888
9025
10517
9463
8146
7623
9664
40783
8135
12199
7187
15179
9148
10293
7250
9248
14472
10151
10087
9168
32800
7478
27439
7485
8022
9167
20616
27146
13919
41591
9023
15695
9025
10960
8
9426
22771
16322
35576
418
414
9667
11299
26446
7888
34345
6919
9040
15416
9043
10478
12660
9453
6918
7890
10539
9772
394
7691
7427
4
100
9293
10259
42568
16195
7235
15225
7335
8704
9172
8022
8006
8622
9726
12480
37648
8137
9430
10584
387
19293
9030
9882
44631
24177
9025
9080
10395
9048
8146
38052
11336
32746
8622
24102
8066
10377
20743
7385
26014
447
388
412
39410
11262
11011
8711
31395
8615
12703
429
447
388
412
39410
12615
13563
12684
6903
20078
7470
9896
8705
9788
9029
26421
9018
38052
22483
15440
15920
42757
7249
9341
22932
19657
10433
28853
13981
9025
9418
12743
9130
10785
9168
13069
26462
9826
19572
8
9426
16537
11906
9830
10003
42983
24645
9634
12199
7187
13805
9148
14147
6826
9528
5
100
20237
9036
10623
10043
31938
7426
10490
20166
9025
9080
11153
9048
8146
6899
8135
9172
37184
9036
10623
8143
31938
13439
16727
20237
8066
9304
9033
9882
30015
12498
10293
9119
10296
13805
9168
26945
22301
37921
10141
9215
10807
14527
7119
9323
9488
12491
7329
7470
16812
8704
12298
9044
9123
8336
7849
10368
49009
12921
7622
7877
42460
11704
9742
9264
8194
9738
9162
8364
9599
14472
15179
10157
9156
7335
22418
11570
10808
9592
16576
21734
9045
49036
9130
38916
13669
9094
31354
9023
20237
8066
9304
9033
15148
17380
46548
8429
8643
44797
9804
9599
9640
8393
6949
11999
12976
5
100
18967
9451
9480
32739
11000
7235
9029
8146
7399
32739
28276
9306
10339
7627
9518
11795
11455
9404
16096
11165
9773
9174
9340
9017
8702
10972
9194
38361
382
10280
9108
12315
9194
38361
23358
6947
8243
15584
10021
12057
9048
7258
13079
14710
34368
8139
10008
13047
12003
9033
9257
7487
14420
12086
27539
13972
9178
19561
7788
19959
16012
9356
6958
11357
13489
16670
36554
9199
15177
7487
9627
20759
17732
7162
9362
10556
9023
13836
9548
10578
10670
18566
29806
6824
9508
21319
9433
16022
32352
17732
12409
9290
9430
19959
16012
36701
10599
10586
21292
7335
8704
9109
13486
39046
13363
6
100
13919
13883
8518
8143
20244
8098
7235
9304
20166
9025
9029
8146
7623
37921
14472
15179
9168
10293
12495
20616
11248
13919
41591
9023
15695
9025
10960
8
9426
22771
16322
35576
418
414
9667
12199
8711
9135
10081
10141
35283
8000
12638
9390
12283
399
9869
6824
10465
11684
27824
9802
50345
19862
9217
10087
16863
7584
7671
8000
9169
11652
9034
7109
12618
9130
10179
380
11139
8704
27035
9017
14520
6932
35283
28158
14753
400
9869
29402
41910
17059
398
9100
36046
12245
30112
14465
9635
50242
9788
11067
22437
395
10608
6824
12841
29035
18921
396
10895
24361
6919
9505
8187
8368
4
100
9939
9855
18007
8676
9261
10647
9119
7335
8704
18007
8676
9879
14241
9939
13230
8705
9025
9080
9194
16904
20893
6905
47708
10001
9156
8146
7623
37921
14472
10111
9168
40352
9319
25483
21734
9045
49036
9130
38916
32800
8340
6824
11540
28738
9639
20616
27146
46483
9982
43804
389
448
443
9549
20549
453
12337
43832
9291
11522
9511
34851
8
9563
11768
12199
8711
10033
392
8149
9148
9456
10093
15664
8149
9168
26074
28147
31957
7644
15848
8769
10007
36933
9802
50345
19862
9217
16989
16863
15118
7888
7071
30152
7119
7791
11533
10704
18398
10810
9759
9444
38261
10834
5
100
9689
18101
7627
12035
9154
10472
8146
7312
9148
9258
18101
7756
11349
20545
10252
23279
9347
13872
15157
7470
20319
10655
10478
25181
8704
9200
9242
9379
11439
9149
14984
18101
10041
17345
9062
27914
9640
8084
9620
25354
50382
9554
13368
17483
9316
9290
15248
7978
15910
7530
9640
34243
9559
15465
9207
7791
23879
9745
13997
9754
11213
9689
9095
10181
13023
15353
37666
21480
6947
6824
14149
9172
16752
10413
14026
10021
9172
7762
8143
20244
8098
20708
28657
28569
15620
16285
10548
9199
12353
27450
9695
9368
9430
15492
15730
6903
44039
8137
11355
42282
22717
9257
27914
13088
8022
3
100
9279
11204
20503
8137
9207
12199
8711
9148
9456
8711
9168
9432
9130
20401
10219
9390
9085
8007
8030
9771
15994
11204
8168
10328
6903
23806
10110
17098
7892
9276
13461
9062
7335
8704
9018
7187
32688
9058
7071
9628
11194
10358
39010
8263
9753
9167
10313
26233
7235
25232
10148
9048
8146
7623
14390
8135
40427
14450
7669
9046
11443
10141
9027
8159
8368
9140
11599
31047
11852
12033
387
9055
6905
9729
9030
17984
10378
28096
9513
10293
14465
25857
9802
20038
8236
8084
10980
9809
16437
6841
8213
45977
20038
47802
26854
10182
41012
9039
9464
11263
9161
18660
8705
5
100
9632
9238
10259
14005
8518
8137
22717
9362
10769
10280
14005
8518
8143
28881
9103
7049
8705
9025
9080
9882
13230
23610
7235
11630
7249
9029
26421
387
22301
37921
9172
23941
8518
9942
42848
12178
9430
10040
11765
20659
9489
11328
9021
11181
10872
9939
14005
8446
29721
9659
9580
9788
9418
11570
10950
9592
16576
9123
8336
7849
10368
49009
28738
9039
8139
9742
9264
8194
9119
7335
22418
33940
20316
9548
12298
12333
9220
8364
8137
10865
10607
8626
7281
12997
24584
8191
11704
6932
9030
11141
8269
8704
9053
10676
24767
8146
7623
23191
13153
9038
29586
42608
8467
9397
7055
4
100
16947
9664
8662
29930
9017
8146
7623
21835
11943
12199
8711
10033
17454
8704
9133
9246
40982
12957
14936
14465
7478
8662
8135
9664
27439
7485
8137
9430
11336
16947
9518
23410
9510
10796
9122
17949
9046
25843
12160
7892
9030
9882
18422
16278
8705
9025
9029
7335
8704
12119
6903
10050
7532
10113
43299
11648
29817
30453
10504
29546
9038
11913
11940
7235
9312
9505
26421
387
9018
18554
20659
8148
9172
8022
8467
8751
14026
25065
18568
45104
17057
7692
9468
18835
9304
11153
10458
9626
50673
9199
13366
680
8022
8467
8751
681
9052
36373
26712
7426
9855
10085
30859
9059
7
100
10607
8066
9304
9033
20651
9063
9136
7470
10148
9033
10599
10586
21292
8146
7623
9046
7492
9063
9136
13045
11205
7532
10464
9675
9304
20651
9185
9067
9771
10345
12399
9362
9105
7323
21598
16841
9094
46027
11806
9161
9539
9248
19866
9103
7049
8705
9025
9080
9172
7859
7825
23766
7485
681
47414
9029
15118
7888
15062
9935
7655
10101
14472
15179
9148
9536
9271
10087
9168
40352
9319
25483
21734
9045
49036
9130
38916
40657
6900
11121
22123
6835
26402
20893
6918
7892
12178
10001
9119
8704
6835
26402
20893
6918
16428
50383
13162
8066
38619
36828
9721
9030
9882
16727
32800
8340
6824
3
100
9689
14320
17345
376
36500
378
10470
11050
391
398
12405
739
378
7584
7433
437
7889
7185
5
375
389
34461
9240
7894
9223
17366
20262
7760
7772
36568
375
389
10070
8135
17366
20262
28153
35119
7397
12801
9659
7656
6969
8084
468
214
9051
7188
12514
22877
15768
6903
15386
8146
10988
9867
43213
8599
9325
26490
10078
7335
8704
34986
12923
9376
11657
10586
7220
26764
26578
8267
7235
15394
48276
15528
6824
27080
43213
17053
13229
9069
7208
9329
25856
9585
19561
7788
9265
7162
35119
36568
10276
9142
7374
8330
8137
9784
9926
9651
8006
12002
6886
4
100
10195
9437
8143
12003
6903
9304
9437
8143
36840
24740
9207
10805
26616
26973
9135
13872
8
9563
11380
8263
6858
12139
392
10079
12691
16293
19317
7789
9667
30601
26098
9292
7888
11816
7671
6995
9148
21734
9020
38916
9324
9034
9214
10100
29018
8159
35952
12108
10580
9038
9029
6963
9034
26284
45240
12199
8711
10449
23576
8146
10149
17333
7770
8704
9194
7691
7384
17472
382
31924
8022
9552
10063
28397
9025
9559
10293
19926
9024
7967
377
9131
7530
31455
13969
9062
7981
7788
23576
8135
42393
383
12979
31547
9324
9034
9214
12015
9167
17214
8042
9607
14977
10660
5
100
9293
10259
40367
9088
7812
8137
9430
40367
9120
9631
11229
8066
14842
8022
9167
22939
45515
9029
7335
8704
40367
33038
9224
11631
6824
26945
9592
32619
7777
9177
9745
24339
15918
9242
10230
35315
9025
9080
14422
14089
9508
8146
7623
37921
14472
10151
15179
9168
10293
12495
11181
11540
28738
9017
8340
27448
15605
11146
46483
9982
43804
389
448
20449
457
9574
440
453
16675
389
441
11308
9291
24583
9511
34851
8
12199
8711
10033
13805
9148
9456
10093
10087
9168
28814
22301
26857
11865
9194
10470
11050
12767
14253
13472
382
11124
8160
9044
13755
16479
11918
387
19993
5
100
9138
7415
13409
10043
46027
7426
10695
387
46027
10034
39982
9758
9030
14112
18321
20018
8711
32256
10148
9048
7335
8704
11930
12199
7187
9135
9194
10470
11050
12767
9613
7689
9936
11573
382
19993
26815
13755
9438
11124
9980
9463
11768
22301
9025
10123
10141
39970
9044
20178
11502
13069
18862
21666
18442
18641
7888
9804
9599
10063
7981
21894
11159
6903
9304
9033
9882
9039
12115
11348
9038
10822
26616
12733
7530
10063
24526
9134
10270
13738
9170
8676
10539
7470
15381
9207
9212
10402
9054
8705
50375
28296
9016
8
9563
11380
8263
6858
12139
392
10079
12691
16293
19317
7789
3
100
10464
22973
15381
9030
9882
11101
9676
9029
8146
7623
22973
8135
12199
8711
10033
43249
7252
9194
425
453
12337
10421
11370
10085
37090
382
9331
9246
11341
12957
10926
9084
6890
9048
7985
7626
9052
14006
8604
10071
8148
9194
418
10845
16239
10528
23616
12187
9394
10226
6890
8148
46063
7691
9105
16723
15800
17592
15835
15979
8604
34462
10063
429
446
10272
10054
18896
16740
20938
11849
443
406
377
7426
14006
22295
20286
16062
10901
9102
9559
10290
9726
7276
22286
9324
7586
8238
15389
9939
11135
13872
8
9018
18554
20659
9489
38052
9172
7208
7691
739
4
100
9215
12372
44163
10135
7235
10488
9156
8146
7623
44163
35942
14472
10111
9168
40352
9319
25483
21734
9045
49036
9130
38916
32800
8340
6824
11540
28738
9639
11181
11585
8135
46483
9982
43804
389
448
443
9549
440
44683
389
9821
43832
9662
12442
9508
10640
7162
9034
10773
391
393
388
10470
16341
29941
400
11995
9560
12442
34851
8
9563
11768
12199
8711
10033
392
8149
9148
9456
10093
15664
8149
9168
26074
28147
31957
7644
15848
8769
10007
36933
9802
50345
19862
9217
16989
16863
15118
7888
7071
30152
7119
7791
11533
10704
18398
10810
9759
9444
38261
10834
11452
4
100
19306
17339
9059
6967
8137
9676
13358
10846
17339
9059
6967
8146
14441
7335
8704
9912
9133
19306
13417
7407
8428
9021
14222
6903
9060
9834
26068
10108
10090
10599
13229
9508
9648
12834
28112
14226
17761
11545
9025
11189
15064
18566
9199
9677
9016
8
9426
14450
46715
12199
8711
31342
35853
16021
17073
8135
9034
7109
12618
9349
380
41910
9130
8007
393
9869
7489
11095
30112
7250
9217
10087
16863
9489
9595
9398
9518
9545
44344
28311
27035
9017
26421
29550
36459
9773
10061
9035
8263
7058
8711
48413
31442
10508
10261
9390
9191
14814
7536
9805
9034
9268
394
10521
6
100
9046
7492
10016
7399
8420
11630
7426
9117
7749
9063
26577
39005
9029
8146
7623
9046
7492
10016
7399
8420
9803
7155
7162
9194
7502
8236
7967
11089
7235
9526
7770
13278
12032
8236
382
9017
26421
387
22301
30935
9052
739
7432
7220
9397
8066
9848
6853
8518
8143
9613
7521
7155
8148
9407
8513
6903
9301
8159
9030
9882
31343
9803
7155
7470
20659
9766
7335
22418
14472
15179
9168
10141
9215
10807
9194
7689
7399
8420
9942
42848
12141
10293
9119
20496
10808
9592
16576
26098
9292
49036
21734
9143
38916
13669
12423
12298
9044
9123
8336
7849
10368
49009
12032
13976
9304
5
100
49166
9077
13501
15730
22828
9017
8146
7399
15730
22828
21835
11943
12199
8711
9148
9347
14465
8263
7058
7187
9168
9563
387
9053
10163
13463
9030
29828
12949
12054
10293
7250
9248
9456
26829
10141
9021
10601
8705
10148
9048
8719
7653
8345
6958
29930
9052
9390
12283
396
9869
8030
10378
18992
15118
8135
9172
8719
12712
10345
7372
681
16718
8643
9950
9430
34197
392
8148
16947
9974
34197
8185
13739
8418
13455
9494
7692
11011
10416
9276
10187
9828
9036
14024
15405
14736
9180
20038
8159
7107
24567
24240
12401
19691
9140
26851
7442
11011
10601
383
33625
9412
10081
384
3
100
37648
9712
12557
7470
11219
7991
9277
26116
15193
7162
9267
10480
10586
35256
9048
8146
7399
9513
10869
9036
22821
29306
8608
35884
45841
9172
25000
8143
9301
11806
41244
9597
14872
22260
12224
6903
9304
9311
22213
21293
21120
14465
35575
7252
12224
25385
12557
9592
32409
9301
16347
21308
6824
50053
17592
9029
26421
387
9018
25098
34023
9873
8608
8257
9177
9640
25000
8143
22452
10307
9025
9080
14710
12974
6969
15825
387
41114
17080
47123
12704
16576
23374
36416
9043
9438
25756
6958
20164
15910
9284
9882
15568
13413
10960
8
12199
8711
10033
13805
9148
9456
10093
4
100
49462
9040
9702
17676
375
25294
9040
9702
17676
375
8194
9409
9311
9340
16136
15177
15717
9359
9863
10229
9745
22601
11660
9033
9249
9022
10829
12222
8146
39265
12950
9181
9025
9080
11146
21187
11260
6947
7399
7220
7235
12177
10641
11525
11132
44534
14610
9552
14088
9027
11611
11242
10579
23006
7788
10152
13548
27077
9038
9306
13679
26248
8705
9566
17779
9179
10734
11436
31084
9025
9029
30857
9040
9379
9443
9277
45203
8194
9620
14059
9183
11903
12059
10670
9955
9801
12204
9267
9458
18246
36827
9788
11188
10206
36045
9040
9556
11478
9511
11649
13023
9337
13485
34616
4
100
11019
8168
11252
9154
387
35265
9154
9030
9882
9684
9238
12313
8146
9826
8711
8210
10010
7335
8704
9018
18554
14223
20659
8148
9194
7877
25306
8660
40056
15232
37648
8137
9430
12668
43689
30412
9124
13981
9025
9080
9199
9704
10542
26421
22301
29794
16476
40056
8135
11336
42460
9831
35646
24088
6903
10377
26463
9939
9745
28372
8022
51132
25098
12359
9038
25421
9788
10590
14966
9436
10730
8704
12224
8143
12106
424
418
9185
10195
11325
7162
10769
9070
8042
11245
9961
9284
44631
10021
15695
9025
9341
9947
13711
11387
34619
8187
9599
12634
7235
33503
14112
9377
24309
5
100
23706
24101
9065
8084
8707
10809
387
9394
9022
9065
8084
8707
10671
9080
9548
9290
16346
6889
13358
9035
6947
41481
12627
9036
14112
10584
9582
17449
9532
10972
9018
26095
9430
17582
9863
16203
9676
30958
15562
9213
8146
24030
19520
17831
8022
9167
11404
28467
8137
13725
9029
22507
9782
12517
9080
9088
10283
25793
7235
9366
10574
11477
11594
19526
9048
43056
12102
9094
13368
9278
9458
13091
13221
9029
30903
9432
25541
20241
25558
6889
9418
15378
9919
9134
9929
28440
9887
11188
10206
47637
15709
20617
9280
9341
9650
9362
10021
9424
18443
9016
15359
31040
11510
45937
10165
4
100
9114
13374
11316
44868
9023
10063
7965
8264
9168
9440
11675
384
12397
10516
6903
17305
8705
40452
14807
11218
9111
19303
13525
27914
9108
10063
7670
20423
10482
7556
9368
13510
9511
20674
38663
9552
9267
9366
12418
15807
40506
9025
9846
50375
16773
9505
8704
8652
30601
26098
9303
7888
11816
7671
6995
9148
14039
9426
10785
9021
21734
9020
38916
28814
22301
24124
8135
19856
18194
9518
39548
23030
26187
30397
14465
8146
7060
24124
9052
9324
6886
6905
18927
7799
9064
10944
9664
8091
8747
18927
11245
9096
6963
14932
10352
9441
7669
9690
10110
9212
7791
8806
17621
9030
3
100
10152
9034
44163
6824
10463
9257
6947
7399
7220
9018
44163
11510
10021
9022
10706
9194
7536
7767
6824
382
9505
27914
9170
9438
9430
9745
13997
9754
11213
28467
9033
15148
16627
8146
10431
12341
9258
11132
39349
28235
17000
7916
9642
9124
9213
43056
11993
12313
9154
9207
9366
21381
16254
23247
28657
28569
9294
10413
9023
9278
9650
9679
9551
19561
7788
9871
17220
9621
9177
9432
9294
23236
9167
33111
47637
9424
10805
9325
12177
9258
12632
13548
20034
7656
9025
10877
21319
7210
10203
9673
14819
23854
15029
377
10972
9094
45934
24440
8463
7652
32574
12102
17582
4
100
13914
10856
31898
6958
9030
9882
13230
12090
9430
9279
8236
20958
17381
8707
27235
10735
13368
34427
15072
12368
9025
10517
9337
10148
9048
7335
8704
22301
37921
12199
8711
9148
10822
17741
9172
8719
7653
7055
7144
29930
12446
16715
10488
14465
8146
7060
11570
9052
9524
7799
8149
9219
10007
12120
10533
387
10970
12033
10110
21435
9225
13659
9790
15730
7055
7144
21835
11037
9628
9925
8148
20038
9635
8600
8756
9935
383
7235
7894
9238
9836
13143
10695
384
20038
12458
28868
20866
11011
9935
383
45721
20893
31572
12458
10001
15421
9276
11725
13872
8
9563
11380
8263
3
100
11345
13036
50923
7426
22016
9052
9172
11583
8143
10939
681
27087
32352
9029
8146
7060
21734
9045
7888
11816
7671
9148
13036
9497
9296
26413
9172
10470
11050
13036
9553
33838
15316
24733
8056
16276
9191
8765
8286
7470
15918
9018
9672
10260
14472
10111
9168
20160
8398
9878
9078
9131
51000
36741
14175
9224
9847
7127
10828
27558
10647
9017
8006
19975
9177
9939
9855
9832
12115
9430
48648
20395
14979
13230
8705
9025
9688
20503
6842
8135
20764
10100
10688
42282
9882
27175
9337
9025
9029
7335
8704
49876
22600
37507
8539
36672
6948
7235
9580
12622
9017
680
7965
7
100
9293
10259
739
8430
8548
8149
22547
7470
9356
8017
10010
8146
7623
9052
739
8430
8548
8149
22547
8022
13659
9154
9207
9586
25743
9136
23078
42224
9668
10078
6947
7399
7220
9018
6866
38850
8149
13570
10574
9564
18251
7285
8263
10171
10010
8704
8340
8137
16353
7480
11408
24795
15942
10021
9194
8429
8643
382
8041
16691
8
12199
8711
10033
9135
10081
10040
35463
9076
8756
31517
32660
15600
10366
400
16839
9034
7109
19584
12618
10595
11386
397
380
40172
12734
9062
8033
8368
8128
10479
16034
10257
20631
6958
9422
32070
15570
9934
9439
12345
13478
9017
11622
6932
9759
9460
5
100
29306
8608
35907
7877
10107
8159
9044
9220
8364
8137
9430
9390
10368
49009
12921
7622
7877
14527
7119
9032
8688
8608
8469
8137
9264
8194
9119
7335
8704
14472
13805
9168
9172
12438
7622
7877
20237
35907
11337
425
22068
424
408
427
409
417
9752
421
420
426
29382
28289
10293
8711
20237
8066
9304
9033
9882
30015
12498
37474
46548
8146
7633
8599
10107
14710
19275
9404
37184
11742
8191
31354
44797
46483
9982
43804
389
441
439
19180
29383
26494
43832
9291
51078
38204
21470
9844
23328
9511
9508
7194
8364
9599
9536
7187
10087
10157
9156
8429
8643
7631
25831
6
100
15275
8688
11244
8006
9930
8610
8135
14564
9166
8694
8418
9168
21465
8711
33215
6867
9091
9377
12486
9038
27343
9080
9301
11186
9028
7028
10826
7335
8704
48240
9731
9492
20305
10090
15386
409
8066
10403
6824
12923
9114
47826
394
9472
12189
16255
7249
9341
41046
10558
8382
9124
9922
10108
12364
8146
13644
39713
12443
8137
10474
18566
9479
7803
7877
27726
9359
49067
9049
7884
6903
24119
13538
10408
31041
9025
9029
26421
387
9018
38052
12010
10573
19671
8148
9172
8022
8467
7788
8599
13439
20589
25191
7799
14564
9325
35768
9038
13981
9025
10960
8
9426
14450
46715
12199
5
100
45045
17077
9480
9018
8191
9355
9366
10574
17077
6958
13579
9676
9029
6856
7162
14710
9773
9174
9340
9017
8366
8286
7162
42126
9592
16233
33037
11318
9290
22489
11382
10280
27860
17077
6889
9769
9200
9346
18279
9564
19930
9290
16933
41996
8368
17049
28281
11357
12201
14226
29859
7991
9178
6947
7399
7220
9018
11536
9596
7622
8263
14222
8137
17761
10090
9199
15177
8722
7622
9272
33245
17337
9104
11188
10206
8146
10431
11903
9596
9556
15453
10956
9149
20676
31509
8022
11830
37830
9508
23006
7788
10165
16893
15632
9124
9539
10030
12204
16896
6824
9246
13453
33603
7426
50762
5
100
739
8545
7608
31898
6958
9030
9882
11101
9430
9279
28937
9675
9304
9033
16930
12090
11604
8423
10148
9048
8146
7623
37921
12199
8711
10033
13805
9148
9456
10093
10087
9168
10293
7250
9248
9390
9130
11687
10219
9246
9085
9869
8030
9902
23237
18992
26421
387
22301
11570
9180
9172
8719
7653
7055
7144
8143
9673
681
15656
9562
12120
15730
7055
7144
12313
27979
16427
24168
11046
10106
6958
9284
35533
27087
13214
9532
7335
22418
30601
33940
20316
10533
20454
42454
11003
10676
9264
8194
9062
8704
9396
9018
18554
41286
13755
20050
9599
14472
10449
9044
9021
41789
9607
15932
3
100
18504
39310
9807
9325
13229
10341
9025
9029
8146
7397
8704
12921
12372
16278
8135
9745
36197
9339
7481
9025
9080
9278
10586
9597
9044
47166
26421
387
10869
11998
9033
30478
12438
16373
15620
39310
7485
8137
9277
9199
9554
18365
18735
25557
10090
9280
12972
12364
7335
22418
14411
9882
27400
8066
27134
9021
9231
8148
12498
9701
30478
12438
13626
14133
29614
9859
9424
30765
19065
22353
9803
13503
8014
9185
10437
18904
12386
10764
10599
10526
21292
8729
8006
18333
9052
9863
18443
9846
21598
7514
32587
9079
7601
7372
9950
9161
19107
16368
27006
9202
9448
24743
15384
3
100
9450
13815
15016
40410
8148
9172
7877
25306
8660
9105
35646
24088
12178
9430
12248
15695
9025
9029
8146
7623
30015
11943
14472
13805
9168
10293
12495
9162
8364
9599
9094
7187
10087
10157
9156
8704
8652
9230
7487
15283
8420
10161
21666
739
7099
9581
7446
8135
12199
8711
10449
9216
27232
29794
12062
13475
46019
29362
9882
11262
12572
9084
27675
44188
8705
10148
11692
8
9426
11624
11407
9456
9359
9741
14366
10608
8263
10007
18863
9033
10403
426
412
383
7767
8168
29716
8637
7281
9291
23538
9062
42983
412
7162
11875
9582
12329
10055
9025
9080
11704
9021
5
100
9454
8450
9109
8461
32104
7545
9023
10824
9262
11704
8135
9432
22821
32104
7545
18284
13572
8705
9025
9029
8146
7623
37921
9741
20717
10559
7426
10407
40247
7532
10998
30765
14896
13941
12721
9161
12298
9136
10903
42083
18708
45498
9025
10517
13153
14465
7514
8185
9172
8467
9397
9088
8149
9942
12438
681
10808
9592
16576
26098
9292
49036
21734
9143
38916
26945
22301
11570
9180
739
7432
7220
32947
8191
9034
14055
10293
11169
12743
35471
36287
7252
42004
11667
7656
7847
10960
8
12199
8711
10033
13805
9148
9456
10093
10087
9168
28814
9194
10470
11050
12767
19416
11573
382
5
100
12742
15403
8143
20244
8098
7235
9304
31041
9025
9080
15403
9048
8146
7623
9641
7220
11285
7470
9430
19268
37507
8539
9172
8429
24246
15316
13119
14465
680
8429
8052
7877
12480
11336
9488
24246
9518
9947
12554
10506
12112
13414
9492
17018
9119
7335
8704
9172
21249
681
9230
8514
8137
41203
9882
10607
8552
8137
12413
8705
9788
9029
26421
387
22301
9641
7220
51000
14472
10189
13805
9168
10293
11169
38204
10808
9592
16576
23559
8368
8505
30015
12498
38018
12715
31987
9444
10872
9745
27815
12921
10665
15918
27329
11814
8711
39734
18362
43669
9659
6828
9025
9418
9558
9430
6
100
10464
10043
9049
7281
40766
10939
375
8146
8196
9148
9347
376
36500
378
7965
6958
739
378
8126
7965
12438
10952
739
5
440
14916
463
437
451
11308
11756
457
8
9724
11050
36396
10959
30857
426
20955
405
739
9585
30899
8135
35116
438
8052
7385
20486
11667
7788
36230
8094
12557
468
214
9051
438
438
39514
8022
9784
44837
13375
8263
468
214
28892
402
375
7605
7235
15495
10721
7235
34166
9705
605
605
605
375
7182
7285
9240
7894
7312
6824
9069
23775
387
17969
7513
6889
10278
7991
6872
8006
8084
608
608
8
10070
8135
45887
22600
4
100
16641
10133
8564
7877
12980
7445
7812
8137
9430
9882
10133
8564
7877
10395
10603
20659
8149
10148
9048
8146
7623
9696
26601
9164
9908
20038
7293
16006
14381
36118
8006
10274
10259
10210
14832
9140
9698
16150
20038
17206
17947
15111
16641
12171
6958
9480
9807
9140
10824
14461
9276
10822
9124
9508
7335
8704
22301
47257
13731
10040
12171
17947
9891
37005
9422
10873
33139
10416
8711
32256
46548
6963
8042
8265
11196
426
408
14593
18440
9417
10116
10063
417
426
408
14593
8262
11423
12199
9595
9398
9148
9426
8745
8732
36118
13029
414
443
9776
12779
441
27797
384
3
100
12122
9647
15697
8137
9430
13895
15902
11420
9689
15697
8143
13165
14354
8711
32256
10148
9048
8146
7623
12079
8135
14472
10189
13805
9168
10293
12495
20616
11248
46483
9982
43804
389
458
16649
457
10630
444
27797
43832
9291
24583
9511
34851
8
12199
7187
15179
9148
14039
22301
37921
9194
10470
11050
31651
46740
17901
382
14408
8066
40242
29179
7470
10216
27518
9207
10488
14465
20496
9052
14604
12068
14996
14573
11196
426
381
413
387
9426
7991
8484
12338
9030
10040
9628
10046
9804
10155
13536
15864
9235
10825
14671
20050
8159
9225
28952
13659
9119
417
426
3
100
47969
37249
15381
13230
387
12010
7692
7139
15381
9030
9882
27175
9337
9025
9029
7335
8704
14175
7060
9052
10464
9675
9304
9033
9194
19062
7575
8263
8450
382
11204
7235
11630
7249
9341
25768
9304
29080
15148
36661
9025
9846
9243
45487
8146
7623
37921
14472
16583
9168
10293
12495
20616
27146
46483
9982
43804
389
440
15905
14197
463
444
9792
9768
50097
43832
9291
11522
9511
34851
8
9563
11768
12199
8711
10033
392
8149
9148
9456
10093
15664
8149
9168
26074
28147
31957
7644
15848
8769
10007
36933
9802
50345
19862
9217
16989
16863
15118
7888
7071
30152
5
100
9454
8450
9050
30917
11011
11328
8148
9172
425
417
431
9752
29103
17112
681
15591
9430
10040
9050
30917
9224
11290
32099
49703
9029
8146
7623
9696
26601
9815
417
431
9752
29103
17112
7162
11196
8621
6903
10741
9882
15111
16743
9843
9050
30917
9136
21942
33253
29930
11011
9140
16302
11101
37474
46548
7335
8704
9815
37655
7470
11693
22821
14408
8066
9304
9426
9605
8104
10043
10210
9726
7540
7812
8137
10293
8711
9553
23347
8143
13755
9377
22011
9030
9882
14832
39740
11604
8423
10148
9048
6963
7799
7847
9613
7162
9640
39453
8078
9023
25935
11999
25107
7812
9261
5
100
16701
9280
8467
31054
10762
387
12298
10997
10416
9030
9882
16254
42811
9029
8146
7623
9084
12053
8135
11336
10395
12618
23410
9510
10114
8265
9435
8255
7426
44188
14465
6958
8215
8022
10824
15624
9194
7691
7384
7372
7634
382
24102
8143
9249
17939
9755
7634
8137
10693
8711
10903
20787
15384
21480
7335
8704
9920
10283
29000
8066
22483
9174
9340
9017
7770
7767
11533
9880
9306
27400
7470
20589
10998
11401
11814
41142
9849
12131
26421
22301
38052
12199
7187
9216
27232
9194
7691
7445
18333
12479
46019
29362
17939
19608
13644
26569
26240
27129
12555
18758
18805
49574
9044
19465
5
100
14258
6841
12163
20244
8098
7235
9304
20166
9025
9029
8146
7623
37921
14472
10111
9168
40352
9319
25483
21734
9045
49036
9130
38916
10293
11169
11181
11540
28738
9017
8340
6824
10309
8135
46483
9982
43804
389
440
15905
14197
463
444
23616
43832
9662
11585
9748
34301
12522
16554
9133
9018
7521
13015
449
14960
448
447
5
452
18597
9485
389
441
11308
9560
21760
9511
9508
8159
14261
27146
13919
41591
9023
15695
9025
10960
8
12199
8711
10033
13805
9148
9456
10093
10087
9168
28814
22301
26857
11865
9194
10470
11050
12767
14253
13472
382
11124
8160
9044
13755
16479
7
100
28895
7281
8660
11293
8756
7532
15381
9030
9882
13230
8146
15225
7335
8704
37648
8137
9430
12224
6903
9070
8042
9438
10730
8705
9025
9080
9194
7877
25306
8660
11293
8756
7532
15381
382
11328
7235
10001
9156
8340
6824
10309
8135
14472
13805
9168
46483
9982
43804
389
457
451
17447
12494
13650
453
389
22174
43832
9662
11585
9748
34301
12522
16554
9133
9018
7521
13015
449
456
5
446
9574
23495
11060
9560
21760
9511
9508
8159
14261
27146
9426
16537
11906
9830
10003
42983
24645
384
13919
41591
9023
15695
9025
10960
8
16858
8187
9436
12199
8711
40307
6958
37075
37798
4
100
10756
12610
9684
12313
6903
9304
9279
24322
9074
7777
9033
10046
19345
9659
12312
6872
19303
9135
13872
8
12199
8711
10033
13805
9148
9456
10093
10087
9168
9563
37043
16858
7244
9741
8023
17698
13363
9194
10470
11050
12767
14253
13472
382
19993
26815
9426
18219
14315
9894
39931
9172
41157
13755
17047
8187
14664
11124
16351
11918
14465
11675
18219
14315
10116
29837
10233
21073
9038
9735
10453
11625
18427
30913
14473
18603
14996
8704
9018
11570
9023
9390
20309
34080
9025
9694
9097
15717
9183
23386
16863
8146
7623
26857
15836
10040
19760
14253
10161
19245
36349
9882
49954
15997
4
100
9046
7607
18236
13461
9030
9882
13796
24767
7335
8704
12298
9136
9939
13230
8705
9025
9080
9194
8345
7965
9932
10997
47708
10001
9119
8146
7623
37921
14472
15179
9168
10293
12495
11570
10808
9592
16576
9123
8336
7849
10368
49009
28738
9039
7851
24950
10312
20564
8
9426
14593
8262
11423
16308
10384
21248
9552
10063
393
45763
37075
8135
12137
14835
7803
7788
11414
50456
9033
36028
30663
9437
8718
12733
7530
9590
9401
6877
9215
12031
11384
11258
22437
396
9869
9771
24321
6963
28910
9417
10116
10063
15326
17773
9045
45763
14860
14200
9034
7109
19584
12618
9143
10959
3
100
9824
20531
10107
8066
9279
10453
37005
9207
10488
14465
8146
7623
9672
10260
9194
10470
11050
31651
46740
17901
10363
6841
8393
7470
9422
11721
8196
13047
19393
49253
16427
20451
19011
387
19529
7840
9030
35533
27087
51125
26421
30601
21734
9247
7888
11816
7671
9148
19864
49253
7889
9052
16062
9524
7767
7586
387
9324
6855
23009
9212
8265
45857
9018
9503
14524
9084
8711
8363
9225
15395
9033
20451
27910
12120
14604
8143
14871
25993
11061
8658
7514
7877
7235
32800
7335
8704
20531
10950
9592
9882
11204
6903
13230
49119
11630
7249
9029
33838
10808
9044
16576
26098
5
100
12396
11486
9192
7767
17436
9023
10063
7965
8264
9168
9440
7756
7497
384
8030
9897
23435
8705
9025
9126
12733
7530
10063
383
8125
8214
9675
14729
8711
384
17491
32210
17987
8137
50375
13525
8146
7060
26098
9303
7888
6995
9563
19367
34856
18268
17491
7889
10273
31731
9818
7824
9052
9055
15238
15357
387
9027
8148
9030
17984
10378
11477
9065
9578
36747
10733
9035
7694
11407
21734
9045
49036
9059
7559
45704
19223
10472
8168
7424
11187
30601
26098
9292
9787
9347
14465
8213
9941
19271
9200
18486
43140
9082
9950
21182
9097
6879
9562
10293
9062
7601
10261
14472
16583
3
100
10464
12224
11252
375
378
27013
739
378
43128
12438
10952
739
5
442
35112
463
444
23616
8
10070
8135
45887
22600
10584
9724
6947
7480
10662
8688
405
10542
10072
22600
24030
9724
6947
7480
30485
405
11848
10078
403
6947
7480
30485
18039
9265
8143
17831
9023
9278
9650
18814
9261
10964
9357
9383
9658
11387
37767
9018
26095
31266
35116
438
8146
7399
10584
7235
9677
12226
387
9676
24014
10010
438
438
9316
23854
9625
8017
14782
43056
9022
6866
10021
35116
8422
6919
7285
45847
10270
13738
9031
9144
7182
36500
383
8100
26606
9394
9108
9306
4
100
10328
10313
22893
9478
9276
9430
10313
10146
8022
48786
6889
9029
8146
7623
16718
8643
10261
12199
8711
10033
13805
9148
9456
10093
10087
9168
10293
14465
11270
10101
22301
16718
8643
9950
9207
10141
39970
8066
9304
9194
10470
11050
18112
10105
12313
13755
35608
26857
8187
12141
10686
9062
6900
7540
11865
9684
9238
46586
26889
6903
11207
27225
12876
8137
9422
9882
24804
11348
9038
9558
22151
11381
9154
9207
10488
7250
9016
8
9563
11380
8263
6858
12139
392
10079
12691
16293
19317
7789
9667
30601
26098
9292
7888
11816
7671
6995
9018
9034
17680
9042
8530
8148
19990
4
100
12557
8143
11384
34105
9017
8146
7623
16718
8643
10261
12199
8711
10033
13805
9148
9456
10093
10087
9168
10293
14465
8441
8643
8148
10808
9592
9390
12283
396
9869
8030
10378
10107
10560
9018
9044
9246
14753
398
9869
9902
35439
18992
26421
387
22301
16718
8688
9180
9172
10470
11050
31651
40242
17901
681
14408
20002
9074
24671
9304
14604
8143
11799
9069
7769
9446
9882
13230
47414
10488
7249
39802
26744
7335
22418
11181
10626
9939
9855
9301
8159
15381
27175
9430
14604
8022
9167
11042
21647
28567
15259
49672
11721
9062
8704
9396
9426
14450
46715
9595
399
8656
8344
3
100
22821
12384
28293
8148
9172
7877
25306
7397
7180
681
13796
24767
8146
25169
9860
37648
8137
9430
12384
8704
10172
11420
10854
11436
10307
6889
12817
11023
11956
27603
16916
9599
9745
24339
15918
44631
23230
7788
16888
9025
9029
7335
8704
29794
7397
7180
8135
11336
9494
23347
8066
10377
9882
11904
41306
9337
9025
9341
21672
13902
9638
14908
26421
387
9018
10997
8022
11820
9511
22932
13034
40087
10433
18818
41730
9444
15225
6963
8042
8265
11196
426
9230
7487
17053
7276
9935
21056
10201
9640
417
426
7162
12634
7235
12298
9136
12668
43689
42083
11018
8705
9025
4
100
9293
10259
20666
21422
7055
40367
9030
9882
11101
9430
23479
42226
12520
9029
8146
7397
8704
9513
10869
9036
22821
29306
8608
35884
45841
9172
8732
7877
28182
9023
20666
21422
9033
9597
14872
22260
12224
6903
9304
9311
22213
21293
21120
14465
35575
7252
12224
25385
14381
7877
28182
8022
16898
9080
16082
17592
15835
26421
387
9018
25098
34023
9873
8608
8257
9177
9640
8732
19193
50315
9912
7235
9676
11342
10083
9168
9098
8244
7788
12371
9677
15910
387
9640
9648
9038
13358
10247
9277
9122
9320
7080
684
9284
15568
13413
10960
8
12199
8711
10033
13805
9148
9456
8
100
9538
7374
7182
739
8545
7608
31898
6958
9030
9882
11912
20893
8137
9337
9025
9029
7335
8704
739
8545
7608
31898
6958
13230
8135
10082
8236
18901
9939
10760
8704
44571
15300
8711
11286
6828
9025
9080
22103
7235
24767
8146
7623
37921
14472
10111
9168
40352
9319
25483
26098
9292
49036
21734
9143
38916
10293
11169
11181
11540
28738
9017
8340
6824
10309
9140
20616
27146
50917
12092
46483
9982
15970
50093
401
29139
43804
389
452
23323
446
463
22069
389
42208
43832
9291
11522
9900
9034
10773
391
15664
388
11729
394
29941
400
11995
9560
37271
9511
34851
8
9563
11380
8263
6858
4
100
12501
9520
17339
46027
7426
10695
387
46027
16347
39982
9758
26134
23806
8168
9603
9030
9882
14112
18321
9484
8406
9017
7335
8704
14175
9224
28341
9107
8703
27254
9207
15220
8066
16407
8022
11350
8570
8703
11806
26692
42547
8215
9094
10971
27011
9182
12294
9422
25525
7290
7235
22931
8146
8078
9325
10192
10328
6903
18395
8711
46903
8159
14727
28341
10794
11270
50429
9207
20469
7652
9626
11454
9790
14175
14417
10911
383
7877
8487
8215
384
9140
19995
8126
6918
35362
9430
49876
27842
31600
9025
10517
9463
6963
7799
8758
37855
10201
9640
7981
21894
9073
7162
10533
5
100
12396
11486
45045
12079
10148
7235
12257
8146
7399
12519
9258
12199
8711
10033
9528
15883
8236
17605
37724
9466
9023
13363
9172
10470
11603
9457
15223
24509
11197
47937
7877
15714
13659
387
9640
7584
9365
25995
9136
9278
22600
9362
10021
10152
13548
10270
9038
22146
32239
9383
13525
27914
9108
9640
24665
11618
9745
13997
10725
12520
25799
10013
684
7530
22137
50183
18561
16357
10363
8143
13135
6962
9639
25354
11384
26018
21480
8704
8652
9018
11570
9052
9121
7821
46005
7487
9034
10150
9030
9843
15390
9675
9304
9036
9059
8337
20005
9828
18139
9525
11244
7478
22536
12196
49864
4
100
20237
7844
10259
19534
7892
9444
8135
10769
10280
19534
18902
13216
26347
9031
31134
21308
7470
18614
8705
9025
9029
7335
8704
9450
8150
9368
9430
9745
16203
11252
9307
9689
9658
6903
24804
13769
9788
9341
14441
29969
19982
16898
9080
9592
9325
387
13216
11088
10941
19107
19959
19095
16388
9025
11188
10206
8146
7397
8704
19534
15555
46993
10021
9172
8347
28833
10090
32646
681
9017
12115
26956
9068
9278
9650
9362
48040
12462
8137
11609
11229
9048
7968
7162
44939
19686
9038
43774
17449
12748
9355
9450
10268
35475
7235
11136
10138
7285
6866
9508
26421
49462
9985
21938
4
100
9454
8450
13088
12035
7235
9029
8146
7399
9376
9048
6947
7406
10846
9018
13088
9177
9863
21342
21598
8092
7791
9172
7496
12178
9278
10635
21843
7481
9025
9080
37375
10021
9172
8420
8513
20708
7188
6889
9446
17366
20479
9518
9267
11355
8155
9176
9407
8513
8135
9022
15882
9909
19561
7788
13570
9407
8255
8022
10728
739
8283
8213
7471
8704
21855
14084
9199
13366
7335
9306
16282
29523
8588
6963
8137
25269
9025
9859
29523
8588
6963
8143
9249
9244
9599
10769
29755
387
9164
22192
19216
9030
9882
23482
12726
9855
14330
6960
9257
37699
8588
6963
10330
20091
3
100
37648
12224
7851
7756
382
9017
8146
9177
10063
8704
9365
12224
21147
9457
10281
11177
377
9131
7530
10063
11675
9023
10730
7252
25098
10704
9426
11087
15570
9366
9290
12487
20289
9181
9025
9019
19303
13525
27914
9108
29843
7623
10647
11149
11975
12224
19016
20672
33166
10310
10687
13129
10586
25012
10341
50375
16773
9505
14453
8765
9052
10040
9843
27013
15213
9136
28952
36349
9194
12407
9578
25415
9269
11975
25431
12141
16727
9036
9882
11772
20659
9766
26421
22301
39848
9180
12199
8711
9148
14039
38514
7461
12438
8143
13561
8187
14986
10747
10488
9156
8263
7058
8711
4
100
10328
16069
8143
16302
7235
10853
15840
9029
8146
7399
9513
12199
8711
10033
387
9563
12190
9172
15118
8745
9647
8170
7777
10109
7297
9935
12178
9430
11238
7767
6824
23805
19778
9033
13045
15405
680
10539
8170
10105
7799
8756
9635
15208
10140
7249
9925
7692
13090
11011
17262
9025
9080
10112
21361
11686
9018
25762
11059
10568
25499
10127
8263
7058
7187
9135
13363
15852
22823
28818
9640
7801
8094
7767
10230
34781
8705
9249
10328
9074
6932
10043
18395
9612
12629
15910
7162
9027
10018
12252
9149
9017
10828
9161
11930
9456
39604
6958
9044
9021
11238
17475
7692
25491
5
100
13919
9114
27680
38522
8756
12980
7445
7812
8137
24767
8146
7623
9696
26601
9164
9908
34197
8052
27680
10619
10083
10308
7389
8662
13254
9140
10001
34197
14398
14832
6903
10210
9726
7540
7812
9030
9882
14699
14461
13309
9463
7335
8704
9114
8694
9799
12300
8148
9172
20969
6905
8196
12092
681
20606
9422
9698
33139
9430
12298
9631
10387
11940
7799
9264
13028
45174
45190
46365
9243
13493
9038
9029
6963
8042
8238
11196
426
10046
17371
16911
10048
8187
7556
9634
9640
417
426
7162
10040
11765
45320
7281
11217
8143
35306
27680
38432
13439
20659
9639
13620
42612
15072
11489
4
100
13417
18476
37231
16195
7627
375
8146
7623
9052
739
378
7965
8599
8507
7383
7877
36055
11725
8711
12854
6872
10010
37767
37231
8507
7383
11414
9609
9347
8718
8006
12002
6947
7312
9148
45887
22600
10417
31553
9564
9703
10792
10078
19561
7788
9018
18554
37231
8507
7383
13053
10107
9124
9481
14782
10072
22600
11267
9584
10384
11074
8137
17600
9036
24902
8017
31204
8084
36500
43056
22126
8135
9882
45046
11772
40453
9025
9080
25012
12268
8210
13083
6969
10078
8185
8806
7235
12857
14984
39241
47259
9498
9031
27511
25856
8
10070
8135
739
5
5
755
5
375
5
100
9689
30478
12438
8149
12035
7235
15225
7335
8704
30478
12438
8149
16278
8022
9341
9278
9650
9362
10021
9745
9079
7601
10008
8066
34158
39310
7485
8137
9277
9257
8729
8006
12438
12191
11082
9154
11357
10635
30478
12921
10665
15918
10437
10546
11814
9685
9178
33340
9244
9314
14834
10770
9337
9068
25581
15053
50857
9290
22489
9207
16710
32331
9133
28035
9368
13563
9174
29721
28989
10090
9199
14441
8146
7312
7162
11980
7858
8146
9366
27058
25298
9185
739
8067
11414
20589
49491
10912
10764
10599
10586
21292
26421
387
10869
11998
9033
9172
8639
681
10497
9172
8635
7593
12178
4
100
9293
10259
10584
40669
8137
9430
13895
15902
11420
10584
9238
12651
9224
11066
9939
10056
13230
8705
9025
9080
14422
24767
7335
8704
22301
30015
11943
14472
10189
13805
9168
10293
12495
9162
8364
8159
10157
7162
10151
10087
9048
7194
8364
9599
10111
13834
46483
9439
9430
9067
8263
7253
46548
8146
7633
8599
10107
14710
19275
9404
14558
20503
9133
9368
31296
7532
9220
8364
8137
13166
9390
10368
49009
12921
7622
7877
14527
7119
9032
8688
8608
8469
387
9553
17047
6932
9276
9264
8194
9119
12438
7622
9860
38204
10808
9592
9172
10470
11050
31651
40242
17901
681
12068
3
100
16152
10082
12079
8135
10769
10280
10082
16069
8143
25366
8137
9430
9689
13368
11799
9706
9033
25012
10341
9257
8146
7623
12079
9180
9194
12458
14085
382
9136
9939
9855
9882
16285
51009
9025
9029
7335
8704
26505
18582
44571
13563
9855
13088
7235
9304
24177
9025
9341
9947
9486
16093
21630
9337
9788
10960
8
12199
8711
10033
13805
9148
9456
10093
10087
9168
28814
22301
37921
10141
24121
23815
11181
8159
9044
9390
9253
13307
14475
27379
8340
6824
10872
20038
392
7597
16989
6826
9563
8031
9296
10807
13363
9172
10470
11050
31651
40242
17901
681
14408
20002
37252
3
100
10464
18101
25156
8146
13214
9532
8704
8652
30601
11570
9052
9324
7605
387
17690
7654
11352
9470
7198
9030
9882
9803
7155
7470
20659
8030
11181
11401
39802
18037
32574
8
12199
8711
10033
13805
9148
9456
10093
10087
9168
28814
22301
37921
9194
10470
11050
31651
46740
17901
382
14408
8066
40242
29179
8143
9265
7643
8757
9834
9207
10488
14465
20496
10808
9592
14604
12068
14996
14573
11196
426
381
413
7162
10141
9628
17341
10428
6866
7824
9140
14112
8191
11587
9390
12283
396
9869
9902
12298
9136
30748
9025
10517
9463
417
426
381
413
9804
9599
10063
5
100
13914
22429
9769
14288
13641
7692
7235
9350
9094
9075
13641
10787
24365
9306
14288
9021
18574
9033
10984
9146
15910
7530
9640
16721
10504
28207
6958
9207
44034
8335
13939
8014
10180
15174
11846
9019
26973
13525
8243
6889
13652
12329
13358
12821
13935
9328
13787
10998
10626
29842
9029
8146
7399
9513
44034
8335
10161
14823
9136
9172
19981
8159
32297
8214
7464
12178
28281
9422
9882
13796
20659
9466
9341
39802
14215
9017
15326
15416
17572
12199
7187
9148
10141
9628
17341
10428
6866
13433
15658
24711
25857
10997
8148
25377
13115
7173
681
13703
415
421
420
9210
19956
10566
16852
5
100
12396
8066
9304
9033
32104
8137
20540
7530
29080
15148
36661
9025
9029
7335
8704
32104
7545
9023
13572
8705
9249
12743
31087
9168
36287
24950
13499
9025
9341
9947
9181
7356
9124
32104
8146
15225
7432
7220
32947
8191
9804
9599
10063
8056
8711
9220
7789
9081
8791
7162
12199
27684
10377
9504
7799
6962
6903
10428
13626
12544
8420
9149
24584
17613
13155
7413
387
13226
7487
17052
22821
42302
7545
9030
9882
12845
40159
8022
10219
14860
8146
9773
20315
9243
13814
7252
12733
9061
29843
7623
9160
9052
10464
9675
9304
9033
9063
9136
7470
42698
21159
22301
9046
7492
9185
3
100
40684
29930
10107
387
11290
13583
14354
9276
9430
33253
47310
46981
8705
9025
10517
11011
8711
32256
10148
9048
8704
8652
22301
26857
11865
12199
7187
15179
9148
9018
7187
13042
9168
10293
7250
9248
9390
9085
11816
6841
14952
21760
14465
8146
9044
14281
19728
7894
9391
12005
8704
9357
9513
11573
9020
8612
6903
18862
7767
9045
8612
9030
9432
9191
12843
11918
7249
9074
10996
9304
9880
35341
9764
19993
17295
15932
7252
9016
8
9563
11768
14472
16771
21734
9130
7888
16125
44963
8750
9023
9194
10470
11050
15852
13445
10399
8658
7401
12141
10686
12356
16583
16863
5
100
29306
8608
17707
31898
6958
16718
8643
8148
12141
10293
12356
16863
8146
7623
37921
14472
10111
9168
32800
8441
8643
10261
9194
7859
7825
17707
31898
6958
382
16715
12671
9238
34292
10695
9038
22386
11159
9261
11684
9178
8340
27448
15605
11159
8135
20651
46483
9982
15970
50093
401
29139
43804
389
20549
453
12337
454
39204
457
43832
9662
11585
9748
34301
12522
9727
9133
9018
7521
13015
449
14960
448
20449
5
452
18597
9485
389
441
11308
9560
11531
9511
9508
7791
8194
7252
10368
7536
12333
42454
11003
14826
10312
9156
6900
10116
12199
8711
9148
9456
8711
9168
3
100
10195
11639
9945
9140
9945
11967
8146
13254
7249
9029
7335
8704
9018
34971
9188
10970
11533
11639
10083
16004
8137
10619
8711
10001
9918
15219
13012
8143
20766
9377
21647
22381
10387
21379
9422
15590
25976
26421
387
9643
13133
8066
9027
8159
8368
6826
9696
11938
9430
9472
17475
37452
11940
10342
24951
30337
8705
9025
9080
20859
45479
9341
14323
9483
25481
11526
8022
9458
13229
10341
9243
45487
6963
8042
7789
13153
8170
11026
48082
6920
10201
10063
11380
15237
11639
13067
6903
28782
39768
11854
28060
14461
17702
11420
9279
9226
15967
29423
13754
9307
40321
31967
7799
3
100
15658
36877
9922
10083
9030
10997
8022
9167
18370
14390
8137
38018
7335
8704
12298
9136
10903
42083
16888
9025
10517
9882
13796
40506
10148
9048
8146
7623
25169
9860
11196
426
8143
9172
8056
7407
7193
8451
681
40056
9023
41730
34301
19310
13499
9025
9029
417
426
7162
22301
10997
9216
11909
11003
8711
14472
13805
9168
9456
7407
7193
8451
40056
9094
38204
21470
9439
9430
10223
7540
9033
49782
11684
9220
8364
8137
9430
9390
10368
49009
10607
8626
7281
393
7470
9264
8194
9119
7194
8364
9599
9536
7187
10087
10157
7253
46548
6963
8042
7889
11196
426
6
100
9456
7281
29448
10607
8552
12592
8137
9430
13895
16061
6953
9034
11658
21164
8705
46548
8146
7623
37921
12199
8711
10033
9036
9271
6826
10293
7250
9248
9390
9130
9869
8030
9902
36419
18992
8704
8652
739
7432
7220
32947
13793
22301
23191
9207
9172
10470
11050
9815
425
413
8643
12438
681
10808
9592
13572
18811
8022
9161
11704
9742
9264
8194
9033
30015
12498
44376
9029
7335
22418
14472
13805
9168
9269
8191
12311
27691
13600
6905
9180
9172
10470
12405
9815
425
413
9942
42848
12178
20759
9882
18708
12743
31087
36287
10824
9119
14435
17047
9600
34197
8052
50219
9338
8420
5
100
9138
7415
21699
11342
9945
9140
10146
8022
9378
10177
383
8649
8608
8461
7627
384
9747
9021
9138
7415
13409
9464
22362
9773
38670
9243
13814
7252
9016
8
12199
8711
10033
13805
9148
9456
10093
10087
9168
9563
37043
16858
7244
9741
8023
17698
13363
9172
10470
11050
12767
14253
13472
23620
9426
18219
14315
9894
39931
9172
41157
13755
17047
8187
14664
11124
16351
11918
14465
11675
18219
14315
10116
29837
10233
21073
9038
9735
10453
11625
18427
30913
14473
18603
14996
9033
10040
12743
14326
14253
26857
14990
11580
16575
49954
15997
11348
387
19993
9119
8056
26829
9390
9130
11816
5
100
12203
9238
9836
21174
22828
9017
8146
7623
12079
8135
9172
10470
10559
9563
14363
25854
32944
8765
681
10808
8148
14472
10189
13805
9168
32800
15118
7888
7071
9628
11194
9439
10688
12399
11373
9021
9389
14465
26421
387
22301
37406
11149
9741
20717
9041
7426
10407
9586
7372
10920
7489
10293
11169
14827
34791
9953
10001
9156
16622
9182
24989
15852
46483
9982
15970
50093
401
29139
43804
389
20549
453
12337
389
42208
43832
9662
11585
9511
9508
8159
14261
27146
15852
14450
12506
13919
41591
9023
15695
9025
9029
8704
9396
9563
11768
12199
8711
9148
9456
8711
20989
11010
9390
3
100
21308
9945
9597
9276
11725
9119
7335
8704
9172
20550
9038
29918
13997
9422
11342
10083
13439
16727
9036
20005
7235
10293
7253
46548
8146
7623
37921
14472
10111
9168
40352
9319
25483
21734
9045
49036
9130
38916
32800
8340
6824
11540
28738
9594
11181
10309
8135
42847
46483
9982
43804
389
452
446
9969
389
42208
43832
9662
12442
9508
10640
7162
13022
10957
391
15664
388
11729
394
28117
10470
396
9560
12442
34851
8
9563
11768
12199
8711
10033
392
8149
9148
9456
10093
10802
8149
9168
26074
28147
31957
7644
15848
8769
10007
36933
9802
50345
19862
9217
17007
4
100
32336
11486
38424
10416
8066
9279
10453
37005
9207
10805
26616
26973
9135
13872
8
9563
11380
8263
6858
12139
392
10079
12691
16293
19317
7789
9667
30601
26098
9292
7888
11816
7671
6995
9148
21734
9020
38916
9324
9034
9214
10100
29018
8159
35952
27715
8711
10580
9038
9029
6963
9034
26284
45240
12199
7187
15179
23576
8022
23559
9448
10063
28397
9023
16330
8704
10172
15265
9572
12188
10190
9044
377
9131
7530
10063
383
8741
10217
384
13969
9033
9499
9683
24117
7281
7481
9025
9126
19303
13525
7981
7788
23576
8135
42393
9324
17122
19665
9194
7597
8033
8335
10137
4
100
10464
10043
35723
17305
9023
9366
9290
18623
15910
7530
9640
7981
21894
9882
9308
6900
8724
11101
9430
9279
24322
9304
9033
17760
18393
10805
26616
26973
9135
13872
8
9563
11380
8263
6858
12139
392
10079
12691
16293
19317
7789
9667
30601
26098
9292
7888
11816
7671
6995
9148
21734
9020
38916
9324
9034
9214
10100
29018
8159
35952
12108
10580
9038
9029
6963
9034
26284
45240
12199
8711
10449
23576
8146
10149
17333
7770
8704
9194
7691
7384
17472
382
31924
6903
28782
10063
28397
9025
9559
10293
19926
9024
7967
377
9131
9149
31455
13969
9062
47637
23576
8135
17939
5
100
10195
13299
9422
11384
11741
6903
9304
9279
13989
9882
14805
20279
8711
32256
10148
9048
8146
7623
46391
7844
8135
12199
7187
15179
9148
9018
7187
10087
9168
14147
6826
10293
7250
9248
9390
9130
11687
10219
10001
14465
8102
8505
7844
9180
9194
9635
9971
13299
9422
11384
11741
9140
10822
13431
15252
9167
14283
24668
8066
20757
9021
23029
9532
26421
387
22301
46391
7782
9023
13564
7252
11955
9177
14323
32336
9550
10118
11310
8022
11381
7253
46548
8704
9396
11528
11768
9456
8711
20989
6958
9044
9021
9279
9094
11599
9729
9140
11852
11183
8137
11684
9036
9172
33625
9412
