4
100
17339
21071
9347
9154
10993
14110
11630
8711
7258
7532
14441
7965
8425
7889
9908
17339
7889
7756
9026
11697
21555
9404
39514
8135
17896
9092
9984
11902
9290
13815
9119
8052
7385
20486
10464
9675
9304
9033
17969
33101
9460
739
8715
7621
6853
8066
9407
8513
8146
9037
6875
9048
26421
387
9114
7690
8022
30057
17366
6889
9446
35348
9038
9065
13501
15882
9043
39533
7335
22418
29919
9893
30003
9228
12191
15887
15950
35119
7397
15832
9301
8507
7235
16756
9017
7772
36568
9052
16547
6903
9164
22192
9162
36547
39137
9225
10956
9029
8000
16123
9164
13532
15386
409
5
100
9450
11088
9480
20244
8098
7235
9304
20166
9025
9029
8146
7623
10647
7162
9194
8347
26347
20244
8098
12951
16727
387
9450
11088
9368
9430
9351
12212
9882
11436
10670
9038
38424
9033
11683
19031
9119
26421
22301
10647
9180
13216
36766
9036
10890
44886
7470
13317
12224
6903
20002
9030
9390
17984
24434
14952
20659
9766
14453
10808
9592
18818
41730
20503
8705
9025
9418
20616
27146
12846
46483
9982
15970
50093
401
29139
450
17807
389
20549
453
12337
43832
9662
15695
9025
10960
8
9563
11768
12199
8711
10449
9148
9456
10502
9168
26074
28147
31957
7644
15848
8769
10007
36933
5
100
25768
9304
9277
17969
33101
10135
7235
10488
9156
8146
7623
37921
12199
8711
10449
9148
10293
8704
9194
8719
7653
7055
7144
16718
8643
8148
12479
16715
31731
11107
9456
26829
9741
20717
10559
7426
10407
40247
7532
14743
32800
20496
10107
7162
14472
13805
9168
9594
11570
50562
21734
9045
49036
9130
38916
9123
8336
25318
11585
15225
8340
6824
11540
28738
9017
8159
14261
27146
15730
7055
7144
8441
8643
8148
46483
9982
43804
389
461
10630
444
27797
446
13513
443
43832
9662
15695
9025
10960
8
9563
11768
9094
7109
10093
392
8149
9148
15852
7071
9548
22727
8031
9140
4
100
12396
11486
10584
20503
8137
9207
9563
26074
9628
22237
10230
32343
10584
20503
8022
24693
8146
7060
26098
9303
7888
32030
9148
21734
9143
38916
28814
9172
14558
6905
7376
681
9052
11439
9524
8243
8774
387
9324
8746
10334
9059
8170
37787
9018
9503
14524
9697
6835
10598
9110
7244
32175
9212
7586
16427
9040
8238
33816
9899
8745
7694
9030
9390
9501
9902
12921
9136
37589
26421
30601
8135
12199
8711
37270
8704
9172
16941
8008
7503
393
12446
10730
12281
9528
15883
8236
29935
19707
407
384
14596
9023
10730
7252
9243
16639
7597
8243
36153
9640
43957
10056
9063
5
100
9046
7492
19163
12079
10148
7235
11205
8263
11335
9395
387
12079
8022
9167
9730
13395
12948
10912
47299
7621
11102
11705
6947
7399
7220
12199
9046
7492
9592
12102
21630
10148
8705
9068
9278
9650
9199
11114
33370
48704
25854
13045
23302
10212
12201
9745
9658
6903
15384
12950
10507
9685
9178
43056
9022
16203
11420
23715
15918
12079
9439
11814
9119
8146
7312
7162
11132
15605
16262
10635
21843
7415
11213
11915
16168
11630
8711
19930
9199
15177
40137
42698
9080
9179
20661
18818
15354
8325
8135
12642
13023
9337
11334
9029
14485
9194
25854
10118
23358
11686
10641
11525
9517
10165
10578
4
100
17707
31898
9480
11000
7235
9580
9025
9029
8146
7623
37921
12199
8711
10449
9148
10033
9168
10293
7250
9248
9390
9130
11687
10219
32800
8340
6824
10872
9194
8196
399
8765
12767
12934
12671
6962
17077
6958
10661
13047
12120
9194
7859
7825
10868
8765
12187
20301
43922
9351
12458
15381
382
9030
9882
15591
13230
8705
46548
26421
387
22301
11570
9052
11181
10626
9939
36349
49806
28458
10726
20166
9025
9080
15148
17380
10148
9048
8704
9396
16381
18756
9456
16276
9253
9839
15918
12767
12934
12671
6962
17077
6958
16844
9430
9888
9136
42842
30675
16388
7847
10517
15205
10805
5
100
9242
9379
11693
21308
18614
9325
13229
9508
26421
387
10869
9359
21308
7470
18614
9033
9280
12972
10764
13088
9136
14133
29614
9029
14485
9172
8474
20551
6920
20708
8146
9582
12213
7055
10303
9351
16233
9929
12443
10115
31717
17764
8705
9025
9341
43213
17053
10586
49427
18734
11686
12213
7055
9693
24923
12204
9346
7071
9229
10386
10429
8149
13447
14908
7335
8704
42655
9984
30434
11613
7249
10279
12051
12734
10108
9327
37195
16402
8137
16374
9980
9178
23006
7788
21277
22159
9376
7884
10100
9922
9685
9277
9199
15177
8393
6949
9052
14458
7416
9264
17862
14830
9080
11342
11565
4
100
39982
9421
9480
30653
7235
9029
8146
7623
37921
9172
10470
11050
31651
46740
17901
681
14408
8066
40242
29179
34199
50429
9207
10488
14465
20496
25324
14604
12068
14996
14573
9815
417
12513
8471
6903
11196
426
387
20026
8125
8690
21409
9030
12352
9085
9559
36349
9882
9053
8676
30015
12498
10293
9119
7335
8704
11570
8168
9094
15879
13226
25910
7480
9023
10223
8104
25226
9439
9112
9446
12298
12333
9220
8364
8137
9430
9390
10368
49009
12921
7622
7877
14527
7119
9032
8688
8608
8469
31545
28487
13572
9033
44493
35910
37184
12861
9742
9264
8194
8705
46548
425
417
5
100
13914
11252
45893
739
8613
8137
9666
7281
7483
9361
8146
7623
9052
9863
9199
20289
13886
6872
10010
7514
8185
10635
387
10070
8135
739
7432
7220
32947
8191
9269
15462
9080
9194
7478
7700
6905
382
10542
23524
27691
9148
16124
35263
9168
9390
14238
12976
8022
10219
9432
9253
13307
10851
9664
7700
21666
6824
9241
8191
8711
10590
26421
9018
18554
16012
9081
9194
7478
8011
7965
8599
12092
13438
12311
19264
9023
9130
8418
12109
9544
24584
17613
10377
13226
36287
7501
9711
11039
10161
9215
10275
21674
8204
9341
12298
9224
32104
29265
9312
8041
10010
7335
8704
13669
5
100
10195
9912
9930
8610
18205
387
9912
7395
12537
9030
9882
13579
9430
12350
20793
7399
11414
22353
10090
9199
14441
9648
9133
9346
17049
9244
28664
9200
9427
14222
8137
17761
33828
9508
11764
12442
33245
26068
9405
13235
19430
8146
12011
9654
7335
8704
48681
17337
6903
26068
9021
10407
9252
9956
10416
7249
9252
7416
9264
17862
13229
34851
8
9426
14450
46715
12199
7187
15179
9148
9018
7187
10087
9168
9522
17852
383
1409
997
9662
13363
9194
10470
10802
35021
9767
11194
32944
8765
15252
11181
8711
9390
9130
8007
397
9869
7489
20552
8143
16103
7892
10331
9122
7268
3
100
37979
21290
17676
9140
9022
16711
11446
9307
9558
9430
15223
9224
47048
28070
8022
12972
11805
8159
10488
14465
8146
7623
37921
12199
8711
9148
14039
9194
30320
8143
12582
6903
10982
7470
42704
9063
7144
382
21939
16715
10293
7250
9101
9456
26829
9390
9130
11687
10219
32800
8340
6824
10872
30601
11570
9023
20038
7024
7019
7162
10192
15381
20038
7024
8137
14981
45034
15381
9030
9882
13230
12090
11604
8423
46548
26421
387
22301
33940
20316
34072
9745
20545
34393
9207
10854
31279
9038
47374
11066
9939
25415
15695
9025
9080
14422
14089
9508
7335
8704
11181
10626
9939
3
100
9689
10239
34949
377
7470
16727
9036
9125
14259
10293
9119
8146
7623
37921
14472
10151
14147
9148
16852
9168
13042
6826
9563
16858
7244
9741
8023
17698
10686
9156
8340
6824
11540
28738
9639
11181
11585
8135
9426
18795
9605
14315
8104
46483
9982
43804
37652
21663
11924
12293
11899
463
389
9821
43832
9662
12442
9508
10640
7162
34407
9605
14315
10003
391
393
388
15185
10521
18258
11603
395
9500
12442
34851
8
12199
8711
10449
9135
9490
10040
35463
9076
8756
31517
32660
14924
10366
400
16839
9034
7109
19584
12618
10595
11386
397
380
40172
12734
9062
9489
5
100
9961
10840
8066
9022
9533
12562
9167
14240
25571
10826
8146
7623
11204
8135
12199
8711
10449
9148
10033
9168
40352
9319
25483
21734
9247
7888
32030
9563
19367
13386
9605
32984
9026
48973
10293
7250
9248
9390
18968
11688
12283
396
9869
8030
9170
9551
19011
8135
9172
7801
13887
9278
12934
9961
12178
16727
9036
35907
7889
10840
8066
9304
24912
8143
15523
33571
22634
387
11949
27224
20033
46023
9030
9882
24607
20659
9766
26421
22301
47405
7791
44541
9324
8263
17700
9696
8033
9828
18139
9017
6963
8263
18698
9640
7631
23796
6903
37026
9422
33893
7470
45346
18194
684
9131
6
100
12224
10730
8137
11693
31656
15381
9030
9882
13230
11328
7235
10488
9156
8146
7623
37921
14472
10151
9168
40352
9319
25483
26098
9292
49036
21734
9143
38916
10293
11169
11181
11540
28738
9017
8340
6824
10309
8135
9018
7521
13015
449
456
442
5
446
9574
23495
11060
389
34192
9560
12442
9508
8159
14261
27146
46483
9982
43804
37652
440
457
447
43832
9662
15695
9025
10960
8
9563
11768
12199
8711
10449
9148
9456
10502
9168
26074
28147
31957
7644
15848
8769
10007
36933
9802
50345
19862
9217
14147
16863
15118
7888
7071
30152
7119
12447
9390
12283
398
8361
399
7610
8030
5
100
9279
9308
9529
9631
44039
8137
12818
7530
16930
12090
9676
13358
26973
13525
8704
8652
30601
11570
9052
9324
8806
8194
10967
19062
7669
9110
12623
9524
8104
7849
15852
10110
9018
7056
8033
14103
8263
10333
9212
7559
7849
13617
22293
9030
9188
6886
12451
31308
10378
13659
13872
8
9563
11380
8263
7627
20917
30595
13759
10079
12691
8618
7756
27324
7244
384
9327
10410
13363
20438
6900
33391
23576
8135
10063
47942
10261
9794
11223
21473
27077
9038
12158
13389
9436
29912
37255
9944
9240
9276
34850
10287
12617
14709
8146
9806
8702
19303
46939
21669
16863
28397
8022
12412
9772
5
100
29060
6903
10195
39310
9642
7235
9826
8711
29060
8022
16210
9366
10967
9717
14133
29614
9029
8146
7623
30935
9052
9172
7691
7384
15699
29000
681
27400
7470
10693
8704
10395
9136
28952
44188
7249
39802
14215
9017
680
7407
7281
381
8756
11285
12480
17939
6903
18758
387
22483
9030
18805
9920
10123
20659
9766
26421
33172
16368
26221
38052
10286
15832
10964
9174
9340
49574
9044
38714
9025
9341
11814
8143
18589
36864
7335
22418
17939
8135
27129
12555
29109
387
26569
8505
9390
30972
27400
7426
9389
14465
8030
9399
9882
27134
9021
9231
8148
12498
9701
10607
8552
10852
14346
5
100
10428
12191
31406
10464
16757
387
10464
9063
9136
9030
9882
9553
12543
24177
9025
9080
11153
9048
26421
9456
26829
9741
20717
10559
7426
10407
22821
9086
10547
11242
18148
16924
15148
17058
26116
11087
12268
18753
9161
40247
7532
14743
10001
9119
8146
7623
37921
14472
13805
9168
10293
11169
20616
11248
13919
41591
9023
15695
9025
9029
8704
8652
9172
8467
20717
9041
681
13941
48123
9207
11570
8168
9094
9127
8031
7847
8421
22033
9140
9109
10986
15128
11959
8756
18769
7470
9874
9307
13659
8159
9226
37824
17920
7258
9368
12313
8705
10148
11692
8
9563
11768
12199
7187
15179
6
100
22159
9376
12543
9422
13676
7627
9030
9882
11532
24767
7335
8704
9172
10470
11050
12767
13600
10238
681
9180
10040
12743
14326
18101
23128
10661
8148
44166
398
8765
10141
34243
6884
8265
10661
16053
9304
11181
10626
9939
9855
9242
9379
20659
8149
46548
8146
7623
37921
14472
10151
14147
9148
16852
9168
13042
6826
9563
9741
8023
17698
10686
9156
8340
6824
10309
8135
9426
28936
11277
14488
9167
8084
12674
14033
17005
10293
11169
20616
27146
46483
9982
43804
37652
21663
10272
389
9821
43832
9662
15695
9025
10960
8
12199
8711
10449
9135
10081
10004
9888
22855
14264
10998
33376
16399
4
100
41144
38892
17058
10135
7235
10061
9035
8146
7623
9046
9052
9172
13409
15866
681
16718
8643
9950
10293
9119
680
13409
15866
14026
10779
14417
12033
8066
9304
9033
9882
11328
9021
9389
14465
8263
7058
8711
9148
14039
9018
35942
9456
26829
9172
21699
9673
12178
15247
387
10141
26767
32800
15118
9180
14472
18032
21734
9045
49036
9563
6908
10807
19864
49343
7338
17610
8143
17848
14872
30346
27087
24733
6841
7338
17610
7162
12199
7187
15179
10939
9501
7888
32030
8325
10914
22906
8236
11346
9036
22976
9023
9706
7249
13175
6903
18490
7194
11231
9025
10041
24693
14362
8135
4
100
19534
18995
10259
20757
9185
20757
9276
9430
9745
16203
17722
9199
14441
7335
8704
11132
22600
15111
13216
18545
9745
14805
49603
10599
10586
21292
8146
7397
8704
11101
9430
10152
12665
12242
36197
26139
9025
9029
24850
9658
6903
9306
16582
9167
15982
15016
9038
9689
24804
13769
9788
9688
39734
22391
19118
11813
24411
9788
10960
8
12199
8711
10449
9148
14039
9194
10470
11050
31651
40242
17901
382
13215
8022
9390
9492
42811
9080
19220
9976
22301
15259
9055
10062
9207
14472
39139
36737
37798
396
10282
8007
9771
11881
8705
10148
9048
9989
9207
16816
14604
10686
8263
10328
4
100
12846
9127
10640
30653
7235
9029
7335
8704
12423
6842
9224
29265
9207
23806
8168
9140
17098
7892
9030
14112
18321
20280
20018
9062
26421
387
9127
10243
12621
12298
9261
9422
21619
21489
41535
7470
29817
9444
41480
42083
16888
9025
10517
9463
8146
8078
9325
9882
38204
7235
11630
9104
9341
9366
10574
9304
24177
9025
9080
15148
17380
9243
45487
7208
10720
387
22301
9172
10470
11050
31651
46740
17901
681
9086
18380
32750
14604
12068
14996
14573
9815
417
12513
8471
8135
14472
10151
9168
10141
9628
25573
9172
426
7506
9791
8105
7281
13439
9430
9874
6826
10971
11325
4
100
9293
10259
42568
16195
7235
15225
7335
8704
9172
8022
8006
8448
681
9185
42037
6889
9030
36645
12053
8135
10769
19293
387
35265
10163
32746
8448
9284
10395
9325
10693
8146
9826
8711
9882
23205
10458
9638
14908
34619
8187
9599
22301
10647
11886
20026
9039
6947
7172
8359
9456
7407
7281
20790
8066
10489
14296
414
410
19004
414
410
384
19293
7470
12120
29794
8751
6903
13753
8263
7166
13703
415
9139
9024
20722
8539
7104
18428
453
426
9210
24480
13919
10054
453
426
10997
8148
9172
7877
25306
7964
8503
13439
20659
9766
26421
9018
18554
14628
9262
38052
5
100
20237
9036
10623
10043
31938
7426
10490
20166
9025
9080
11153
9048
8146
7623
10647
7162
12199
8711
10449
9148
10033
9168
28814
9172
10470
11050
9563
14363
27013
8187
12446
16715
10293
14465
14453
10808
9592
9390
9130
11687
10219
9246
9085
9869
8030
11243
20503
33769
14017
10193
26421
387
22301
39848
9052
10040
12743
14326
12224
15213
9224
9357
17984
12425
20659
14157
9447
9456
26829
9741
20717
10559
13941
48123
9207
22821
14827
34791
9953
10001
7249
9947
9366
20503
41480
12423
8705
9243
40623
8704
9396
9595
399
15118
14363
27013
11865
14472
10151
14147
9148
16852
6826
15852
19367
5
100
18967
9451
9480
32739
11000
7235
9029
8146
7312
10924
9018
6857
7426
32739
13538
9630
33710
11488
9109
7627
9391
11680
9685
9178
7487
41532
10888
8143
9249
9109
10362
12552
10276
387
9306
31747
11814
9867
11300
9199
14441
7182
7489
9230
8514
8137
13981
9025
9080
50972
30518
11188
9355
9022
10888
8022
15918
9230
8514
8137
45105
18520
8
739
378
378
7194
12410
45368
11039
12767
11426
8264
21260
8159
11076
9802
10519
23448
11919
13021
35032
7847
9440
35032
8128
43854
19998
9461
399
10823
10344
7194
14973
375
8196
10559
7198
20699
20614
9282
7139
7478
11990
10149
6
100
13919
13883
8518
8143
20244
8098
7235
9304
20166
9025
9029
8146
7623
37921
14472
13805
9168
10293
11169
20616
11248
13919
41591
9023
15695
9025
10960
8
9426
22771
16322
35576
418
414
9667
12199
7187
9135
10081
10141
35283
8000
12638
9390
12283
399
8361
400
14538
6824
10465
11684
27824
9802
9034
8105
12618
9130
10179
380
11139
8704
14753
398
8361
396
11460
29402
9329
10087
16863
7584
7671
13692
43717
9362
9456
8711
10093
9331
40982
9103
9048
9635
50242
9788
11067
31258
395
11391
6824
12245
15587
16013
11452
12336
10015
9938
26482
35684
397
11729
29402
20516
11116
18685
4
100
9939
9855
18007
8676
9261
10647
8711
20503
6842
9717
9580
21695
20607
9029
7335
8704
9172
10470
11050
31651
46740
17901
681
14408
10100
33628
14604
8143
10363
49672
11721
9038
40242
29179
7470
9430
9888
9136
13310
8705
9025
9080
30664
10488
11151
9882
13230
30596
10293
9119
26421
387
22301
37921
12199
9595
399
8656
8344
46740
8626
7400
12690
10661
10808
9592
28814
9172
417
388
8450
8359
9942
42848
12446
16715
10686
9156
8146
7623
11570
9052
11196
39399
33287
6903
9304
9033
11204
9030
35533
9553
19011
7235
11630
9104
9341
9366
12423
41480
30748
9243
45487
20496
5
100
9689
18101
7627
12035
9154
10472
8146
7312
9148
18101
33805
9745
9242
9379
15381
9207
10805
9938
9022
9802
12460
9457
13222
48442
7380
8022
36738
8811
10469
22346
9029
6947
7399
7220
9018
48442
21237
9046
7607
9711
10021
14446
8688
8148
9324
7791
8042
10896
9017
6963
30785
9640
8084
9620
11355
8155
9217
12341
26099
10586
9362
42582
10351
16285
10548
11536
21681
20244
20809
44039
8137
9304
20166
9025
9080
9199
9861
8702
26973
13525
34243
9559
15465
11357
23879
13088
8022
9167
32385
14730
27450
9052
9863
18443
9846
21598
7514
8185
43366
11761
8066
13676
10362
35453
9178
3
100
9279
11204
20503
8137
9207
12199
7187
18032
9148
9018
7187
10087
9168
9563
19367
13386
9605
32984
9026
48973
13363
9194
10470
11050
12767
10317
8196
382
49253
26815
18968
9675
27070
8146
7060
11204
8135
9426
35844
10352
21073
7426
21361
19011
9052
11439
9324
7586
12198
9524
7824
34225
9235
8344
8194
9030
15395
16659
9390
8400
7244
9062
6963
7586
11543
10063
8263
7058
8711
27882
25542
12491
8143
9055
7423
20953
19405
9356
13106
9244
11209
9456
26829
9267
10503
7065
10030
9677
6872
19303
13525
7597
7824
30283
10063
8056
12704
10586
20945
9564
9797
12854
11611
5
100
9632
9238
10259
14005
8518
8137
22717
9362
10769
10280
14005
8518
8143
28881
9103
7049
8705
9025
9080
9882
13230
11328
7235
11630
9104
9029
7335
8704
9172
23941
8518
9942
42848
14026
14472
10151
14147
9148
16852
9168
13042
6826
9563
9741
8023
17698
10686
9156
8146
7623
37921
10040
12743
14326
14005
8446
9136
39877
11802
42526
16743
9023
23815
17984
9902
11181
10626
9304
9033
9672
9878
25033
10341
9243
10094
26421
387
22301
11570
9052
9457
22220
9843
12096
10546
19156
9047
9939
15997
9039
8033
9038
13572
7470
9337
9025
10517
9277
9030
11290
9117
11084
18588
25366
8143
4
100
16947
9664
8662
29930
9017
8146
7623
21835
11943
12199
8711
10449
9148
10293
7250
9248
9390
9925
7692
9246
9085
8007
9894
17394
14465
7478
8662
8135
9664
27439
7485
8137
9430
11336
16947
9518
23410
9510
10796
18422
11526
387
11153
10458
9626
9312
9505
26421
9018
18554
20659
8148
9172
7208
7691
8125
681
37810
9122
7892
9185
9046
7607
9030
13914
17941
27034
36082
11081
9062
7335
8704
9665
17949
12160
13451
19440
8143
9188
23295
9880
9306
9920
9438
10693
8711
50059
13538
24309
25498
8425
16428
29000
8066
17939
15140
49574
9805
12160
32956
18758
8066
22483
9174
7
100
10607
8066
9304
9033
20651
9063
9136
7470
10148
9048
8146
7623
37921
14472
10151
9168
40352
9319
25483
26098
9292
49036
21734
9143
38916
10293
11169
11181
11540
28738
9017
8340
6824
10309
8135
20651
46483
9982
15970
50093
401
29139
43804
389
452
15115
9549
454
39204
457
43832
9662
11585
9748
34301
12522
16554
9133
9018
7521
13015
449
14960
448
447
5
445
20449
20549
453
12337
389
42208
43832
9560
11531
9511
9508
8159
14261
27146
9067
7185
13919
41591
9023
15695
9025
10960
8
9563
11768
12199
8711
10033
392
8149
9148
9456
10502
12828
8149
9168
26074
28147
31957
7644
3
100
9689
14320
17345
376
16563
377
6947
7399
7220
10401
10917
9168
13023
9277
9122
7991
406
16563
377
7965
11597
17582
739
7570
12222
8718
8006
389
12102
10099
7470
10270
9328
11492
50082
10972
25518
9265
9035
43056
7162
9427
9036
9515
24692
13673
22870
9254
22507
9782
9676
9080
14610
9552
387
9394
9022
10578
11649
9337
9025
9846
8263
9585
7071
6866
18607
32392
11474
13953
10127
8146
8196
6992
9098
29435
12499
16039
11686
12857
9148
6824
9347
9048
37770
33931
16130
9094
12528
9071
9469
9018
9548
9290
13510
8705
11688
9909
7182
8139
9673
17339
387
4
100
10195
9437
8143
12003
8135
10769
10195
11325
21432
8022
9167
20067
7235
18614
7253
9243
13493
7252
19303
13525
8704
8652
9815
417
12513
8471
8143
9249
12199
8711
40307
6958
37075
8146
9034
7109
19584
12618
9130
380
11139
9062
425
417
7689
19310
7611
12111
14860
14200
9143
8213
400
8361
8007
10045
9034
45763
20109
9191
12081
380
9566
11409
9162
6958
7849
18959
10330
35684
398
9100
27663
9211
9828
9754
15056
7182
7489
20026
8125
23663
9860
31615
9399
11820
8159
7194
12579
29165
13703
424
422
427
9204
17059
396
8361
8104
9506
10788
7788
7530
28241
5
100
9293
10259
40367
9088
7812
8137
9430
40367
9120
9631
11229
8066
14842
8022
9167
22939
45515
9029
7335
8704
40367
33038
9224
11631
6824
13671
12834
9939
9242
10230
23697
12399
10135
7235
16963
8146
7623
37921
14472
10151
9168
40352
9319
25483
21734
9045
49036
9130
38916
10293
11169
11181
11540
28738
9017
8340
27448
15605
11146
11570
46483
9982
43804
389
461
10630
441
439
444
443
389
22174
43832
9662
11585
9511
9508
8159
14261
27146
9034
10773
391
393
388
15185
10521
29941
399
9100
9560
37271
8705
9025
10960
8
12199
8711
10449
9148
14039
9194
10470
11050
31651
5
100
9138
7415
13409
10043
46027
9185
46027
9030
20456
12090
9337
9025
9080
24186
10488
9156
7335
8704
14175
8270
12110
8420
8104
9284
15101
7470
9422
16316
20105
7235
10695
7253
46548
8146
7623
26930
12199
8711
10033
17506
10233
17105
9194
33625
9374
12417
7653
9683
7281
7506
15252
9161
10822
7252
9925
9048
21697
10101
22301
13929
9430
39139
36737
9390
12283
399
9869
8030
50373
11599
16322
8137
10474
8705
10148
11692
8
9426
24622
10081
6953
9379
9081
17267
16839
9070
6879
9062
25148
8135
16925
11746
22519
18108
20759
9018
9239
12891
17436
10399
13431
9842
9941
15405
8263
3
100
10464
22973
15381
9030
9882
13230
15591
10293
9119
7335
8704
11570
10950
9044
40352
9319
25483
9052
9172
10470
11050
31651
46740
17901
681
14408
6905
10001
6903
9304
14604
9464
12224
10647
35655
10686
8705
46548
8146
7623
37921
12199
8711
10449
9148
10033
9168
28814
9172
8656
8344
40242
17901
21686
14631
10661
12446
16715
10488
14465
8263
7058
7187
18032
14281
19728
7894
9391
12005
8704
9390
10842
9902
14408
7198
9866
12900
17099
9690
11862
13723
48254
9898
9292
9883
11918
9062
7791
7601
7252
21686
9177
14472
10502
16308
9148
10042
19468
9168
9246
19328
6826
9478
4
100
9215
12372
44163
10135
7235
10488
9156
8146
7623
37921
14472
18032
9148
9536
7187
10087
9168
40352
9319
25483
21734
9045
49036
9130
38916
32800
8340
6824
11540
28738
9639
11181
11585
8135
9018
7521
13015
449
456
5
446
9574
23495
11060
389
34192
9560
12442
9508
8159
14261
27146
739
7432
7220
31569
15118
46483
9982
43804
389
450
13650
12895
10397
441
46637
28556
453
12337
43832
9662
15695
9025
10960
8
12199
8711
10449
9563
18398
8143
9036
22976
9023
14114
25185
9338
7756
9331
9172
8756
8170
12100
11820
11959
8756
681
9464
9236
16350
33439
7250
9176
4
100
19306
17339
9059
6967
8137
9277
9199
14441
7335
8704
17339
13579
9337
10212
19306
13417
7407
8428
9021
14222
6903
9060
9834
26068
10108
10090
10599
13229
9508
9648
9133
32030
9465
30172
9499
9511
48681
44362
17761
11545
13235
7849
17304
37611
9098
22452
10912
18614
8705
9025
9029
8146
8078
9325
9912
11860
9052
11488
13417
7407
8428
8137
27290
9199
9677
9248
21277
9518
11264
10124
7788
13579
12442
33245
22837
9104
9080
9290
19691
12368
9025
10960
8
12199
8711
10449
9148
14039
9194
10470
11050
31651
46740
17901
382
9086
20637
9036
50657
12634
22426
8054
9513
19220
6
100
9046
7492
10016
7399
8420
11630
7426
50517
8704
12557
8041
10010
30899
8135
48101
9518
20403
9267
10788
7788
9563
8146
9097
8702
9191
10897
12094
7235
20002
9085
9758
9182
7109
9018
7494
7312
13001
8137
12057
8718
10010
11686
10070
17339
9052
14769
13573
6903
20057
12211
7071
7462
8022
9036
8615
9251
18336
10396
8204
10590
7067
33228
9105
12114
10323
9900
11968
9312
6872
9176
12632
9195
7109
13277
8137
10096
7239
9243
29213
15118
8143
9960
10281
13277
8135
9130
10267
12699
7530
9220
11002
10307
7478
33770
10382
18515
9355
48262
8054
9976
9947
14377
28646
6866
17449
8263
5
100
49166
9077
13501
15730
22828
375
8146
8196
9148
10348
9351
9432
8143
30675
10345
7652
14335
8719
7653
10479
39376
6947
41481
10021
15730
9048
30903
18818
29918
13997
12517
9029
11686
21737
25715
15378
9022
15730
8022
9552
12118
22325
18244
8075
7080
9511
13768
28569
12086
9306
16069
9304
11188
10206
8092
9620
25558
9149
9278
9564
10925
9033
9362
15709
20617
9592
9863
11334
13836
6824
9277
9257
13203
16788
47249
13368
20898
8135
41407
43056
11993
11649
31041
9025
39801
8719
25473
31994
18607
9199
12353
47637
15378
16899
9306
14495
9304
9846
14195
19561
7788
11525
9745
23236
13902
3
100
37648
9712
12557
7470
11219
7991
9277
26116
11530
9065
27458
39964
25679
9207
31731
22301
37921
9172
8719
7653
7055
7144
9117
50288
13439
9430
18142
16061
6953
9034
11658
17671
14398
7540
6953
11687
21164
8705
46548
8146
7623
11570
9052
9324
8806
8194
10967
19062
7669
9110
12623
9524
8104
7849
15852
10110
9018
8399
8806
13386
13583
9030
9188
6886
6825
11461
12451
9675
9279
28937
387
14671
20050
8159
9225
13659
8711
9096
21713
14678
26421
30601
9117
50288
9180
12199
7187
16583
9148
14039
24168
29268
6963
8420
9063
7144
23191
12120
36777
8418
16782
9224
11457
4
100
49462
9040
9702
17676
9276
21480
8146
7060
11570
9052
9524
7799
8771
13899
38320
9324
6905
8091
9053
10369
8263
10333
9018
7056
8033
23947
22293
9030
9279
10970
12033
10996
10533
387
10364
9225
13659
8711
9096
21713
9018
7454
9017
7597
38384
10063
12380
9136
10854
31100
11066
17272
6969
9267
22805
11018
8705
9025
9080
30763
39417
12733
7530
29843
7623
23191
9430
25970
9745
20545
10556
6992
11604
8423
9025
9019
9368
47002
19303
13525
8704
8652
30601
37921
12199
7187
18032
9148
15179
9168
13363
9194
10470
11050
15223
47048
20893
9942
42848
12479
16715
10488
7250
9016
4
100
11019
8168
11252
9154
387
35265
9154
9030
9882
9684
9238
12313
8146
15225
7335
8704
9172
8022
8467
7610
14026
9479
8467
22623
41203
9028
7607
9185
11019
8168
11252
11314
9554
27034
20105
10458
7235
9826
8711
14300
11874
26421
387
9479
40857
9358
8135
12010
25359
8237
9021
9879
7249
36703
9612
13427
9061
9107
6958
10342
9049
8054
9377
10416
10108
44122
15128
12704
17010
8186
10726
9922
22522
7965
8095
7397
9050
16295
8609
8704
27400
7426
14253
7252
25377
8484
7965
22483
12480
39774
9038
18890
15384
10764
10408
15989
12512
18735
16278
9119
8030
9399
10607
27010
5
100
23706
24101
9065
8084
8707
10809
387
9394
9022
9065
8084
8707
10671
9080
9548
9290
9054
16346
6889
11273
12588
6947
41481
12627
9036
14112
10584
9582
9585
8146
8196
15378
9018
26095
9427
9580
9025
10541
9213
43056
12102
12857
9351
7470
9207
9469
9108
9306
24692
11382
9469
9394
13768
13997
9814
7788
9018
9097
10444
31994
10764
25226
9439
17885
16224
8092
9620
9782
12517
9080
9088
10283
25793
7235
9366
9199
9029
30903
9432
8143
10413
9023
9278
9650
9362
10021
9835
9594
15709
25558
9149
20617
9280
10166
9278
9650
9362
10021
9645
9048
47637
11777
13466
10526
10128
4
100
9114
13374
11316
44868
9023
9194
7182
8139
7060
17339
8135
739
6910
8338
7965
8084
406
382
31189
32010
13727
14899
10063
30899
8135
739
6910
8338
7965
25856
20702
12817
9062
8146
7623
9052
9194
8223
18903
10070
7235
9443
12680
7991
8263
12123
45211
9552
7791
10063
6947
7399
7220
10401
10917
26187
9168
9042
6889
9080
9122
8234
406
377
32555
14042
9035
8704
8652
30601
10866
9180
12199
8711
10449
9148
9456
10502
9168
28814
23461
28248
23610
9172
44003
8006
8168
388
48997
12438
681
10076
8756
9044
10293
8159
9324
7584
10376
12073
7685
6824
14628
14465
3
100
10152
9034
44163
10362
11725
9119
8146
7623
20005
8135
9172
7801
13887
9278
12934
44163
7627
14872
16727
32800
680
7801
7767
9548
10229
9170
9438
9337
9025
9080
9597
12178
10657
8705
46548
7335
8704
9172
7536
9694
9271
8148
681
9324
7584
6884
45035
50575
10944
9304
9033
44163
7627
11987
9212
8042
8806
9120
9631
50575
9822
37749
13439
9430
9170
10268
9167
9882
14240
25571
10826
8340
6824
10309
9140
9089
33369
9034
10773
391
393
388
15185
10521
29941
399
9100
9560
12442
34851
8
12199
8711
10449
9148
14039
9018
26930
9456
16276
11502
8286
7470
4
100
13914
10856
31898
6958
9030
9882
13230
12090
10293
9119
7335
8704
14175
9717
9632
16916
8143
14422
23095
9207
9194
13335
6903
9304
9033
10624
13251
13047
10001
8711
49876
23453
40955
9512
19866
20166
9025
10517
9337
10148
9048
8146
7623
37921
14472
10151
9168
40352
9319
25483
26098
9292
49036
21734
9143
38916
32800
8340
6824
10309
8135
46483
9982
43804
389
457
11206
19486
9549
444
36505
43832
9662
11585
9748
34301
12522
16554
9133
9018
7521
13015
449
14960
448
447
5
446
9574
23495
11060
389
34192
9560
21760
9511
9508
8159
14261
27146
9034
10773
391
393
3
100
11345
13036
50923
9030
9882
13230
15591
10001
9119
7335
8704
14175
7060
9052
9172
11583
8143
9673
681
23191
9430
13036
6903
10741
10251
10647
387
11204
9276
20503
8705
9025
9029
8146
8078
9325
14472
10126
14147
9148
13042
9168
27607
9023
19864
9172
10470
10802
12767
10417
10238
15714
11181
8711
9357
31412
9304
10228
10181
10686
20564
8
12199
7187
15179
9563
19367
13386
9605
32984
9026
48973
13363
9194
8196
399
8765
9426
7575
8263
8450
13472
382
19993
26815
27882
18661
18442
42775
11439
9324
8746
10023
11124
9077
10912
16863
6963
8746
10583
10063
8056
16276
7
100
9293
10259
739
8430
8548
8149
22547
7470
9356
8017
10010
8146
7623
9052
739
8430
8548
8149
22547
8022
28096
10574
9432
11477
8155
9668
10078
6947
7399
7220
9018
6866
19588
9646
13570
42138
14782
7965
7556
50220
9265
7162
22301
22547
6824
15620
10721
11459
9023
22717
10137
9554
9882
9553
13230
8143
25033
10341
9122
9329
9658
11387
19561
7788
10070
8135
9022
468
9351
9824
8139
9562
11732
11725
8711
12854
11611
11718
25830
9042
468
10635
15709
11035
7285
15740
9330
11187
46651
7080
7532
10078
13203
9375
11525
10162
10917
9498
8168
8326
6841
7055
33974
8326
12605
9564
9784
5
100
29306
8608
35907
7877
10107
8159
9044
9220
8364
8137
9430
9390
10368
49009
12921
7622
7877
14527
7119
9032
8688
8608
8469
8137
9264
8194
9119
7335
8704
14472
13805
9168
9172
12438
7622
7877
20237
35907
11337
425
22068
424
408
427
409
417
9752
421
420
426
29382
28289
10293
8711
20237
8066
9304
9033
9882
30015
12498
37474
46548
8146
7623
37921
10141
9215
10807
10408
32800
37184
11742
8191
9180
22301
23191
9207
12199
7187
9148
13669
9094
31354
30916
9023
12298
9136
9939
30748
9025
9080
38204
7235
44376
9029
36099
12423
6842
9177
11570
10808
9592
16576
21734
6
100
15275
8688
11244
8006
9930
8610
8135
14564
9166
8694
8418
9168
21465
8711
33215
6867
9091
9377
12486
9038
27343
9080
9301
11186
9028
7028
10826
7335
8704
14564
9238
9148
9731
9492
16462
7965
10090
9049
7884
6903
12443
8137
10474
18566
9199
13366
8146
38052
39713
9025
11189
35417
29729
16870
13538
20305
11545
9188
8267
8196
6853
8066
15285
6841
13492
12972
12364
26421
387
10869
44188
7252
9172
8022
7803
7877
9664
8497
7281
23707
14026
9479
7803
11414
16255
9328
10091
10395
9021
48240
31601
7671
20793
7399
11556
17400
22353
8244
10558
8382
9124
41046
31898
7162
9280
13229
5
100
45045
17077
9480
9018
8191
9355
17077
6958
13579
9277
10574
10475
6856
7162
9280
9341
9278
9650
9362
42126
44198
23974
19870
9257
6856
9446
9912
9044
13426
9311
9340
11436
10670
9038
23479
24126
10320
22677
12972
12364
7335
8704
17077
9399
9167
19466
15982
20399
9033
30692
13229
9508
26421
387
42126
20150
25434
12530
15025
23376
11432
8216
34695
22441
7648
9030
10251
27176
11590
7235
42014
23006
7788
34418
6857
9989
9337
9068
11200
8705
15333
12201
9745
9346
17049
27525
9124
16556
22979
9539
11992
11402
14086
6947
7406
8263
13616
9327
9711
739
7519
8137
9788
9029
8146
5
100
739
8545
7608
31898
6958
9030
9882
11101
11604
8423
46548
8146
7623
37921
12199
8711
10449
9148
10822
17741
9172
10470
11050
15402
8143
12671
31898
6958
681
21939
16715
10488
14465
44885
8143
36988
10695
9154
9207
16381
18756
9456
8711
9206
10141
39970
8066
9304
15402
8143
36988
20977
9115
33636
9117
9029
24844
8367
9804
9599
9640
7859
8135
9351
12212
19395
16788
15730
9038
29918
13997
20994
8705
9025
9080
11153
684
9131
7530
22137
7623
23191
9430
9888
9136
42842
27807
25579
13368
34427
36282
9025
9019
9368
9032
9913
26973
9135
13872
8
9563
11380
8263
7627
20917
3
100
18504
39310
9807
9325
13229
10341
9243
9032
9913
19303
13525
8704
8652
9018
18554
44188
9262
9194
7478
8011
739
7920
7512
40648
15232
9664
40783
7252
10395
9021
11336
49640
10377
27400
8066
27134
8146
10762
7249
9947
15989
12512
15384
12364
7335
22418
22301
9084
12053
8135
17939
387
29000
9030
18805
9920
10123
9389
7250
9248
34535
18921
400
9869
8104
389
8
9426
22771
16322
35576
418
414
9667
12199
7187
9135
10081
10141
35283
8000
12638
9390
12283
399
8361
393
12575
6824
10465
11684
27824
9802
9034
8105
12618
9130
10179
380
11139
11927
10087
16863
3
100
9450
13815
15016
40410
8148
9172
7877
25306
8660
9105
35646
24088
12178
9430
12248
15695
9025
9029
8146
7623
30015
11943
14472
13805
9168
10293
11169
9162
8364
9599
9094
7187
10087
10157
9156
8704
8652
9815
417
12513
8471
8135
12199
8711
10449
9148
37648
8137
11693
42460
14832
13796
20607
9418
9456
26829
9018
18554
14223
20659
9489
40056
9021
12298
9136
10903
42083
16888
9025
10517
9337
10148
11692
8
9426
16537
11906
9830
10003
42983
24645
9634
10869
9528
9755
7877
14766
6853
17698
13363
9457
12743
36645
14453
8765
9194
409
411
425
9595
398
20953
29794
5
100
9454
8450
9109
8461
32104
7545
9023
10824
9262
11704
8135
9432
22821
32104
7545
8137
9430
13572
8705
9025
9029
8146
7623
37921
14472
13805
9168
10293
11169
11570
10808
9592
16576
9123
8336
7849
10368
49009
12283
8104
10439
8143
11437
8660
7670
6903
9304
739
7432
7220
17047
6932
18921
9771
9264
8194
9119
7335
8704
38204
10107
12298
9044
9220
8364
8137
9430
9390
10759
9883
11918
8711
739
7432
44772
7098
7487
10584
6905
7376
9742
24767
7194
8364
9599
9094
7187
10087
10157
7253
46548
6963
8529
8739
13919
8690
21409
14832
8612
10201
10063
8467
20717
10559
7426
5
100
12742
15403
8143
20244
8098
7235
9304
20166
9025
9080
15403
9048
8146
7623
30015
11943
14472
13805
9168
10293
11169
9220
8364
8137
9430
9390
10368
49009
12921
7622
7877
14527
7119
9032
8688
8608
8469
387
10584
8046
7501
6932
9276
9264
8194
9119
7335
8704
38204
10808
9592
16576
9123
8336
7849
15606
7536
12333
9172
12438
7622
7877
20237
12861
6932
12178
24767
7194
8364
9599
9094
7187
10087
10157
7253
46548
40766
8014
6886
9804
9599
9640
8393
6949
42460
6866
13932
9026
7801
684
32555
22137
7399
15946
39826
22717
10574
29842
9341
12634
9947
9882
45046
10137
13932
6
100
10464
10043
9049
7281
40766
10939
375
8146
8196
9148
9347
376
36500
378
7182
11084
8599
739
378
7182
11084
8539
739
5
442
47719
437
10435
454
21664
389
444
10455
8
10070
8135
9240
7894
7889
7756
10290
17969
9021
9784
44837
9028
9926
9651
8006
12002
7965
8425
11264
10124
7788
14821
7513
6889
12583
9668
375
7605
7235
7259
7285
9355
18716
9065
8615
10119
30899
8135
9240
10204
15495
16409
7192
36555
8191
17302
45887
22600
9803
7155
11848
8084
468
214
9051
8185
22633
9265
8806
8270
9138
8337
8148
35116
438
8052
7227
438
438
8137
16812
8718
4
100
16641
10133
8564
7877
12980
7445
7812
8137
9430
12298
9136
10903
42083
10133
8564
7877
13796
16888
9025
10517
9337
10148
9048
7293
16006
739
7986
8688
20406
12778
41202
34040
454
384
26923
16641
28225
48012
24980
9084
10746
17877
8711
20365
9033
39192
11336
48012
24980
25525
9518
9246
23410
14239
17839
30838
9697
29178
9119
7335
8704
10068
419
408
387
9924
422
16292
9070
26603
9030
9882
34966
31856
23347
8022
9167
16071
8143
9265
10996
15016
6824
9826
9512
9558
9430
9874
6826
10866
9140
20002
11325
10312
8146
15225
26421
9018
18554
44188
7252
38052
13003
10553
3
100
12122
9647
15697
8137
9430
13895
34934
15982
11420
9689
9095
10181
11630
9038
9029
8146
7623
12079
8135
12199
8711
10449
9148
10293
8704
9172
10470
11050
33253
15697
7198
681
21835
11037
15513
9048
8263
7058
7187
18032
9563
20056
29740
17792
8420
12449
9494
8765
17692
13363
9877
13079
11290
8524
8726
8022
9604
14472
10183
9168
9390
9130
11687
10219
32800
8366
13079
50923
9272
9611
12772
9017
18373
20070
9628
11194
9439
10688
11213
27549
8525
387
39212
33682
23624
8694
7258
30811
35995
9892
15083
10821
7691
7380
20851
9030
9882
9553
11648
9754
12399
11373
9021
3
100
47969
37249
15381
13230
387
12010
7692
7139
15381
9030
9882
27175
9337
9025
9029
7335
8704
14175
7060
9052
10464
9675
9304
9033
9194
19062
7575
8263
8450
382
11204
7235
11630
9104
9341
25768
9304
29080
15148
36661
9788
10960
8
12199
8711
10449
9148
14039
9018
26930
9456
16276
11502
8286
7470
28793
8146
7623
26857
11865
9172
22507
30818
7162
14265
13439
16727
9036
12134
27882
6903
12220
9021
9389
14465
6900
7540
8187
11124
8160
9177
14472
10151
9168
10141
10655
7426
21539
8168
9140
9618
10110
9815
37655
9276
9430
14628
9156
13472
9020
8612
12333
9074
5
100
9454
8450
9050
30917
11011
9935
8148
9172
8450
7397
8674
37231
29930
13439
9430
10040
11765
20659
9489
22301
10647
7162
12199
8711
10449
9148
10033
9168
28814
16368
7383
7621
31054
21835
11037
15513
9048
8146
7623
39848
9052
9390
9130
11687
10219
10293
7250
9248
9390
17984
24434
14952
23193
14465
26421
387
9456
26829
9741
20717
10559
7426
10407
22821
9192
7767
9569
8066
9114
15703
10920
10408
26945
11841
9366
20503
41480
10125
10009
14453
8765
9804
9599
9640
8467
20717
10559
8143
16487
9586
7372
9950
11693
40247
7532
14743
29586
51036
10647
7470
10903
27842
24177
9025
10517
5
100
16701
9280
8467
31054
10762
387
12298
21657
8745
10997
10312
9030
9882
13796
40506
10148
9048
8704
8652
10384
17572
12199
8711
10449
9148
10141
9628
17341
10428
6866
7824
9140
44949
13433
9194
15326
8335
28035
7700
12092
13047
16390
9029
8146
6899
9180
15658
14390
6903
13461
9276
12120
10251
21811
7799
23034
24711
12861
387
25930
13993
7976
9053
18555
15012
12062
7810
7983
15064
9284
43575
23029
9810
10960
8
9426
24622
10081
6953
9379
9081
17267
16839
9070
6879
9062
25148
8135
16925
11746
22519
18108
20759
9018
7187
10081
45717
8148
9141
11177
9147
47712
380
9210
9922
5
100
14258
6841
12163
20244
8098
7235
9304
20166
9025
9029
8146
7623
37921
14472
10151
9168
40352
9319
25483
21734
9045
49036
9130
38916
10293
11169
11181
11540
28738
9017
8340
6824
10309
8135
9018
7521
13015
449
456
5
446
9574
23495
11060
389
34192
9560
12442
9508
8159
14261
27146
739
7432
7220
32947
8191
9553
12092
46483
9982
43804
389
450
13650
12895
444
457
43832
9662
15695
9025
10960
8
12199
8711
10449
9148
14039
9194
10470
11050
31651
46740
17901
382
14408
16718
8643
9720
9456
12704
43455
9605
13933
14450
10101
9426
14450
6900
10398
17005
9595
399
8656
7
100
28895
7281
8660
11293
8756
7532
15381
9030
9882
13230
8146
15225
7335
8704
9172
16941
8660
430
425
681
13572
12298
12333
10607
8626
7281
393
8066
28643
7398
7888
8534
9292
10179
8137
9264
8194
9119
43103
16537
9804
9599
9640
6844
7398
7888
8534
10521
10179
8135
16858
8187
9401
31976
37648
19608
8014
9044
9278
9458
13011
7584
8013
10395
684
9131
7530
22137
7623
23191
9430
10998
10626
10903
27180
42004
15997
45498
9025
9080
25012
9069
6962
47002
26973
9135
13872
8
9426
24622
10081
6953
9379
9081
17267
16839
9070
6879
9062
25148
11746
22519
19475
16925
9040
7424
23216
4
100
10756
12610
9684
12313
6903
9279
10453
37005
9207
10805
26616
19303
9135
13872
8
9563
11380
8263
7627
20917
30595
13759
10079
12691
8618
7756
9324
7801
8127
9667
30601
26098
9292
7888
11816
7671
9148
21734
9045
38916
13363
9018
23170
8168
9030
16858
16537
30992
10322
9167
9877
37246
18338
6958
12191
10293
9119
8146
7060
11753
10101
12199
7187
18032
20438
6900
33391
10063
7763
9612
14265
18087
7892
14287
9133
9680
9605
19895
10705
9422
16254
11821
10415
10171
12733
7530
29843
7623
21766
9299
9968
10777
6932
29547
10663
18546
9378
9243
15755
19303
16863
11084
10063
43103
4
100
9046
7607
18236
13461
9030
9882
13796
24767
7335
8704
9172
7877
25306
8751
681
40056
8137
9430
9293
9183
14584
8143
36645
27675
43232
18090
8705
9025
9080
29794
13919
10997
7235
10312
9156
8146
8078
9325
20026
8187
9599
12199
8711
9148
20659
8148
13753
8263
7166
13703
415
384
25190
8446
9172
7964
8503
18257
446
9610
423
28289
12120
42037
9075
35265
10163
13016
6958
9284
10733
8599
8148
9028
10181
13572
9033
44493
12743
32822
8104
10439
8143
11704
9742
15662
30015
12498
10293
27485
34619
16537
9804
9599
9640
7981
21894
12298
9136
10903
13711
9038
42083
9684
3
100
9824
20531
10107
8066
9279
10453
37005
9207
9456
8711
10747
9194
10470
11050
31651
46740
17901
10363
6841
8393
11721
382
23191
10686
9119
8146
7623
37921
40242
29179
8143
9265
7643
8757
13028
14604
34199
50429
9422
9243
14472
13805
9168
32800
20496
10808
9592
19220
9936
7162
17389
6932
13572
17371
8137
11684
9220
8364
8137
9430
9390
10368
49009
13617
22792
31565
22658
7902
387
18712
50564
8168
9030
9882
9053
10676
24767
7335
8704
11570
10950
9044
16576
21734
9045
49036
9130
38916
21351
15431
9074
8719
7791
27288
8791
6866
13433
19864
49253
7889
9140
20451
19011
5
100
12396
11486
9192
7767
17436
9023
9640
8263
7058
8711
10449
9148
9456
10502
9168
9036
9271
9592
9390
9130
11826
7055
17436
8718
26973
16863
8146
9177
9108
9640
8704
33964
33867
9515
8135
15933
8570
9823
27120
49814
9172
22507
10401
9420
13823
37664
22669
26791
15910
7530
22137
8772
9325
9716
35673
9651
26973
13525
14362
9804
9599
41114
8264
12839
13389
8159
40992
11526
9328
39722
15910
9149
24310
11097
8143
15867
12943
15265
13119
21996
9876
8149
18194
684
9383
9135
13872
8
9563
11768
12199
7187
15179
13363
9194
10470
11050
15852
9647
8170
7777
10109
7297
9935
26857
3
100
10464
12224
11252
375
378
27013
739
378
43128
739
378
7220
23392
10952
8
10070
8135
9240
7894
10785
9131
7788
11264
10124
7788
9784
16693
375
8146
10431
48541
6853
15495
7898
10247
12583
8006
12002
7965
8425
9148
17969
9168
9054
7285
22805
9784
8017
7192
7172
7182
36500
30899
7235
10330
7055
11355
18479
9443
7513
6889
9019
16913
9503
7496
11608
6855
9564
33146
7662
9176
31416
9018
19255
7532
12049
8708
36555
43056
9265
7162
9242
7399
6857
7426
14821
9036
6900
6958
28388
7304
37277
8108
9668
8084
468
608
608
375
7605
8022
50450
39476
4
100
10328
10313
22893
9478
9030
10313
14417
11101
15205
10381
8705
10148
9048
8704
8652
11930
12199
8711
9325
9172
11270
15866
11159
47869
7185
12178
9389
24057
387
9058
7071
10313
33262
12006
9935
8168
9140
30459
10328
22893
12090
11604
8378
9016
8
9563
11380
8263
7627
20917
30595
13759
10079
12691
8618
7756
9324
7801
8127
9667
30601
26098
9292
7888
11816
7671
9148
21734
9045
38916
9524
9034
17680
11154
32566
22423
8359
7625
9753
9378
10177
16949
383
7131
7561
384
9284
22267
22528
7252
23698
8066
9183
8220
7626
9034
9300
8066
7198
10414
13305
7847
16320
9040
4
100
12557
8143
11384
34105
9017
8146
7623
16718
8643
10261
12199
8711
10449
9148
10033
9168
10293
7250
9248
9390
12283
396
9869
8030
10378
18992
8441
8643
8148
10808
9592
10107
8159
9044
9246
9085
10608
9902
11181
9436
16718
37784
27379
8340
6824
10872
9194
8719
7653
7055
7144
382
15591
9430
18142
21164
10257
17671
14398
7540
6953
11687
11282
9062
6963
7799
8758
37855
10201
10063
8263
7058
16846
9604
9456
12704
12621
14575
8137
9207
9836
36654
12026
8236
7890
9073
7586
9311
7671
6995
15940
7281
7480
12733
7530
29843
8100
6903
9304
9033
17896
16761
37786
13214
3
100
22821
12384
28293
8148
9172
7877
25306
7397
7180
12178
9430
12384
13538
24309
26619
9025
9029
7335
8704
29794
7397
7180
8135
11336
12384
6903
10377
37648
8137
13563
12668
43689
15605
41306
9337
9025
9080
9199
13366
8146
14714
9882
9494
23347
8066
44631
41193
35521
9224
13902
9626
21647
10960
8
9426
24622
10081
6953
9379
9081
17267
16839
9070
6879
9062
25148
11746
22519
19475
16925
9040
7424
23216
20759
9018
7187
10081
45717
19855
9422
22676
16670
36711
8149
14403
9285
9379
19153
11177
10554
9922
13309
27128
11434
7916
9036
8135
8143
31667
9060
10283
12199
8711
4
100
9293
10259
20666
21422
7235
9826
8705
9243
10094
8146
7623
37921
14472
10151
9168
40352
9319
25483
21734
9045
49036
9130
38916
10293
11169
11181
11540
28738
9017
8340
6824
10309
8135
46483
9982
43804
389
451
463
448
22721
444
36505
43832
9662
12442
9508
8704
8652
22301
11570
9052
20666
21422
10161
6835
7756
9140
39116
387
33038
9030
9390
17984
14475
13659
8711
9882
15591
20659
8149
9182
10393
9016
8
9563
11768
12199
7187
15179
9148
9018
7187
10087
9168
15852
7071
47341
38126
9044
10747
9194
15118
7888
9647
8170
7777
10109
7297
9935
382
9067
12751
9874
8
100
9538
7374
7182
739
8545
7608
31898
6958
9030
11912
20893
8137
9430
9647
7586
9717
24494
28458
10726
31909
8102
10090
11328
9021
32800
7335
8704
11181
10872
739
8545
7608
31898
6958
13230
6903
9304
10082
7644
25036
9080
9281
8600
7759
9693
9939
15300
8711
9580
9025
9029
8340
6824
10309
8135
14472
15815
9168
50917
12092
46483
9982
15970
50093
401
29139
43804
389
452
23323
446
463
22069
454
39204
43832
9662
11585
9748
34301
12522
16554
9133
9018
7521
13015
449
14960
5
452
23323
13271
443
9549
389
42208
43832
9560
11531
9511
9508
8159
14261
27146
50917
12092
10380
45721
4
100
12501
9520
17339
46027
7426
10695
387
39982
9758
8066
46027
10034
10428
6866
10412
9276
9603
9119
7335
8704
14175
9224
28341
9107
8703
20459
9207
15220
10328
6903
18395
8711
46903
8159
21619
49536
12138
9307
10192
17006
11350
8645
11414
26486
9030
10971
15135
10980
7235
20018
8705
10148
9048
8146
9858
11930
9456
8711
9148
39139
36737
9390
9925
7692
9130
8007
9771
15994
9194
10470
393
9158
9647
8170
7777
10109
7297
9935
12141
10822
27485
10539
8170
15296
14009
8704
27280
10204
24548
9885
9279
10453
37005
9422
33590
12199
9595
9398
9148
9347
14465
11768
22301
13929
5
100
12396
11486
45045
12079
10148
7235
9304
16863
8146
7623
12079
8135
12199
8711
10449
9148
14039
9194
10470
11050
31651
46740
17901
382
14408
16718
8643
8148
16715
10488
14465
8441
8643
10261
14472
13805
9168
10293
11169
11181
10872
14604
12068
46483
9982
43804
389
42211
21664
457
37659
443
449
43832
9662
11585
9511
9508
8704
8652
9018
18554
14631
7252
21686
9177
9094
7109
10502
16308
9148
10042
13467
9168
9246
19328
6826
13617
9195
18226
9036
20836
10807
40242
29179
7470
13230
9124
34851
8
9563
11380
8263
7627
20917
30595
13759
10079
12691
8618
7756
9324
7801
8127
9667
4
100
20237
7844
10259
19534
7892
9444
8135
10769
10280
19534
18902
13216
26347
9031
31134
21308
7470
18614
8705
9025
9029
7335
8704
12846
9023
9450
11088
9368
9337
10212
11488
10428
6866
10947
15174
9199
14441
29969
19982
16898
9080
9592
9325
387
10167
13216
26956
9068
13701
30172
25741
10599
13229
9508
8146
7312
7162
12201
9450
10268
12462
9314
49462
9985
35475
12503
8006
9932
9199
9677
9016
8
9426
14450
46715
12199
7187
13805
9148
9018
7187
10087
9168
9522
17852
383
1409
997
9662
13363
9194
10470
10802
35021
9767
11194
32944
8765
15252
11181
8711
9390
9130
8007
4
100
9454
8450
13088
12035
7235
9029
8146
7399
9376
9048
6947
7406
10846
9018
13088
9177
9863
11355
50286
8139
9562
10548
9280
9278
9650
9362
10021
9194
7496
23358
27450
21855
16892
30994
10021
9022
23600
9531
8137
14084
19671
12355
23006
7788
16285
9695
9068
11488
15998
9685
9277
46983
10615
10443
25294
16783
387
9162
16653
48300
20137
375
30857
42655
13132
15768
387
9472
375
36045
21302
6903
28983
8135
13940
12443
7824
9017
34616
15386
38625
9707
14141
10068
7162
13940
22289
31536
37653
9410
14988
13940
22289
25475
20786
397
389
13565
13488
28099
12443
11750
18734
32524
3
100
37648
12224
7851
7756
382
9030
9882
15111
12224
15213
9136
36349
25098
9430
14757
30514
27958
9849
12970
9029
8146
7623
10647
7162
9194
10470
11050
31651
46740
17901
12141
15247
19864
11107
14472
13805
9168
43455
14453
10808
9592
20503
6842
9177
14604
12068
46483
9982
43804
389
42211
21664
457
37659
443
449
43832
9662
14827
13691
8137
12442
41730
17389
8705
9025
10960
8
12199
8711
10449
9148
14039
9018
26930
9456
16276
11502
8286
7470
28793
8056
26829
9741
20717
10559
7426
10407
22821
9086
10547
11242
18148
17451
25991
9080
32320
11359
6918
11103
11684
9178
10309
4
100
10328
16069
8143
16302
7235
10853
8711
8210
10010
8146
7623
9052
9036
7461
12438
9136
9939
15395
9033
9194
417
8621
12921
11197
7788
8599
15800
9356
7422
9668
10078
8704
7461
12438
9224
11204
6903
9304
11196
8621
8143
13878
20976
9580
9025
9080
10647
11092
10488
7250
10010
431
426
420
9324
7791
8806
433
457
11206
452
463
449
5
463
458
452
389
22174
43832
435
21154
8
12199
7187
15179
9563
19367
13386
9605
32984
9026
48973
13363
9172
10470
11050
12767
10317
7767
681
19993
26815
9524
8104
7849
15852
10201
9640
11048
8135
9351
12212
9278
5
100
13919
9114
27680
38522
8756
12980
7445
7812
8137
24767
8146
7623
22200
7470
9430
16858
8187
9599
9114
27680
9945
9140
27397
387
25761
8148
15703
13254
9030
9882
14699
14461
9124
9508
43103
16537
9804
9599
10063
8052
8694
9860
10387
11940
10342
42612
14407
9280
9650
10254
9676
9019
12733
7530
29843
7623
33139
13731
10040
10046
9224
11290
13583
12028
9325
13229
10341
9243
9032
9913
19303
9135
13872
8
9426
24622
10081
6953
9379
9081
17267
16839
9070
6879
9062
25148
8135
12199
7187
13805
11746
22519
18108
20759
9018
9239
12891
17436
10399
13431
9842
9941
19029
11927
10087
4
100
13417
18476
37231
16195
7627
375
8146
7623
9052
739
378
7965
8599
8507
7383
7877
36055
9430
37231
8507
7383
11414
13230
8711
12399
9193
9105
7323
6969
8084
406
36500
744
5
5
739
15970
50093
401
29139
43804
389
17447
24218
19549
10227
389
22174
43832
390
23905
11756
457
390
10470
11050
437
9610
19890
462
388
442
26720
24642
25974
437
450
13817
10929
9585
744
5
433
16593
8347
32217
435
9050
30917
11486
25366
8137
11693
9832
8347
13815
376
9175
16593
12115
28833
10090
9179
15826
403
16593
16095
26347
10829
13489
18037
7162
9503
405
5
100
9689
30478
12438
8149
12035
7235
15225
7335
8704
30478
12438
8149
16278
8022
9341
9278
9650
9362
10021
9079
7601
9048
7540
19909
15284
9592
25581
15053
9962
12748
9355
10372
14572
40573
17462
9155
9424
9249
9174
8694
8066
9079
28670
23479
9207
16710
9244
7162
9199
14441
7258
27681
13235
7849
17304
37611
9098
11545
12443
8137
10474
8711
10764
10599
15177
8146
7397
8704
12519
10869
9052
30478
39310
7485
8143
22039
10314
9405
9029
8729
8006
12921
12191
11082
9154
11357
10635
9745
36857
13930
34850
23715
34158
10437
10546
45415
9199
9861
19572
8
9426
14450
46715
12199
7187
4
100
9293
10259
10584
40669
8137
9430
13895
25713
11420
9036
10584
9017
8146
7623
9052
9172
7208
7691
8125
681
24102
8143
12651
9136
9939
15395
8711
18968
9675
9304
13312
9033
15148
16963
14558
9238
11439
9177
9432
46354
6903
11061
8658
7514
7877
9030
9882
14699
12571
9038
9029
680
7208
7691
8125
12480
12199
7187
18032
37270
8704
9331
35371
6905
6842
7847
22149
14207
29019
9062
8263
7058
13834
9168
35371
29165
8135
9246
9085
8007
395
9869
7489
13545
44670
13722
9100
27663
9291
20670
8042
11118
14472
10151
13042
9148
19468
9168
9563
16858
7244
9741
8023
17698
3
100
16152
10082
12079
8135
12857
9347
9048
8146
8196
9148
10348
12079
8143
28881
12818
7530
21630
11941
7652
14335
25854
8263
10134
42676
9486
14217
51125
8704
9365
12934
19866
14794
9036
9882
13230
6903
9580
23127
14159
9404
26421
387
13617
12652
7799
9052
10040
12743
14326
20836
9711
9029
12955
8168
25424
9847
7919
7501
10110
9230
7119
8092
38307
9741
12328
24008
16421
29419
17349
11285
9049
7281
9030
11457
14320
7470
24177
9025
9080
26344
10475
8770
22186
9804
9599
9640
27908
8363
12711
8618
6962
9023
34772
12748
17462
11841
11350
27011
9182
12294
9207
9188
28151
3
100
10464
18101
25156
8146
13214
9532
34243
21898
8135
12199
8711
9148
9347
14465
8056
26829
9172
7496
11608
18101
13439
16727
9036
18101
23128
6903
9304
11181
10626
9939
9855
9242
9379
20659
9489
9030
9882
9580
21695
32803
26421
9456
26829
9741
20717
10559
7426
10407
22821
9091
8243
14449
10293
7250
9248
9390
9130
8612
8143
35492
27379
8340
6824
10872
21087
48569
16285
11355
42282
29080
15148
14526
8704
8652
22301
15259
9052
10141
24121
9586
7372
10920
11585
8137
9700
14631
7252
13717
9136
14562
9062
8263
7058
16846
9604
9174
33230
28814
9269
7791
9180
34197
680
5
100
13914
22429
9769
14288
13641
7692
7235
9350
9094
9075
19743
9293
9168
13641
9685
9277
33488
9048
8146
7399
15946
9036
8265
8243
10374
8135
12199
8711
10449
9148
9456
10502
9168
9390
9130
8007
398
9869
7489
9771
15994
37069
12847
9045
31245
18574
9062
8704
8265
8243
22840
9018
18554
11056
37007
12847
9177
9432
35759
11100
9243
16639
8263
7058
7187
9052
11528
45030
10184
13433
13016
44943
12283
458
6954
13226
49895
7791
9172
7182
20032
7281
22551
25849
681
20406
31489
18872
42681
441
16017
9381
9123
8236
9739
10420
17990
18148
9025
9620
13338
11406
9463
32201
8143
5
100
12396
8066
9304
9033
32104
8135
10769
9882
9553
12543
24177
9025
9080
11153
9048
26421
387
9018
18554
25894
8704
9172
7208
7691
8125
12480
12311
27691
468
39521
9130
8418
9390
16349
9246
12283
399
9869
14917
24766
10695
7249
9029
8146
6899
9052
10040
12743
14326
32104
7545
6903
13226
7487
17052
10584
12623
18146
9030
13847
42302
39477
9241
8191
8711
9341
12298
9224
12942
9612
24633
7335
22418
35031
12660
16858
7244
9741
8023
7877
7545
7235
29655
49067
18659
27017
9322
25606
8030
9399
739
7432
7220
32947
14002
25342
17052
13919
8690
21409
9284
9684
12282
10412
9444
3
100
40684
29930
10107
387
11290
13583
14354
9276
9430
33253
47310
46981
10682
10148
9048
8704
8652
16858
8187
9599
12199
8711
10449
9528
9755
7877
14766
6853
17698
13363
9457
12743
36645
14453
8765
9194
409
411
425
9595
398
20953
29794
20790
7470
20659
9639
19293
12137
27709
8022
24693
43103
16537
9804
9599
10063
8056
26829
9752
411
425
9023
10747
14628
9033
9084
12053
8148
11841
9456
12704
9882
10395
19608
11938
13254
8705
50375
9135
13872
8
9426
24622
10081
6953
9379
9081
17267
16839
9070
6879
9062
25148
8135
16925
11746
22519
18108
20759
9018
7187
10081
5
100
29306
8608
17707
31898
6958
16718
8643
9950
10293
9119
8146
7623
37921
14472
10151
9168
9390
9130
11687
10219
32800
8340
6824
10872
17707
31898
6958
13230
6903
9304
17707
35437
9399
9167
9882
11532
13769
9025
9029
7335
8704
11181
8159
19657
12333
42454
11003
10676
9264
8194
8705
46548
18563
31898
9368
9430
13895
16061
14199
9034
7983
12934
8170
11657
21164
9156
6963
8220
8774
33402
8104
10201
9640
13335
10809
34292
10695
9033
9362
9351
9432
8143
15730
684
9131
7530
22137
7623
23191
13731
9366
44437
9632
10671
9080
35723
9040
10045
9028
7022
9025
9019
6962
47002
26973
3
100
10195
11639
9945
9140
9945
11967
8146
13254
7249
9341
10195
11325
21432
8022
9167
19894
10393
9909
7335
8704
9018
34971
11746
6932
11765
9874
6826
9079
36489
8137
9430
12298
9966
21432
16410
10190
8711
10764
9030
15781
9377
9312
9505
26421
387
22301
25169
9860
11336
12039
6903
18362
7756
11314
9554
13627
10333
15487
7756
9168
10601
10693
9104
9947
13711
12008
13986
14853
8104
9804
9599
9640
7981
21894
21127
9882
11523
30908
19160
12368
9025
9080
13796
15205
39794
32256
10148
684
9383
28296
9016
8
9426
24622
10081
6953
9379
9081
17267
16839
9070
6879
9062
3
100
15658
36877
9922
45759
9207
9929
9548
17218
12662
9029
8146
7623
9696
26601
9164
9908
20038
41579
9945
9140
9922
7652
12470
9378
9698
14461
20038
14398
14832
8137
11693
10210
9925
10822
9276
9430
12298
13902
9626
36282
10148
9048
15326
8335
9804
9599
10063
7981
21894
10384
17572
21127
9882
21474
19160
12368
9025
9080
14124
11100
13796
23095
9422
16254
10756
8705
50375
9135
13872
8
9426
24622
10081
6953
9379
9081
17267
16839
9070
6879
9062
25148
8135
12199
7187
13805
11746
22519
18108
20759
9018
9239
12891
17436
10399
13431
9842
9941
19029
11927
10087
16863
8263
6
100
9456
7281
29448
10607
8552
12592
8137
9430
13895
16061
10257
21164
9033
9172
7281
7482
8637
7301
681
23191
10293
9119
8146
7623
37921
12199
7187
15179
9148
9018
7187
10087
9168
28814
9535
7482
8637
7301
8022
20316
12298
9044
9390
9130
9869
8030
10378
36349
9246
25151
9764
14996
17295
9079
9505
8263
7058
8711
9052
9085
8007
9771
25361
8704
9117
9029
8056
26829
9741
20717
10559
7426
10407
22821
32104
7545
9023
13572
6824
20685
8265
10998
12421
9207
40247
7532
14743
32800
8054
18333
42302
7545
8135
10824
8159
17389
9733
9586
7372
10920
18708
45498
9025
9341
9366
36419
5
100
9138
7415
21699
11342
9945
9140
10146
8022
9378
10177
383
8649
8608
8461
7627
384
9747
9021
9138
7415
13409
9464
22362
9773
38670
9243
40623
7599
7415
45731
42704
15127
40628
739
8649
8608
8461
12137
7235
50772
8705
29124
39453
9180
12199
8711
10081
9246
9085
9869
8030
10851
739
8443
7494
8146
12359
7249
9029
8263
7058
9595
9398
9148
9456
8711
20989
11010
36421
9138
7415
6877
11688
9390
12283
399
13307
9109
9556
20754
9489
9034
7109
19584
12618
23410
9510
41910
27035
9017
26421
10869
9359
10779
14417
11783
10740
10122
12912
28904
21367
9038
9341
12634
7235
5
100
12203
9238
9836
21174
22828
9017
8146
7623
12079
8135
12199
8711
10449
9148
14039
9194
10470
11050
31651
46740
17901
382
14408
16718
8643
8148
16715
10488
14465
8656
8344
40242
17901
8143
10363
49672
11721
9512
13617
14584
8137
10688
12399
11373
9048
26421
387
22301
37921
14604
10686
12281
18712
6903
9195
22294
27959
9030
19220
9670
11194
9439
9939
13230
8705
9025
9080
22103
7235
24767
7335
22418
9018
7187
32688
26945
9194
31832
48052
6919
7789
15697
7198
13438
31651
9023
19864
10251
20531
9140
11570
9276
18769
9038
9279
10533
9675
9304
9033
11328
9021
9389
7249
9029
25854
3
100
21308
9945
9597
9276
11725
9119
7335
8704
9172
20550
9038
29918
13997
9422
11342
10105
681
16727
9036
20005
7235
10293
7253
46548
8146
7623
37921
14472
10449
10087
9168
40352
9319
25483
21734
9045
49036
9130
38916
32800
8340
6824
10309
8135
9018
7521
13015
449
456
442
5
446
9574
23495
11060
389
34192
9560
12442
9508
8159
14261
27146
42847
46483
9982
43804
389
452
11899
441
16473
43832
14715
9034
10773
391
15664
388
11729
400
29941
399
9100
9291
9430
15695
9025
10960
8
9563
11768
12199
8711
10033
392
8149
9148
9456
10502
12828
8149
9168
4
100
32336
11486
38424
10416
8066
9279
10453
37005
9207
10805
26616
19303
9135
13872
8
9563
11380
8263
7627
20917
30595
13759
10079
12691
8618
7756
9324
7801
8127
9667
30601
26098
9292
7888
11816
7671
9148
21734
9045
38916
13363
9018
23170
8168
9030
16858
16537
30992
10322
9167
9877
37246
18338
40775
9023
10063
8262
8148
7890
9941
21182
16443
11530
15000
11379
6872
12733
7530
50345
16863
8146
7060
11753
10101
12199
7187
18032
20438
6900
33391
29843
7623
21766
9299
9612
14265
18087
7892
14287
9331
9680
9115
23029
8265
9043
377
9131
9149
10063
7763
9968
10777
6932
29547
4
100
10464
10043
35723
17305
9023
9194
8265
7894
10452
26248
13047
13023
9036
19303
13525
11084
10063
12905
8146
15605
9362
9888
6903
38424
9033
9031
377
9131
7530
29843
7623
9032
11687
9351
20756
9267
9510
13294
9955
13784
387
9919
6824
34891
16789
9038
22329
9512
9304
9443
11594
16887
9659
7991
9337
50375
16773
26049
8
9563
11380
8263
7627
20917
30595
13759
10079
12691
8618
7756
9324
7801
8127
9667
30601
26098
9292
7888
11816
7671
9148
21734
9045
38916
9524
9034
17680
11154
32566
22423
8359
7625
9753
9378
10177
16949
383
7131
7561
384
9030
46490
16574
9067
5
100
10195
13299
9422
11384
11741
6903
14319
387
9394
9558
9422
13147
12313
25037
10657
9119
7335
8704
9018
12098
9194
12407
8186
20467
10777
8159
12836
12951
17151
26366
9207
9929
9548
9290
22951
9029
8146
13631
16760
9457
13222
10046
6824
27308
17252
9277
9257
9989
11357
12201
13620
11579
7416
26269
11693
33253
28347
11526
9685
9178
43056
9022
9536
9600
20572
9719
10342
9304
17847
13299
13754
8705
9025
9080
9680
14979
9659
7991
9337
9257
7487
10684
9021
9424
11384
9271
9377
11357
20030
19395
9224
48772
10107
8066
9696
9956
14730
23006
7788
9018
13216
9430
15378
19602
8143