4
100
17339
21071
9347
9154
37210
10394
27213
9078
18267
17276
32030
7958
14553
21199
9173
9417
11213
7162
9019
15966
9504
7358
9062
8146
9417
11213
9023
9528
15883
21065
9848
6855
9664
8539
6918
10583
9172
18651
27259
15967
14026
11073
38680
10741
18246
9148
9732
33336
36216
13525
7335
10578
9277
21381
22531
11940
10471
9341
13328
6826
10088
17572
15076
28051
9029
24665
9725
10101
11580
11025
9085
15409
10135
8186
12585
21951
18205
9207
9929
9182
12584
9759
9725
39489
16892
9278
10586
10081
8148
9253
8213
10478
9271
12356
33608
11686
9018
18554
14628
7252
17666
10699
8066
9779
5
100
9450
11088
9480
20244
8098
8148
15318
11692
9065
8006
9239
10229
9498
9031
9239
48636
18037
8814
10652
9135
7380
7492
7380
9404
7965
10799
13489
36701
9199
19534
9048
16941
7285
10854
9036
28500
13216
44472
28834
18545
18315
15333
13348
9427
22567
28833
10056
45382
9257
16095
28072
35271
16315
9795
14905
12300
27359
9952
12353
8150
10941
21681
20244
8098
9185
13230
8135
22484
13229
11039
13455
8022
9167
24168
49507
6947
41481
9450
10306
12277
9154
38534
21732
11088
10163
39735
23719
10925
10484
34558
16311
9492
26631
9278
10586
15517
9508
8347
9600
13631
17795
9304
9022
25701
9863
5
100
25768
9304
9277
17969
33101
15148
9430
10464
9261
25891
9025
9029
8263
7058
10151
16012
9081
9018
48442
20635
9046
21701
10428
44845
9376
12051
34441
13787
49782
9422
25418
10135
7198
28738
33751
8643
39197
7470
20659
9466
9905
17969
9803
7155
8066
41190
10133
8185
11943
36419
15605
13145
24767
7521
7155
8066
41190
10133
35628
16812
9038
9304
16285
10106
7532
27820
9304
48541
33102
9337
9025
9029
8656
44845
739
7298
7795
7489
7258
9276
10312
9307
21734
8024
12032
11089
9109
44815
39514
7889
9908
10769
15872
17339
9376
9631
34331
31041
25012
46454
10650
8563
37726
15586
10112
4
100
12396
11486
10584
20503
24817
10683
7489
38455
14244
9036
8756
7478
8213
8599
50557
8102
8539
14066
23869
10996
12077
8105
7281
8452
14736
9607
9278
9564
25933
10310
9243
14759
7208
7691
7384
9021
48725
9172
8022
7631
24979
12446
14264
9209
25657
11322
393
451
6824
14904
9156
680
8694
8615
681
11486
31631
9246
9292
10470
17258
33076
11169
9174
33230
10870
11300
15942
9301
8615
10034
9246
10373
9565
9329
14693
18756
25079
7335
9172
8022
7631
7445
24677
12480
9390
13766
392
10378
12557
9253
25428
39548
11644
9479
8467
8579
12287
38650
8518
8137
22717
13034
32470
5
100
9046
7492
19163
12079
10148
13045
11205
7372
9314
9172
30898
45027
9480
10040
25854
16618
16732
13781
12974
9031
9239
10142
9585
7312
6824
28478
11290
40137
10148
12704
14441
8711
42328
41919
10984
9366
15779
10074
22852
13982
11686
21630
9347
9511
13289
12016
11841
11630
14553
38629
9362
16788
28839
9029
7182
7489
25594
22477
9870
8378
12228
12079
8143
20244
20809
23479
42226
9446
9199
41148
10161
19492
14034
7556
8016
9518
9650
15637
18595
15148
12850
21163
9036
6992
9301
11806
12818
9075
12503
7162
9592
32409
21308
7470
24257
9124
17761
45816
14226
9049
8054
9512
22159
30172
20540
4
100
17707
31898
9480
11000
7235
9029
8263
7058
10151
16012
9081
9018
10980
9023
22004
9235
8194
8774
9076
10048
13798
473
13449
7669
13583
9116
9877
13079
9077
10116
45091
8006
7586
22662
19495
15328
15208
16639
680
7071
8149
13530
9025
9190
18902
9036
7853
8146
24411
6969
29144
38843
9294
9135
8024
9415
10912
9630
13191
18520
8
11528
12190
9194
24237
7888
12398
12671
382
9086
14332
14984
24693
400
8149
42223
12449
9614
14453
10807
9524
7799
8747
9767
14450
9605
14315
32209
12667
10092
12451
15413
9625
10030
9032
10220
14908
377
6841
16908
10176
15650
9629
9492
5
100
9242
9379
11693
21308
18614
12650
46060
13372
10960
8
10384
8335
19619
16973
36007
8264
9153
10916
17399
9148
9536
7187
13042
9168
38962
9226
44544
16032
10382
7599
19236
383
17689
380
9291
44376
10566
16863
24856
24317
9759
12918
8104
12283
400
8361
399
13159
7536
9044
9191
10937
9902
21205
23155
51065
36255
16350
9028
6879
7253
9243
10094
8387
8615
46790
9716
9119
13759
16373
11494
40782
24539
6903
10377
10623
16753
9125
27003
9909
12677
23906
10665
15586
19025
13336
9319
8084
10649
387
16087
48583
44845
9043
13097
14890
11073
10882
7235
27054
10690
13656
9498
9031
7743
4
100
39982
9421
9480
30653
9805
10869
9774
10936
9917
10017
14133
23853
9905
14411
739
8816
30595
9036
32032
49619
9448
10824
19066
9366
9795
14905
22246
9048
8704
8652
10040
12743
46905
7235
8006
21666
9873
8615
29179
7162
12055
8137
15247
11457
16718
8701
15530
41953
8711
16756
10607
8552
8148
9230
8618
7221
11556
9079
8429
7870
33832
14320
8125
8611
33337
8335
14416
425
427
428
384
9194
7691
7384
7991
8505
34301
15252
9552
9882
36287
9140
13572
24950
41193
10998
10626
9947
29080
11457
8441
8701
8137
9337
9025
10517
14620
6872
7182
16863
7098
17826
12412
22301
5
100
13914
11252
45893
739
8613
383
461
21113
18896
443
14663
384
9194
10521
8381
12123
17096
9017
8704
8652
9073
7655
7556
35325
30601
10394
22764
10748
9304
16858
7777
10935
9490
9045
8117
10463
9470
11002
9545
11567
10396
8073
6889
9094
19063
37075
6903
11881
9030
32645
41608
9271
9612
17960
7888
33757
8263
7058
10151
11746
6932
12743
44886
6824
20595
10068
418
412
28627
17084
9026
13582
17424
38069
9025
9046
9592
10138
8164
8711
739
15508
10991
9390
7847
10777
33378
15454
19272
8705
9243
10094
43103
16537
7235
9130
11607
12199
8236
9135
9235
8529
8806
23537
7892
5
100
10195
9912
9930
8610
18205
7374
27144
11823
15361
16563
27914
10063
8092
9702
9548
14320
45489
9745
14226
40328
9685
9337
14345
11188
10488
10415
389
19481
12102
16874
10360
8711
18948
9025
12594
11465
7489
19023
7991
9078
9217
9269
9016
377
9258
9427
10917
9135
13872
17554
38899
15465
11892
8162
7965
13675
22507
9782
9018
9039
13151
17582
13023
9277
11334
739
7569
8263
12487
11218
10604
8030
8529
9022
6857
9098
7071
37730
13493
13454
10401
9351
38749
9912
9930
8610
8146
9443
9183
16200
23498
7172
13485
16453
10854
16233
9167
28292
15288
9108
11465
7489
19023
26056
13616
3
100
37979
21290
17676
9048
23006
7788
26116
11530
9847
44763
10046
11579
12112
9304
9022
9536
9470
13279
9394
14323
17755
11384
9023
19790
11741
9262
12574
14591
8006
14899
9699
9161
23401
8143
9249
33442
26040
16328
9068
32992
10468
25985
6824
12442
15293
19728
9727
11419
9800
7235
24698
19716
9031
22958
9178
7561
7428
9424
14179
9039
9028
17613
9239
39218
13903
11985
9882
39941
11381
11151
41226
9366
17498
9717
19380
10836
9080
9362
21100
47637
9018
18554
14628
9498
11011
10900
9628
27359
9952
11114
9639
9558
13166
15695
9025
9029
7514
8185
9274
9436
41281
9172
32217
3
100
9689
10239
34949
12123
9499
9737
9341
12634
9716
11018
9154
9422
9243
10094
8393
7799
8747
9099
7556
21056
10201
9640
20963
10125
8153
9756
9153
8702
15805
10325
17490
9136
9939
49297
9063
9449
10599
9018
21671
9494
10026
8148
15318
684
9131
7530
739
8564
8564
14330
7162
9494
23610
23731
12035
11927
13525
8704
8652
9563
30638
7244
18398
10426
14472
16268
9086
6835
9562
12850
9016
8
11528
12190
9194
24237
7888
12398
12671
382
9030
15708
9221
8031
16381
9605
8600
9823
11693
11159
25595
11153
9695
9368
34090
10209
18112
19249
9039
28175
18395
9047
9279
5
100
9961
10840
8066
9022
9533
13114
10706
9865
45664
7469
6903
9611
22327
11689
37864
12338
8066
19734
27429
9961
7235
739
7667
9075
9394
38637
17698
33263
7877
42347
33893
9441
33345
15715
18277
9679
9189
9604
10032
40810
30967
9134
387
22787
8135
15106
8472
12955
8022
41729
9018
18554
18242
13417
7430
7656
7407
8795
8143
13032
9172
7657
45750
9265
7480
11120
681
9302
11816
721
13798
9116
9877
13079
10071
8148
25377
376
9050
387
24692
9814
15316
9022
12837
7335
9174
26909
11949
8579
13719
11204
7253
10212
42147
7470
10392
11605
22540
19245
15395
9980
9178
10559
394
6
100
12224
10730
8137
11693
31656
15381
11328
6903
9172
7024
9021
9402
15465
16053
41771
21538
9050
26809
11204
681
23191
9081
9017
680
31253
10065
7162
9351
12458
11197
7788
8599
15714
10107
9154
9422
11585
10872
16164
14827
9703
10007
9036
9200
50562
16380
19236
9168
19271
10371
28487
13723
11181
10913
17389
12367
11011
13372
20503
8705
9025
9029
8263
7058
27684
11966
9456
26829
10082
20531
7055
9836
11570
9325
10107
9124
17382
10533
20967
18282
9279
11014
11148
45222
19329
16298
9882
10001
20376
9747
9156
8719
10398
10647
7162
10769
9672
9878
13153
9148
10822
387
9623
7488
9168
30483
5
100
9279
9308
9529
9631
44039
8137
20166
9025
9029
8263
7058
10151
13042
21734
9349
49036
28814
9018
11204
8135
15223
7285
10854
20945
31266
9304
20995
7397
8267
35723
9553
19011
6903
38424
9512
24177
9025
9080
9308
6900
6830
8745
9553
19011
9021
19463
6947
9044
36741
16756
10607
31214
10121
39662
17831
8022
10332
681
20945
9278
15464
21842
20503
9790
9022
13644
27882
9901
7621
8579
12481
16952
23649
8612
9225
18968
9675
13312
9738
35533
9580
21695
32803
8146
8078
9325
9882
11570
9177
10769
9279
24322
9081
14449
14575
7242
9399
10107
9154
9422
24914
9063
7144
10026
8148
5
100
29060
6903
10195
39310
9642
12635
15072
8705
9243
10094
8393
7890
21666
9177
10769
29060
8694
8690
7285
34573
9294
9084
10996
14835
7293
7812
387
36513
8608
39310
9276
9443
14931
8711
18948
9025
9029
11686
9018
18554
14628
7252
9172
7478
8420
8579
383
450
9969
9778
453
17757
12485
20002
8024
13511
9736
7501
7055
30478
12438
8149
9030
9871
16278
9850
9311
36713
9304
11725
9156
680
19974
12480
10869
9774
10936
6826
11998
8146
20595
10967
8091
11022
8236
8011
9066
21242
11316
7810
8413
9017
8704
8652
9212
8033
7824
9121
15646
8446
8599
739
7408
7888
28125
5
100
10428
12191
31406
10464
16757
8022
11202
36349
10464
9063
9136
14979
24177
9025
9029
8263
7058
14147
9148
16852
9168
38962
9226
11299
12477
7888
9043
11121
28814
9018
26930
9172
7024
9021
9402
9262
29918
12767
32650
8704
19062
9036
28668
681
23191
11003
8711
30175
21163
11570
13109
41878
9194
8013
27925
9304
9033
10624
11352
12582
9588
7380
15725
7482
382
9030
47414
21361
7335
23898
41878
9194
8013
7487
7380
17582
30818
7162
9351
7965
10799
9457
15381
376
13906
15223
10107
10026
8148
25377
7244
15866
16718
8643
8148
12178
10381
9119
8340
6824
30320
8135
19785
12380
6903
6
100
22159
9376
12543
9422
13676
7627
9225
10693
10798
25065
11046
22548
10601
9062
8146
8078
9325
9882
10395
9224
10998
10626
15997
9947
16229
38714
9025
10517
11487
27753
10040
12743
36287
8191
9752
416
10403
420
419
6903
10528
425
8432
8549
17698
9880
9194
7902
7605
7767
15473
10706
9036
21519
9304
20659
9489
14821
9822
9613
18101
9803
7155
15504
10824
9156
12715
10735
387
22821
16812
9133
47073
11877
12298
11684
9455
7789
9187
9332
409
48894
443
17467
30015
14720
396
8105
15815
11411
8105
15581
9381
32800
7335
22418
36419
13600
13572
9039
9231
8461
6963
8137
41730
9264
4
100
41144
38892
17058
10135
9052
11488
42226
6874
7991
11584
9447
41144
13409
42704
10229
9366
11234
9167
11507
10912
17380
14345
9029
11686
10165
31728
41671
9134
18292
14627
9518
387
9831
5
8135
20000
12204
50623
10341
9025
9029
8263
7058
10151
9611
9180
16128
9989
9207
46027
9033
9036
49295
20579
11684
739
6990
8137
38409
8236
13333
14195
7982
6877
13653
14573
10016
7409
7888
9231
9860
10917
9135
13872
8
10384
8335
19619
16973
36007
8264
9153
10916
17399
9148
9536
7187
13042
9168
38962
9226
44544
16032
10382
7599
19236
383
17689
380
9291
44376
10566
16164
16863
4
100
19534
18995
10259
20757
8765
9030
11570
9325
10107
9124
17382
9447
9094
19063
9457
13335
24377
8387
10921
427
34620
9815
10965
14257
24813
10686
7235
13215
8705
9243
10094
12715
28782
16816
13238
10183
36178
8022
12359
19625
21182
9457
13335
24377
43987
11585
8704
24017
10828
23006
13128
10196
9331
12199
10189
9135
9490
12106
24969
9052
48413
12120
13369
19114
9298
14797
29411
32514
9225
20316
15618
13365
10449
6995
9148
12068
19396
23841
14694
9594
9595
9392
30468
25789
9023
13723
48254
13402
7253
9243
10094
8393
7559
7849
19220
8263
9908
9987
9464
48339
9375
7235
14375
31651
4
100
12846
9127
10640
30653
9355
9279
10453
8022
13229
17146
25079
7335
9194
8345
7965
9932
16103
16371
47708
10001
8511
7426
9463
8146
8078
9325
12199
10189
9135
9490
9563
9787
36421
11852
12033
7489
9191
10937
8030
13868
11930
9303
13307
6841
10970
9805
15852
7071
22923
12441
10139
9629
15189
9044
47341
9073
15702
12193
37257
12322
15189
9513
16125
11180
12383
9460
27785
10810
11569
9404
10828
23006
9563
11768
10231
49337
22778
9064
9748
29817
11311
11087
10903
42083
16888
9025
10517
14620
6866
10341
46548
8704
8652
9524
29739
17886
12423
7586
8104
25169
9860
9773
20038
28937
4
100
9293
10259
42568
16195
9140
10730
9276
12120
20456
10026
9753
42073
34619
12805
8135
9536
7187
13042
21734
398
49036
16308
9168
20026
8125
39534
7877
9050
14333
10647
7253
22301
12485
16718
8643
8148
9097
10268
9172
8022
7631
24979
13471
17484
9028
17045
9882
10395
14835
7806
9021
9036
8756
8503
7804
12665
16768
15997
39998
6908
14765
14628
7252
20002
8024
11208
20436
23881
14758
30022
34624
28479
11921
9642
9738
16234
12300
19671
9383
10250
22522
12053
8022
20600
14473
12349
46575
9214
11651
26743
26992
7366
13744
6903
13016
14079
9239
41046
51005
9945
18566
9819
7799
9109
5
100
20237
9036
10623
10043
31938
9168
20540
9399
38522
13107
9019
15966
9504
7358
22522
7965
7161
14079
13711
10726
24958
11999
24869
22631
9172
8022
8608
8461
681
10497
24568
7889
9090
25595
12178
14036
9512
9330
25657
20237
8139
27218
7162
25972
34398
10276
11947
9109
44815
7335
8704
9046
12597
9304
46989
21000
8146
9077
9251
9249
9246
9292
12387
739
6990
7461
16234
28492
9143
16831
380
23030
32878
15398
9330
18796
10330
38676
16664
9328
9111
16214
9036
20786
7599
7532
9056
12955
38052
10721
7426
11931
19092
8707
29474
46435
14079
13711
14316
10314
7252
34080
9564
9029
7824
5
100
18967
9451
9480
32739
11000
7235
9029
7182
7489
9745
739
8541
9347
9039
9050
11942
14677
9402
9267
10310
15033
10882
9023
20111
32109
10506
8705
14345
9909
6853
20881
18494
15784
13164
35874
36500
11686
9018
15403
9023
17878
9036
20302
23452
7073
14388
29858
48124
22315
9038
9427
34491
9025
9029
31508
9154
9422
9118
9313
9859
9211
9224
9346
9492
11139
13469
7335
8704
17878
9036
20302
23452
7073
14388
29858
48124
22315
9038
9427
26162
15920
11188
9355
13414
18026
10341
44211
42014
7335
10506
18492
11892
10846
9032
21616
14700
48057
18328
28666
9508
6900
10569
11615
18384
16327
6
100
13919
13883
8518
8143
20244
8098
8148
9230
7072
7596
6824
11039
9117
9023
9242
10324
9330
25657
9036
17148
32757
11086
13711
8702
7208
7374
16039
8704
8652
10040
12743
20237
7478
8213
8599
739
7375
8688
18304
8137
20681
9479
8467
8579
383
6919
10085
418
422
426
9381
20681
24397
21601
12921
23392
27232
13919
9803
7155
8066
9046
12597
9304
20659
9489
11141
7301
9021
10464
9063
9136
7055
21630
41919
14786
10061
21817
739
7375
15482
14860
9322
9947
29842
9029
8263
7058
10151
13805
9168
9018
7293
7991
8446
23285
31834
26446
7888
384
13669
10259
9046
12597
11141
7301
4
100
9939
9855
18007
8676
9044
15041
9018
11772
9269
11525
9066
6958
8000
23646
11066
21452
8263
10127
377
8052
12491
7470
9430
9049
7890
7198
25856
22301
20945
31266
13768
23235
45496
11649
13228
9186
15433
11732
12487
13358
10247
12583
8006
8084
376
29205
14945
11288
10056
9028
8234
20702
9032
7483
7597
10007
38851
26421
387
9114
20049
8143
9249
9426
13222
10384
11074
6903
9988
10132
7532
10063
11048
19492
9517
11833
11087
9314
11070
17314
9795
14905
12574
11759
14037
19266
42709
31994
12118
10693
9328
11978
9019
36426
23854
9625
8017
9399
10063
8052
12491
7470
13166
9269
5
100
9689
18101
7627
12035
9154
9422
9243
10094
8393
7890
9698
8148
35116
8052
15833
13438
14446
46802
6824
9855
739
7298
14523
10554
16814
10108
13323
26421
387
9114
24374
12300
19671
8148
9488
8548
8513
33027
12726
18101
9033
9150
15055
448
18510
463
9291
31664
9036
9562
9613
10682
32248
10204
16963
11675
40844
9605
14315
8170
11657
21164
7252
9018
48442
20635
14472
10183
10521
8149
9168
40352
10164
25483
23706
9292
49036
21734
9349
38916
10001
9262
9016
8
10384
8335
19619
9635
7655
10101
16798
9148
9536
7187
13042
41766
38979
8335
19619
7540
44870
10997
12092
9023
15658
3
100
9279
11204
20503
27218
10971
15153
11204
8608
8461
36287
9742
10709
9307
20503
8149
10081
15179
19768
9182
7501
9685
17389
12367
9337
10261
13499
9025
9029
7182
7489
12684
8046
28144
15225
8263
7058
10151
392
18651
14147
9880
9194
24237
13032
24394
20456
25120
382
25894
8022
14063
9877
13079
27882
20945
35425
9563
8052
12491
8702
15529
11528
12190
9123
9715
9456
8711
13755
46174
8398
9953
11918
7249
387
14323
9267
9366
35439
16290
8345
9368
13493
9038
10960
8
10070
12879
31547
16679
9829
8037
9053
7652
20467
9960
20403
13743
9758
9517
12054
9036
7067
13001
5
100
9632
9238
10259
14005
8518
8143
20244
8098
9185
9882
46905
7235
8006
10395
9224
9039
24669
15225
26421
387
46905
7235
10987
7489
10585
15624
14320
8125
8611
33337
8335
14416
425
427
428
9662
49618
7426
11613
7253
9243
40624
50038
22301
38426
7840
8022
9609
18575
15755
38979
17572
20573
7166
15658
8148
11196
396
10308
7397
6947
10951
9488
7172
24840
9689
9095
11557
11630
9038
9029
8263
7058
10151
14628
9498
18691
8095
10621
391
14652
8135
50624
8608
9124
49631
9062
7890
8745
9052
11336
12618
23410
9366
9034
13114
9216
9492
48817
9307
12743
15606
23615
9510
9026
4
100
16947
9664
8662
29930
7235
37474
46548
8704
8652
9563
7521
11714
6824
9018
18554
14628
9033
9664
8662
14652
8135
12527
46316
35759
11743
11913
30630
28531
10971
7395
19451
7198
17168
20600
9390
17243
10904
9048
15118
22727
9130
21618
9184
7536
11918
9148
48266
11350
9377
10416
8711
9444
38261
29265
26006
9173
9199
30729
46213
9382
7967
11692
8
16858
8756
15348
13627
26404
9631
25152
48123
9422
35116
10608
399
11028
18930
23053
12550
16103
16371
15252
9552
13755
12100
11493
10333
16542
8612
9276
11684
40359
9038
19993
9562
16627
8146
18866
10063
44833
10155
15658
9070
7886
7
100
10607
8066
9304
9033
20651
9063
9136
375
6900
6830
8745
10464
9063
9136
375
6900
6830
8745
10464
9063
9136
375
6900
6830
8745
10464
9063
9136
16718
8701
8137
9337
10212
12642
13023
9277
11334
739
110
9051
30899
10939
9349
49036
9545
38916
20651
10624
13251
9023
10624
9317
19098
11318
13165
9161
42126
9031
468
34424
6947
22086
9022
9536
9673
9168
9036
6992
29918
16493
23453
12396
9717
9054
12935
9304
48541
9647
15053
7380
14821
16130
9784
8133
27006
9926
10556
7513
8135
9200
376
36500
7055
9134
18607
12776
9673
29045
29205
9065
7487
8095
33755
7220
389
9585
16841
3
100
9689
14320
17345
375
8366
13079
9095
11865
12199
11170
7607
8703
9331
9366
10040
9726
27651
9136
9689
38994
11584
14320
11094
9282
12386
14184
9038
9029
8263
7058
10151
16164
9490
16858
8756
8170
9726
27651
9020
50185
9353
8187
9743
14906
9029
11686
9018
18554
18363
6824
13671
11528
8135
9299
9612
9247
43899
9267
14562
9918
11299
13067
8146
9947
12011
15097
9477
23154
27119
9257
29179
26799
10869
9774
10936
9917
9652
11063
15122
10586
16266
9676
9080
9199
11196
36501
14006
6853
20489
45160
6918
8368
9017
20413
9299
10295
16433
31861
6903
10377
13919
6884
10163
4
100
10195
9437
8143
12003
9185
9084
12617
31346
14376
9036
19303
39890
27914
10063
6903
44737
9194
12407
8186
11746
9056
10234
11746
6932
21622
9331
10046
28241
14694
10062
9960
8405
9583
16214
9036
10846
17760
9558
9427
12057
24933
9337
14345
9019
24832
6889
29736
9782
35233
7991
24763
43525
9090
27958
11004
9080
9199
20430
15433
23356
377
9131
7530
13620
28241
14694
10062
45264
9362
10622
9518
9817
8213
10067
11312
19377
16861
7080
7162
11660
9052
10917
9135
13872
8
16858
7777
10935
18153
9172
17371
15837
681
13889
36410
9422
10777
18087
8148
31315
15390
8756
9648
12178
5
100
9293
10259
40367
9088
7812
387
9117
25829
9209
28149
30138
15148
11286
7655
14677
43242
7194
11991
22600
12921
12191
13185
9063
9840
19107
11132
9120
12107
15384
14089
15465
41800
7478
26220
8704
8652
9180
9018
11683
11725
9512
10401
32109
13023
9277
8263
33608
43056
9022
35361
10330
7235
15872
9155
10165
41107
9609
46201
29782
20682
11892
9217
11120
9178
7561
7428
9424
12650
9311
13041
9863
17458
9024
7415
29736
11649
12442
13229
10341
21598
14485
11889
10363
8143
13940
12938
16656
7487
10684
9021
47041
9836
9077
10116
375
24850
14871
9442
10207
9199
20430
13485
11508
11525
9415
5
100
9138
7415
13409
10043
46027
9052
9366
9060
15098
10125
7422
15910
7530
9640
8056
26829
9182
7109
6903
10377
12055
9148
50911
13289
27640
9486
7799
9038
9181
7427
7187
7427
8711
739
25677
10779
6932
10146
8022
16210
48759
12982
10779
6932
10146
8022
9267
17193
14408
17188
23029
8210
10030
9677
6872
26973
9135
13872
8
11528
12190
9194
24237
7888
12398
12671
382
9086
14332
14984
24693
400
8149
14003
14803
14472
16798
9148
9536
9271
13042
9168
40352
10164
25483
9058
7071
14175
24674
9206
9540
9044
9190
9140
13215
11098
10192
9225
20316
9513
47062
19015
7586
6900
6830
3
100
10464
22973
15381
9276
12466
19107
10152
6886
7601
9185
9308
6900
8724
33162
13843
6958
9897
20391
8705
9025
9029
8263
7058
10151
16012
9081
9018
9494
10201
9279
26599
12092
9030
33914
8772
12849
10001
13645
34927
9745
9211
10342
48159
9706
9825
46494
13796
9178
25495
11528
9180
31964
9073
6921
14175
24674
19279
10192
9225
9432
9303
13307
9902
9050
11176
13843
20050
7185
11098
9099
11648
9430
21657
8745
20260
8563
7485
9529
9391
44376
10038
17317
12283
400
8361
399
11603
6841
41935
9247
13224
12419
32038
9080
27485
8168
8703
8262
12248
16782
7653
9750
33136
4
100
9215
12372
44163
10135
9052
9366
16203
9178
7561
7428
10185
10556
9136
19520
15159
8022
9080
9362
21100
47637
9022
26141
19520
15159
8022
9080
9199
12105
9745
14226
16235
9723
9594
13548
23475
11609
10298
9844
29102
8006
8295
7532
11777
10152
32026
28721
9956
9399
21548
13595
19959
22588
387
24692
20975
18566
28721
9956
44236
17582
20617
9018
19601
9552
16591
32010
23753
7991
9337
14345
11218
41283
13358
9313
9078
9016
8
10070
12879
31547
16679
9829
8037
9053
7652
20467
9960
20403
13743
9758
9517
12054
9036
7067
13001
9168
11888
9149
9267
11002
17508
9489
10652
9463
4
100
19306
17339
9059
6967
9048
8704
8652
9563
40657
16841
12783
11007
10583
9172
6856
6889
22386
10221
38843
16861
7172
20508
9059
6967
7888
9278
10586
17437
11935
9402
10901
12934
51090
18734
8263
7058
10151
17216
13172
13363
739
8764
7673
26393
26057
17985
9018
9476
10259
17969
8135
10939
9349
49036
9347
10674
13362
22852
9240
23142
9036
6992
27526
26369
9035
7604
16535
42126
9031
12982
47123
10726
18762
9362
20066
21277
10138
9952
9367
10423
9306
31131
12987
13570
46027
9033
9150
15803
9267
25108
8030
11748
11903
40657
16841
12783
11007
10583
27360
8022
11415
9314
15020
9393
6
100
9046
7492
10016
7399
8420
11630
8718
8006
26764
30899
9240
23142
10926
9077
11414
15495
13875
739
7318
6958
9317
17969
9803
7155
8066
9779
17003
9025
9816
387
9114
7172
7303
8052
7824
11556
9319
18182
10789
375
8084
9088
8599
9044
15041
39137
21279
6866
8608
6824
12964
9469
35119
36568
7380
9407
8513
9203
12438
7235
10408
17003
10290
28112
31369
376
608
608
214
9051
43056
9022
9536
9673
10016
7399
10062
16812
9867
10021
14485
16812
9038
9109
44815
7182
16539
10897
45887
9018
18554
31442
15942
9306
22461
9054
16388
9788
18213
36304
9351
9265
8806
19098
36500
8149
5
100
49166
9077
13501
15730
22828
38204
9276
9081
9017
8704
8652
9563
7521
11714
6824
9018
18554
30175
28738
10971
9966
9140
13230
8135
12527
14012
13919
41591
9733
9337
9025
9029
7182
8139
7187
13042
21734
398
49036
16308
26098
400
38916
9741
12809
29828
8187
8363
8367
8031
9180
30152
50295
27938
9023
15658
8196
7244
10163
17838
12537
6958
9030
11350
24081
13563
17970
9307
9123
11973
12382
10303
11513
9119
7335
18918
8035
13652
42083
16888
9025
10517
9544
9757
12747
18629
17714
11840
9021
15848
6919
36536
9020
18258
7671
31200
14949
9156
12715
10735
9184
10328
22727
21328
14175
3
100
37648
9712
12557
25000
7426
10977
8159
382
9030
10998
10626
9194
7691
7384
50323
25833
12187
46063
20616
16026
418
30859
19293
44188
17730
9239
30015
12498
9267
9564
40453
9025
10517
9882
36287
9140
14832
28951
10756
10001
8511
7426
9463
8146
8078
9325
12199
10189
20659
8148
9253
12676
8745
17305
7532
35397
16944
9194
423
8062
8608
15435
399
417
382
9052
16858
8187
10155
9304
13753
8263
7166
15792
37759
11262
20280
10864
17861
12298
14112
7799
9168
34081
43103
16537
9684
6824
11865
9456
7407
17203
28643
7398
14001
32746
8102
7810
8066
9779
26463
10854
37648
4
100
49462
9040
9702
17676
9048
8704
8652
9563
7521
11714
6824
9018
18554
14628
9124
9934
9172
23524
8363
9094
14221
10083
8091
27040
11967
681
9384
17612
15852
7071
9034
21882
12527
14012
13919
41591
9733
10408
38554
8705
9025
9029
8263
7058
10151
13254
9104
9490
9563
7521
11714
6824
14509
9115
26950
9080
14221
10083
27166
9249
12199
10189
9135
13110
9432
12283
400
8361
399
11603
6841
51177
9552
10819
8186
24547
14681
10960
8
16858
8756
15348
13627
26404
9631
25152
48123
9422
35116
10608
396
9752
416
10403
420
428
29382
12298
21868
10997
11328
17196
35116
10608
4
100
11019
8168
11252
9154
9384
15417
739
8564
8564
14330
7162
49954
9028
10810
10329
12472
22552
9463
8146
7312
9148
9036
8756
7478
8213
8599
50557
8102
8539
14066
9804
8159
9085
7536
16519
9046
21701
10428
44845
9563
40657
9269
10041
31130
10464
9261
25891
9243
10094
8393
9024
9607
10392
47104
9628
9235
30911
9177
9160
9081
8791
7470
21758
9536
7187
13042
9168
10141
14238
40195
9432
12503
7162
9030
18401
9382
10358
45619
387
9150
8104
9208
11189
12275
12175
11574
9823
9422
9042
6919
12115
33628
7130
9017
8704
8652
9212
8000
8702
9074
16319
30601
9426
14450
5
100
23706
24101
9065
8084
8707
15648
30799
24159
43056
9022
9548
9470
14053
9094
25354
10301
6905
24917
13368
15783
11140
9257
7762
8135
16899
22926
387
17194
10519
12233
50997
9036
9503
8092
9702
11432
10809
15378
10074
11273
9080
9199
20430
9068
9329
28288
8146
8196
15758
28569
17582
40552
10413
9021
10407
12087
17481
16346
8006
7791
9183
16200
16039
10972
10061
9018
13997
20617
11839
9761
30903
18818
13368
28458
10726
31152
12313
9119
47637
9063
10854
7489
25558
9316
9257
7762
8135
9351
36803
25793
35723
9290
29591
8238
12909
38440
13203
9177
12086
13548
9207
31753
12209
9178
47898
4
100
9114
13374
11316
44868
9733
9337
21323
10811
11295
10137
12371
16238
375
8084
8259
9052
9022
6866
9108
9027
8102
12748
12488
10599
9080
7293
376
608
739
9705
605
9585
6949
7220
11316
44868
8705
7312
6824
15122
10586
8263
406
36500
8149
10617
9242
9399
14017
8073
18952
29205
9182
7748
7208
7372
6919
12002
7965
7161
14079
9443
15918
42431
7478
10930
12760
7235
9341
10119
8046
10617
9564
9049
7890
9129
11848
10917
33684
12011
15097
9265
8806
19098
9114
6958
9034
8024
47318
9668
9705
605
9585
8031
7888
11316
44868
8705
7312
6824
15122
10586
8263
406
3
100
10152
9034
44163
9030
44163
45388
30748
9290
13154
9938
9528
15883
21065
9848
7593
8726
388
8025
17364
7877
9803
23639
8011
21459
11168
26516
9018
11328
6903
35244
20465
8146
9417
18178
9174
13643
14493
9172
8022
7631
24979
13471
11785
20770
9479
8467
8615
8599
27429
23400
14241
16271
8420
16318
11927
13525
7335
9174
13643
43695
9457
13335
24377
12802
20326
39405
412
415
427
9116
9172
15753
7644
23483
48023
10856
21603
15208
10140
7253
11086
16210
48759
739
9155
9018
18554
46039
13895
10599
10231
9044
15041
9050
7119
8646
10191
6824
9855
9257
27914
10063
8022
4
100
13914
10856
31898
6958
9030
9689
38994
9036
26466
19790
19167
7198
10616
9925
8148
39129
10040
12743
10856
9894
9433
12634
10380
22175
38940
18507
6828
11999
19739
9675
9084
18910
11087
9564
9079
9766
14434
10198
35465
14981
9544
45803
16364
13900
9405
9341
12634
10380
30162
14300
27468
17751
16307
10091
15453
10341
9243
10094
8393
8344
7847
16381
12262
9830
8104
21459
11168
16003
11537
9667
9640
11675
8022
9609
10278
18381
9172
7009
9185
22849
9564
27359
7235
10586
10137
19588
9077
18337
33259
11987
43307
12947
9267
28367
9028
7028
7991
9078
13823
406
12480
9042
8213
9115
3
100
11345
13036
50923
9185
13230
8705
9025
9029
7182
7489
20503
7888
11200
8191
9600
34197
8236
8196
10100
14981
50923
6842
11250
12371
25908
7756
9693
11867
10599
12353
683
11583
9023
22004
14085
387
33683
9586
36248
17496
11120
9511
9172
7085
7556
18767
8155
7208
7372
6919
15340
15353
684
7162
9257
680
10972
9306
11389
18637
25012
9783
12974
9031
9239
7220
389
35704
13036
11064
10624
27006
7788
739
7088
7803
11001
9019
12226
38843
15384
14089
15465
41800
7478
26220
30237
9108
9640
24077
9199
9351
18931
10642
50382
25555
9548
11638
10693
12610
9362
9320
7991
7
100
9293
10259
739
8430
8548
8149
22547
8022
14063
9109
7480
8117
18180
18983
19641
10321
9379
11630
8718
10010
7965
7161
14079
21562
7426
10490
10692
28943
22547
10092
739
8764
20345
10170
9247
14897
9585
8056
26829
9022
9513
9020
14897
6824
9395
48109
24022
9355
9081
15556
9422
10133
7085
11197
7806
15722
9304
739
8430
8548
12191
15887
15950
30016
9090
30015
13719
16278
7250
34693
7487
10684
9021
14566
19529
8398
12017
9356
7481
18194
10542
8146
7584
11605
20531
12036
15584
10341
13342
11841
9081
9950
9207
9123
11673
9929
9548
36720
16637
20833
50257
10852
10488
7249
10590
8393
7890
5
100
29306
8608
35907
7877
10107
18601
30748
9025
9029
8263
7058
10151
28814
9877
13079
30015
11943
9390
10759
11095
16328
7249
387
10189
13805
9168
9246
9292
9902
13755
10107
9589
12006
9062
8146
8078
9325
12199
25242
9563
10883
17243
18146
8146
20316
50038
34197
12438
8149
8054
7372
10297
31569
7889
48442
7380
384
9194
425
414
41428
420
382
25894
42170
13659
9039
9444
8084
14874
9046
34695
9046
7492
33101
11738
8530
9276
10312
9307
9882
36287
9140
13572
15591
29586
9030
10998
10626
9947
29080
12079
8143
31656
8137
10429
9248
17563
12972
9630
13191
9804
9599
28296
9016
6
100
15275
8688
11244
8006
9930
8610
8146
49929
739
8564
8564
11001
49929
10395
9048
8704
8652
10040
9613
13919
7685
8608
10046
9267
8215
6884
10260
22301
23191
11003
8711
40216
7545
47097
11684
739
7448
25839
13230
8705
9025
9080
24950
41193
10107
9401
11042
18142
9117
9029
8263
7058
10151
28814
46063
42347
9153
7652
8551
15118
10058
8511
8263
20953
11181
10913
9264
8194
7252
9172
8582
7445
15699
9072
9581
33215
7652
20712
681
9130
11581
9230
8513
8456
8006
21666
9354
14223
44188
7250
9016
8
10384
8335
19619
16973
36007
8264
9153
10916
17399
9148
9536
7187
13042
9168
5
100
45045
17077
9480
9018
8191
19410
9194
12407
8186
10363
14986
39417
9287
12857
9427
9457
9578
19552
25456
11334
41629
12008
26421
387
17077
11351
11342
7235
15177
382
8368
9956
9677
24832
6889
29736
21530
47149
10083
9023
11000
31714
38306
9366
10574
13579
12011
9124
9934
9362
21100
47637
42126
9031
12982
13538
15301
7374
27144
11823
10978
23955
6866
9317
17932
9183
26490
9736
8213
9620
19092
12704
9194
7060
10134
9912
8711
7661
7788
26291
30549
7055
10104
406
13438
9066
10640
49157
11247
11841
19295
12632
9458
21308
6824
15465
10488
16656
383
29175
9018
13444
9927
9346
8243
5
100
739
8545
7608
31898
6958
9030
9689
9095
10181
9676
9029
8263
7058
10151
13042
21734
13899
9036
8756
7478
8213
8599
20456
7487
18742
28814
9018
11328
9052
9279
26599
12092
9804
8159
22024
10378
13659
8711
10452
21672
15402
8511
10490
42704
9882
27175
9463
8146
8078
9325
12199
10189
18423
9026
10617
16012
9081
27775
50860
14398
7540
6953
9839
51078
34774
26599
14620
10163
24168
11710
9063
7144
29819
12382
9050
11176
21430
387
24348
15266
10026
9753
12097
7187
21511
9194
8345
7965
9932
25361
9648
15473
10409
8774
8704
33684
9059
9968
15263
15578
7335
16782
7653
9750
33136
3
100
18504
39310
9807
11536
13426
23580
47035
9355
13524
9831
35646
24088
12382
9136
9029
11686
9018
18554
44188
7252
9172
7478
8420
8579
9664
14105
11987
30671
7591
9590
9060
9267
739
7842
7208
681
9130
11581
37648
8143
33073
12073
17421
10400
47427
26432
9048
16941
8626
21973
15662
50667
7484
6903
13187
41779
13291
40056
7235
10312
9307
10607
8469
8137
11693
15792
17436
11565
11011
9140
16378
9181
7482
13010
40506
18194
9383
12175
45240
13525
7335
9172
7478
8420
8579
9664
14105
12480
33503
9209
15902
19226
9021
36282
9025
10517
9882
11262
23041
9790
10570
10062
9430
3
100
9450
13815
15016
40410
18896
26787
389
10397
26785
446
10602
19487
389
441
11308
390
449
453
448
18510
8137
20681
9524
7799
7586
12655
13093
7801
648
47879
7235
739
7408
15461
31569
9381
9194
12407
8186
11746
36408
12836
382
9140
41003
8243
7669
8000
9494
23610
26014
409
425
24054
387
12832
10553
429
24810
9210
11725
9512
12199
10189
13805
9168
9246
9292
9902
11290
9055
7497
11183
9804
9589
19156
9047
9172
24665
9269
10041
9080
20226
10161
11483
38218
17447
10592
11924
9792
401
9943
42874
9776
11045
24005
10929
27143
13649
459
41895
384
27308
5
100
9454
8450
9109
8461
32104
7545
17498
11486
10664
11265
13254
9154
9422
9243
10094
8393
9024
10201
9640
8056
26829
10040
12743
36287
8191
12137
8148
25342
15722
9304
33253
28347
32406
9080
9018
25306
11290
12845
14823
9997
30217
9925
22200
7470
9430
12298
14112
7799
44274
11704
10824
9286
9875
13875
6872
26973
9135
13872
8
16858
7777
10935
9194
17207
13739
36083
15800
20600
19148
8185
18845
9094
19063
32688
30933
9115
11820
9033
44493
46470
15464
11189
13562
10090
12891
10195
20888
11601
7767
10676
44188
9119
7335
36209
9098
15806
13397
7063
10379
9030
9125
7992
9044
15041
44618
5
100
12742
15403
8143
20244
8098
8148
35116
8052
7293
7812
12141
10725
18168
7182
13486
30736
8160
15403
7877
8124
383
43804
389
36506
447
446
20449
43618
389
441
11308
12013
10586
16266
16041
8146
18866
9114
7300
21794
40766
10400
11279
15403
9807
7756
10133
7408
7888
9799
9613
10034
9114
7300
10350
10040
13796
10173
9938
9528
11061
7691
7478
7810
8148
9230
29446
8690
10662
10930
10210
9770
10225
15077
9741
8661
9316
17929
22821
6866
34250
443
464
393
451
445
11650
9792
9116
9879
21330
10608
9617
12620
11793
16901
432
393
451
445
11650
9792
15824
8702
10403
6
100
10464
10043
9049
7281
40766
10939
681
23191
9081
9017
680
7652
7281
6866
34250
40766
32767
9172
38307
6866
34250
40766
9681
9226
9553
23631
9140
13230
22103
10312
9445
9598
9017
8704
8652
9563
7521
11714
6824
29586
9172
38307
6866
34250
40766
36323
14472
18032
9960
9349
49036
387
13463
13356
11222
46799
9030
15708
9221
8031
9180
17007
10939
9253
49036
28814
9016
8
11528
12190
9194
24237
7888
12398
12671
382
9086
14332
14984
24693
400
8149
14003
14803
9456
26829
12201
20508
7071
16381
9605
8600
9823
9422
12671
6903
14112
10412
50429
20280
10601
9062
26421
387
9925
8263
4
100
16641
10133
8564
7877
12980
7445
7812
10161
10046
12457
7692
13987
7470
12919
9307
16641
8732
7877
12137
20913
14823
9194
30915
12479
10777
18087
8148
39105
8511
8159
382
21666
30547
8428
9030
9689
9925
14422
11630
8718
19303
9231
9897
16863
7335
9164
9908
14472
10183
28293
7183
9074
9607
9422
9067
11909
19393
9094
19063
12693
6903
19268
9935
13045
9304
50880
9558
11202
12313
8711
6828
46548
8704
8652
10040
12743
10133
8564
14923
8791
7198
8091
8429
7521
7372
9079
7278
10236
11183
12457
7692
7293
10919
33253
41608
9803
23639
13695
13596
42460
15403
387
13753
8263
3
100
12122
9647
15697
7198
10254
739
8564
8564
8811
9337
9243
10094
8393
7890
9698
8148
35116
8052
7293
21794
438
8066
35116
8052
7293
8437
7880
438
387
9114
7300
7801
11434
12900
15697
7198
35942
12634
9716
20160
8263
7058
10151
16012
9081
9018
11328
9177
9528
15883
13976
13190
21057
8022
9080
25620
6903
31160
9046
9456
7385
10267
12129
9253
10470
9565
39982
9023
13214
9654
8054
18333
34791
10824
9030
12079
9631
10997
7235
10312
9156
11675
25854
8014
12506
9524
7799
8747
9767
14450
25288
8612
10201
9640
8056
26829
10040
12743
9647
35502
18094
13028
11716
3
100
47969
37249
15381
20038
30591
8721
6958
28895
7281
23707
15381
20038
30591
8721
6958
28895
7281
23707
10236
13230
11664
8704
8652
9073
7162
12010
7584
15716
7461
21666
9354
37249
9695
9368
13230
8705
9025
9080
42633
8548
8146
7691
8148
35116
8052
7293
8098
12187
42633
6824
15284
38037
9072
7689
12722
6945
30681
25570
28236
10719
13683
9239
12902
10293
9124
17382
9447
9094
19063
11294
31861
6903
12055
8137
11860
8711
14463
24016
23712
11519
12634
9073
18901
11136
16888
9025
10517
9882
18544
10488
19918
10769
9279
10453
37005
9207
14408
25288
7235
15030
20391
8705
10148
5
100
9454
8450
9050
30917
11011
9140
14832
6903
14253
9030
34119
13929
11011
13372
10960
8
10384
8335
19619
9635
7655
10101
16798
9148
9536
7187
13042
9168
40352
10164
25483
10489
14333
29586
9172
15507
8765
9595
9392
11294
15045
9036
8756
9050
8484
14947
8098
38228
10464
9942
42848
15714
10107
9154
9422
11585
8137
9703
10778
9217
16863
8643
11702
10369
10293
11169
28487
9939
13230
8705
9025
9029
8263
7058
27684
11966
9456
26829
9182
7109
6903
10377
16380
10309
8135
9586
7372
10920
7489
10001
9119
8340
6824
49824
9103
39173
27732
19785
12380
15778
9077
15927
9323
44060
9048
5
100
16701
9280
8467
31054
10762
9048
8704
8652
9563
7521
11714
6824
9018
18554
14628
9033
9356
21248
9167
34791
10824
46233
9172
23524
8363
9094
29794
40056
15208
12442
15695
9025
9029
7182
7489
9992
12527
48266
9757
12747
22696
11059
29343
31716
20616
48266
7644
12125
16428
15852
7071
9184
9023
13572
9511
34851
8
10384
8335
19619
9635
7655
10101
16798
9148
9536
7187
13042
9168
40352
10164
25483
10489
14333
29586
35116
10608
399
11028
9553
8196
13047
14996
8711
9039
7886
8719
10398
10647
30596
9081
9217
16863
7335
11181
10913
10384
8335
19619
9635
9628
9053
16347
17341
15848
5
100
14258
6841
12163
20244
8098
9185
21308
6824
10307
10750
8393
13501
12557
23450
30172
17246
27972
16233
32409
21308
6824
20711
11595
12748
33098
15361
8
10384
8335
19619
16973
36007
8264
9153
10916
17399
9148
9536
7187
13042
9168
38962
9226
44544
16032
10382
7599
19236
383
17689
380
9291
44376
10566
16863
24856
24317
9759
12918
8104
12283
400
8361
399
13159
7536
9044
9191
10937
9902
21205
23155
51065
36255
16350
9028
6879
7253
9243
10094
8387
8615
46790
9716
9119
13759
16373
11494
40782
24539
6903
10377
10623
16753
9125
27003
9909
12677
23906
10665
9390
9203
16296
17843
10384
7
100
28895
7281
8660
11293
8756
7532
15381
9276
9898
14472
10183
10521
8149
9168
20026
8125
8690
21409
11820
12298
11684
14628
10349
34425
20534
9133
10111
9044
9689
50635
9743
9216
27232
9173
10148
9048
8704
8652
9073
7655
8238
23170
10201
9640
17371
9136
9278
26159
30412
9124
28372
39669
9695
9025
10517
9882
11262
20280
15442
9918
9267
10017
36934
36238
9368
11630
8718
15910
7530
739
684
7071
19063
12693
37648
9172
7099
7788
7877
9085
13439
19393
9094
19063
9457
28200
27709
8711
13011
7584
8013
21666
11349
9056
10268
9212
10402
9054
8705
32239
9383
28296
9016
8
16858
7777
10935
4
100
10756
12610
9684
12313
7627
9225
9628
14761
8704
8652
9563
9787
12412
12199
10189
9135
9490
9563
10883
9544
6889
473
23660
9756
23221
33082
11537
395
6899
9048
15118
9635
12139
13745
400
8361
399
13470
6841
9116
9130
12081
16981
33757
8263
7058
10151
17720
12139
21276
9080
15942
12283
10521
36047
9023
14753
13224
13868
10192
10583
9247
13048
396
43083
30687
11995
393
11095
9880
10061
9035
27452
13870
9045
9400
37210
9239
9253
10470
398
20335
397
11386
12234
10161
50207
10834
16240
9636
9191
12676
38898
34851
8
11528
12190
9194
24237
7888
12398
12671
382
9030
4
100
9046
7607
18236
13461
7235
17754
7253
9243
10094
12715
28782
9018
18554
14628
7252
9172
7478
27439
7485
9925
10118
39415
10098
26404
6900
12751
9422
9067
23009
17099
9276
9898
14472
10183
10569
17454
8711
10151
9474
13360
17252
11402
12044
17592
15835
8146
8078
9325
12199
10189
9135
9490
9563
9787
11531
9850
18027
11969
11540
9390
9353
27663
9639
9796
9034
7109
19584
9518
9191
8007
398
9869
7489
9076
29057
8704
8652
9563
11768
12199
45291
10111
25658
9085
17470
10822
18087
8148
20038
15135
12322
16371
14165
8756
10148
36043
10959
399
11900
10179
397
15884
9506
9059
3
100
9824
20531
10107
9401
17617
10704
14515
9052
22437
9303
14092
392
10378
36349
12199
8711
10903
9246
23410
9366
17059
22683
13473
16162
12423
45704
24946
19570
13601
30687
41752
10059
13128
44222
41752
7536
7290
16364
9022
18163
25760
40006
26421
387
9424
11194
10258
15111
25213
9279
10453
8022
9689
42542
26369
9035
10608
9617
12620
11793
14810
9023
11912
12458
17207
14739
12092
6824
9770
10052
11912
12458
17207
14739
35465
9916
9882
9060
15703
13254
8146
14616
10591
10141
9027
8159
8368
9733
16712
15807
9814
30249
27930
10625
24758
15030
11881
9047
9647
7586
9708
13900
8146
5
100
12396
11486
9192
7767
17436
9017
683
6947
6855
9443
9183
739
7662
9176
9022
6866
9650
7220
389
9769
9022
6857
7426
29038
8162
7965
15825
9316
10137
9094
16626
31698
8
10070
12879
31547
16679
9829
8037
9053
7652
20467
9960
9592
33753
8570
7208
8117
9032
10565
34439
10590
7071
8149
9168
10281
13277
8146
11233
10267
12699
33770
9162
7671
6826
13573
14746
9916
10005
7235
10576
9118
7215
6872
10010
8030
11748
11903
11170
34018
10345
8052
7892
33755
9155
9456
26829
9182
7109
6903
10377
25387
20767
15394
13001
9652
9355
29394
6889
20785
20767
10756
9405
9341
9267
3
100
10464
12224
11252
20038
7182
23325
10393
9855
29477
9803
7801
7055
9030
11570
9225
20160
6963
8220
8361
38384
9672
11636
10063
11508
23237
9036
12712
14087
10508
10951
10715
8022
45555
12934
14979
24177
9025
10517
9882
20531
30596
15205
16670
32256
10148
32520
16863
7335
9426
14450
35576
46768
9722
7198
8091
9667
22301
23191
11003
8711
9563
388
8000
15438
27288
9635
9628
12079
9631
12079
18708
9220
8364
9307
36287
9742
10709
9062
8146
8078
9325
12199
10189
6903
31729
9432
9292
37746
9064
9897
9298
6920
11194
14703
10464
16718
43993
16249
19156
9790
9094
19063
30177
4
100
10328
10313
22893
9478
34197
8236
19189
32038
38424
9512
24177
9025
9080
17682
20866
9925
11664
8704
8652
9073
7162
9741
20717
10559
12742
12339
19929
9104
9546
7373
44875
7426
27314
9279
10453
37005
9207
30718
29955
9134
12418
21430
8022
13229
9934
21657
8745
32875
23095
9814
22301
23191
9874
9124
39417
9016
8
11528
12190
9194
24237
7888
12398
12671
382
9086
14332
14984
24693
400
8149
14003
14803
14472
16798
9148
9536
7187
13042
9168
40352
10164
25483
9058
7071
9206
9540
9044
9190
9140
13215
11098
10192
7598
14175
24674
10082
46281
11684
10533
6900
12751
9700
11918
4
100
12557
8143
11384
34105
7374
27144
11823
15361
9278
10586
15517
9016
16563
27914
10063
8092
9702
17151
22720
9031
12982
9306
14710
19152
18771
9174
26909
25012
13347
8263
9840
15378
11993
49760
9025
9846
15361
16563
27914
10063
8092
9702
17151
11238
13575
9267
10017
17151
49715
36680
9162
20806
9022
11384
9271
10471
10363
9033
50375
25079
7335
9194
7541
13910
17583
9154
9422
10154
11935
10780
28383
32301
387
9863
22836
18561
31994
9655
9458
32130
41126
30974
14271
9029
382
18338
35544
24488
375
8366
13079
9095
24989
15709
22375
11649
11630
39535
8022
9080
9199
12105
9018
28088
3
100
22821
12384
28293
9168
12662
10960
8
10384
8335
19619
9635
7655
10101
16798
9148
9536
7187
13042
21734
398
49036
16308
739
12109
14147
9592
9050
7599
7329
7470
10392
9701
8243
8745
9214
12007
13935
9033
44493
36883
11121
12492
7489
8104
10439
8143
44949
11704
9742
10709
9307
9018
18554
44188
7252
9084
17572
9432
9292
10104
9044
11755
7470
9065
10266
21991
10676
15662
10063
10470
12405
10109
9741
7055
9267
11196
388
8507
7383
7877
377
23191
9874
12356
16726
16863
7335
9194
425
414
41428
420
382
21666
16718
8643
9950
9207
19268
12298
11684
27768
38844
4
100
9293
10259
20666
21422
9120
10333
20071
9631
15328
8135
17727
14175
24674
17874
40567
9753
14671
16930
11101
9676
9029
8263
7058
10151
13042
21734
9349
49036
28814
9018
11328
9052
9279
26599
12092
9030
22024
9086
31098
9390
9353
10937
9902
9050
11176
13843
6958
9897
9700
9085
12266
8765
15591
29586
9030
18323
11042
9887
10107
16696
8056
16276
26078
8286
7470
15918
9456
26829
9022
19163
9153
24516
36654
18142
13843
20050
7185
9172
7024
8539
29930
681
27381
12193
10488
14465
23610
11181
16782
9177
16924
11136
16888
9025
9080
16701
13933
10100
25933
9912
27428
9939
20589
21995
8
100
9538
7374
7182
739
8545
7608
31898
6958
9030
9117
7749
9043
24071
9122
22403
9019
15966
9504
7358
9062
8146
20684
9018
18554
31442
37060
11627
387
40310
20492
8137
16267
51078
9555
28421
9331
9483
30683
12876
47837
9140
14265
18087
9276
14729
9119
7335
9426
14013
35210
28796
9279
10849
9055
7497
11183
9326
6899
9023
11290
9453
7426
14354
12090
11604
15349
6963
8220
8774
9282
7139
7478
7194
15675
21073
8143
50577
7824
12340
6877
27837
11579
12112
18427
10414
20757
8765
681
9180
9524
7799
8530
18427
11380
36151
19156
20005
7235
32800
26421
14472
18032
9052
11497
31886
9939
10345
10040
4
100
12501
9520
17339
46027
12141
10686
11927
18107
16863
7759
8347
6962
10328
387
9114
7471
8539
9030
17077
6958
28293
11533
17985
13162
7859
9052
12671
16535
42126
18767
8066
9632
9021
20780
16550
10084
36080
9032
11189
10408
20166
9025
9029
8263
7058
18301
9194
44527
11958
7795
9114
7471
12141
31442
9040
7886
8739
10383
7556
8745
37169
8104
10201
9145
20727
28881
21480
382
8052
30291
10229
11594
9031
37308
9111
8133
7895
23775
406
13438
9055
9076
9607
10392
50923
16001
9130
11095
12900
15697
7198
9191
7536
16788
25542
28667
9049
6953
11459
13047
9744
38887
9082
15292
5
100
12396
11486
45045
12079
10148
9225
9432
48397
43995
9536
9673
42828
12736
14028
18898
8539
22518
9444
13045
11205
7372
39396
35763
9062
8146
8078
9325
9882
36287
9140
13572
43575
28327
21159
38819
21630
41919
9199
37428
11290
7055
19816
14596
20773
8263
9177
12079
8143
13940
39533
6947
9044
9447
9037
9251
9249
12199
11170
25594
35637
12395
14786
9564
9974
9938
12634
12077
9626
12120
29554
9788
12653
9080
13226
7848
7597
8014
10386
10515
39904
13447
27138
22301
38204
9180
9022
18874
14110
12618
8711
12399
9199
14441
7965
8095
7397
22301
38204
9180
17022
6903
20904
9279
24170
17498
4
100
20237
7844
10259
19534
7235
9071
8701
8137
22717
10137
41879
9034
9062
8146
8078
9325
9882
46905
7235
8006
21666
9177
10769
29060
8694
8690
7285
11684
739
8564
8564
14330
7162
27400
8066
49954
15997
44188
9900
9641
7220
11285
9337
46548
8704
8652
46905
7281
10650
38384
9490
9326
7609
24766
33602
7965
8100
7877
8109
30308
12982
9920
8213
29072
9167
10998
10626
40319
12425
15356
12681
9445
10250
9048
8626
7812
8694
8690
9324
7540
12655
13201
389
8030
9667
10063
8052
8689
42270
8135
12857
13027
27706
7767
14826
9320
19303
39890
27914
10063
8052
8689
42270
8135
4
100
9454
8450
13088
12035
8711
9305
7235
9277
10599
9018
11328
6903
22596
11675
8022
9609
10278
18381
9360
9242
10324
9426
13088
8022
16210
20289
9181
9025
9029
11686
10165
35942
12118
18767
12594
30328
9022
6866
21720
8148
9199
20430
11086
16035
9512
11355
18479
44591
7335
9426
13088
17492
26199
17449
8263
9272
11260
11675
11525
10983
33953
9092
33799
9498
46812
7489
17003
33755
7220
21552
25559
739
8564
8564
14330
9446
9092
33799
9893
7285
7991
7285
8704
14568
7847
8126
387
17366
8588
6963
8137
22717
10137
9105
7323
6969
9676
9658
10666
26273
20284
15634
9022
6866
3
100
37648
12224
7851
8270
389
10595
13093
23760
12710
18258
40508
388
9100
10470
387
9344
13798
25640
10802
394
9585
395
9412
12665
9163
14992
44259
8148
10111
9135
26144
8105
8381
29506
33838
8168
9140
14596
23806
9711
18251
22403
17073
6903
44437
20821
47677
9117
42290
29859
9026
6866
8066
9255
387
9193
43272
8006
19199
9225
20531
9607
9227
6841
15349
8052
7198
11982
20741
7759
9284
32441
9053
14926
21552
15293
20403
11615
12748
12488
9018
9039
15462
49673
12055
38611
12850
11799
9443
17229
9025
9029
8263
7058
15581
49253
9062
8146
7584
11605
12079
41480
9082
4
100
10328
16069
8143
16302
9325
16210
30393
8704
8652
9563
7521
11714
6824
9018
18554
14628
9124
9934
9172
23524
8363
9094
14221
8135
17483
11350
8705
9243
681
16718
8643
10261
12199
10189
9135
9490
9191
8007
398
9869
7489
9076
8006
12229
20818
7250
10010
8441
8643
8148
9347
9036
50657
12957
42508
12677
10895
7489
9076
25330
14952
9032
8520
9405
25151
399
14814
26258
11367
17386
16230
11568
9290
41118
22301
9063
7144
8146
9267
9598
11608
9362
15961
7182
739
9585
7055
7144
8146
18561
9308
6900
8724
11328
9383
23172
44437
24683
11387
425
14361
11925
420
11996
5
100
13919
9114
27680
38522
8756
11328
6903
10619
19971
8137
13254
9154
9422
20859
9484
8400
10148
9383
28296
9016
8
16858
7777
10935
9194
8345
7965
9932
14175
15365
12187
46063
7287
8006
9305
10586
9407
7501
382
9030
9125
12507
21657
8745
9553
10997
9276
10312
9307
9882
21164
10257
47075
9033
15591
9747
8711
12583
10010
8152
6855
8337
9308
6900
8724
10173
9074
16319
10063
13986
8143
29572
9063
7144
8146
9267
33673
9032
10101
10305
18928
11643
10682
29749
9806
8702
12733
7530
9558
9207
10903
17563
12972
49722
27753
9267
739
7298
14523
10804
11927
10250
8718
16691
8
4
100
13417
18476
37231
16195
9140
13230
8705
9025
9029
14453
10808
9044
40352
10164
25483
9130
14001
9143
7888
32030
7958
10293
11169
21734
9349
49036
26945
9194
8563
19641
381
7487
8610
7896
24832
11204
9021
10407
18968
12333
29240
11197
7788
8599
20945
16066
20564
8
10384
8335
19619
7540
44870
8593
12614
389
10595
12800
18258
10895
25293
12710
392
9585
31836
7890
7801
11694
12477
18066
10139
9036
22976
7185
9844
9194
425
414
11045
421
429
12123
42711
21666
7470
20659
9766
10876
10935
9194
425
414
11045
421
429
23358
7689
9936
11824
11028
10161
12845
14823
18869
5
100
9689
30478
12438
8149
12035
8711
12399
9199
9105
7323
6969
10078
7258
27681
22159
10008
26853
9207
9929
9597
9044
15041
10437
18904
14292
11120
49117
6866
25856
9065
10266
34080
16518
30478
7844
9023
13572
9511
29114
11732
39598
6889
9108
21306
12401
25266
9337
10261
9443
9183
16200
23498
12521
739
9705
739
9705
9265
8806
9177
16710
9244
9399
40052
8168
8811
20164
16693
8084
468
375
8729
8006
8627
8146
9359
11608
9088
8599
15997
9402
9267
13935
8702
7810
7788
11980
18024
6903
10372
14313
13016
9168
9036
30720
9945
9165
8133
7890
7198
8084
376
608
214
9051
4
100
9293
10259
10584
40669
8137
9337
10212
12642
10917
13023
9934
9539
13485
43957
29144
26220
8149
7185
24030
9036
9191
7671
11064
9054
11902
9122
9144
6919
10078
7258
9129
7958
9779
9676
9078
18267
9873
48129
9097
10444
9774
9266
9185
9019
7055
13675
8042
10283
9036
16630
23441
23775
10078
42260
9515
8135
9265
8806
9177
12086
10584
11867
37892
10072
9018
26095
10704
15122
18767
8155
31204
9585
6949
7220
9572
46651
9402
9267
739
7318
6958
9313
9277
10137
25006
6969
25689
45887
15301
9347
9511
12371
47123
8711
9393
6872
7182
13358
10247
9873
48129
9097
8146
7098
3
100
16152
10082
12079
8143
31656
8022
48425
9080
9018
33167
12857
16152
7426
9427
13680
11305
24338
26520
10082
26667
9194
7769
382
9589
21596
9689
739
8670
9834
22931
28937
9177
29843
7623
12079
9023
22004
9282
9136
17359
9548
11638
21026
9019
12733
7530
10063
8092
9702
9282
7162
9351
36803
39122
11805
10038
9796
9647
20958
45307
12003
41514
47002
19303
9077
10912
16863
7335
23237
9855
739
8670
9834
9269
11525
13701
37993
10138
6883
9503
49073
9133
22584
26763
8056
11609
10160
7597
6830
9915
9138
7770
9062
8146
8196
15758
9362
17359
9548
10229
21942
9672
9878
3
100
10464
18101
25156
9733
9746
10009
8263
7058
15581
9877
13079
10866
9021
13363
31371
8143
12921
16944
13029
417
40034
13513
386
425
414
421
429
9116
9172
7478
8420
8579
6866
7208
681
15395
9133
16125
9599
10769
38607
7021
40793
21043
36913
16417
10490
9218
10792
9699
9324
7890
8042
14503
8220
8127
8135
9879
14056
9633
8347
8711
28523
29869
25218
8
10384
8335
19619
16973
36007
8264
9153
10916
17399
9148
9536
7187
13042
9168
38962
9226
44544
16032
10382
7599
19236
383
17689
380
9291
44376
10566
16164
16863
24856
24317
9759
12918
8104
12283
400
8361
5
100
13914
22429
9769
14288
13641
7235
9350
42401
7532
9069
6960
17955
9176
9022
6866
9108
12059
22958
10165
9658
8718
31204
9585
6949
7220
9572
22891
11968
7489
12222
17885
7372
9316
10137
9265
8806
9177
10185
16790
9351
9065
10266
44034
16031
25689
739
7318
6958
9317
13641
9038
9427
11286
9932
9199
12105
9018
18554
15709
9036
24117
9267
7281
20185
17582
9443
9183
9277
9290
13348
9427
11286
6824
11611
12442
19660
11594
15582
14292
9306
29782
14581
10764
10599
9846
11250
9341
26220
37770
46651
11649
12442
9498
9122
7080
10917
16203
9078
11768
9362
45887
15301
8024
21931
36216
5
100
12396
8066
9304
9033
32104
9553
9286
11873
48786
9599
9499
10627
10293
9124
39417
19303
9135
13872
8
16858
7777
10935
9194
8345
7965
9932
14175
15365
12187
39104
9397
12929
7380
9190
17730
22200
7470
9430
28221
30014
31450
11684
16782
11342
16103
9140
18356
47590
10416
13309
23727
18301
16863
7335
9235
30911
9177
10769
9279
26599
12092
9030
9055
6905
37434
12383
9717
9308
6900
8724
11328
6903
14671
16930
11101
9304
9874
6826
15662
10254
10173
20194
9337
10148
9383
12175
45240
13525
43103
30584
9804
8159
10330
29843
7623
47257
21166
17671
31047
17874
40567
9753
13843
6958
9897
3
100
40684
29930
10107
14823
9997
14835
7824
7888
8013
8137
9389
8711
14463
9807
11101
10472
10625
8022
14063
11930
9279
10453
37005
9207
9039
21553
9815
31488
15927
11180
9270
25817
36583
9830
11577
9194
425
31488
19619
7890
8747
13052
7824
31892
9841
422
428
392
15533
9603
11969
12479
9983
29677
12289
10293
9062
8146
18866
12634
19721
9226
10524
7540
27460
16246
9462
26789
10273
9929
9548
25503
9462
11957
7832
9038
33559
10006
11536
13426
18942
10115
35255
9033
18544
13323
26421
387
9943
428
392
11289
9490
19619
9635
9628
11249
15151
9067
9866
31072
10771
9018
5
100
29306
8608
17707
31898
6958
9030
9689
13929
42698
9029
8263
7058
10151
17454
8711
14463
24016
17545
9248
9390
9353
27663
9044
48230
8030
40934
14949
9156
18563
9059
10295
10914
7071
21456
11599
18409
36184
9511
40281
31964
9092
6900
8125
9750
12671
6903
9055
15501
8745
9042
11873
9378
9966
9140
30838
48629
10458
9825
11487
9422
9243
9456
26829
12201
9095
10787
9143
24387
9629
7888
10504
9188
9344
8007
10045
38409
11881
11169
18162
9039
10483
9925
7799
34507
11047
9444
18087
9276
14729
9119
7335
20651
7120
9272
9647
7586
7235
15638
16888
9025
10517
32037
36130
10911
9094
3
100
10195
11639
9945
9140
10001
9753
9378
22050
13308
11325
8022
10332
10056
9119
7335
13308
11325
8022
10332
10056
17262
10587
9992
36344
11531
9323
10312
8137
48560
9025
9029
7182
13486
12259
10299
8711
12700
15359
11531
9323
10312
9955
13616
9536
9673
9168
9018
19728
9023
14536
38554
9685
9178
11213
7162
13672
9020
9110
387
9045
9066
18103
10430
9022
10687
48050
22789
8705
10905
10028
12807
10743
9108
16086
8704
27279
9887
15194
9929
10212
9804
11910
43614
15015
49050
14170
6830
14573
9284
50633
8148
15935
9185
28455
8196
8400
8135
12776
10984
11039
46888
10932
8143
3
100
15658
36877
9922
22866
29472
11312
8711
42414
9032
9913
12733
7530
10063
15135
12322
10101
31638
7198
8142
9140
9888
27745
12059
13950
9027
8159
13596
9304
15030
38424
9512
11011
26616
20324
9135
13872
8
11528
12190
9194
24237
7888
12398
12671
382
9086
14332
14984
24693
24844
18756
16726
26098
9751
9563
8367
11636
9071
7648
7847
12137
9046
13116
16381
9605
14315
41943
18826
11625
13153
25481
23284
28096
50038
11852
12033
9675
47063
9588
11342
7235
42226
20882
13438
10210
10822
18108
20759
14472
10183
18153
35264
10682
7220
37948
14456
7824
17884
29506
17223
14971
7470
10392
6
100
9456
7281
29448
10607
8552
12592
8135
17727
10195
11576
24980
8143
23347
387
19971
8429
8643
13010
10458
9825
9807
14465
8263
7058
10151
14628
9498
11316
13529
9556
14223
44188
7250
7210
9172
7478
8420
8579
388
7691
7384
12446
9689
739
8541
8548
8146
20959
12199
10189
9135
9490
14753
11243
9055
35628
47436
26421
10869
9815
37655
8066
15403
9023
9192
10072
10973
9080
25377
48999
22821
14664
9018
18554
14628
9498
11316
13529
9556
11725
9156
680
7965
48999
22821
14026
22301
9848
10181
19393
9094
7109
20989
11351
10251
37648
9140
41779
13291
38830
9733
47184
9115
20659
8149
46548
5
100
9138
7415
21699
11342
9945
9140
28817
10458
9825
10805
26616
20324
25079
7335
8704
29843
7623
47257
21166
11336
11599
7648
9771
12709
9279
18268
10001
9413
11209
16679
10601
14341
9267
9366
35439
42519
18356
47590
31041
9025
10517
14620
6872
19303
9231
20415
9034
9062
8146
8078
9325
18826
10101
10141
9027
8159
8368
9733
32336
14727
16761
14586
15205
10822
387
11202
12313
8711
32256
10148
9383
28296
9016
8
11528
12190
9194
24237
7888
12398
12671
382
9086
14332
14984
24693
400
8149
14003
14803
14472
16798
9148
9536
7187
13042
9168
40352
10164
25483
9058
7071
14175
24674
9206
5
100
12203
9238
9836
21174
22828
9140
13230
8022
13229
39417
10030
9677
6872
7182
33297
14805
9094
9870
8159
739
9585
8340
24670
23347
6824
21159
11585
9826
19202
9055
13384
10223
7540
9826
19572
8
10384
8335
19619
16973
36007
8264
9153
10916
17399
9148
9536
7187
13042
9168
38962
9226
44544
16032
10382
7599
19236
383
17689
380
9291
44376
10566
16164
16863
24856
24317
9759
12918
8104
12283
400
8361
399
13159
7536
9044
9191
10937
9902
21205
23155
51065
36255
16350
9028
6879
7253
9243
10094
8387
8615
46790
25094
9038
36255
17742
40988
37697
31258
394
11995
32198
9203
16296
3
100
21308
9945
9597
9044
15041
9050
19193
12338
9197
11356
9960
8405
10090
739
8564
8564
8564
20366
9039
14643
10600
34417
9344
16089
9901
16693
10078
7055
7512
8263
12174
27883
43222
19457
9307
9517
19389
8704
9523
13705
10681
9447
9242
19917
9327
13453
27499
12687
9267
9958
18600
9199
12681
10542
8146
7312
9052
11488
9077
8037
8265
8570
27673
9166
18000
22548
9078
11768
10137
41879
11718
6947
22086
15396
22361
13071
10212
11887
14314
7177
6903
18489
8702
7810
7991
18396
11686
10165
10339
15517
9554
25689
9107
8104
16096
9329
29144
7235
16064
9018
18199
20072
48034
4
100
32336
11486
38424
10416
9915
12298
14112
7799
44274
10395
28347
20305
31511
10148
9383
28296
9016
8
16858
7777
10935
9194
8345
7965
9932
14175
15365
12187
46063
7287
8006
9305
10586
9407
7501
382
9030
9125
12507
21657
8745
9553
19011
6903
11342
16103
16371
7235
10312
10682
9127
8425
9048
15118
7198
7648
9771
35238
10040
12743
9413
10045
49619
8704
9076
35574
12367
20913
9115
20659
8148
9217
21480
12715
28782
9018
18866
10063
17206
14900
11177
387
20303
10925
10484
31089
11336
15365
9177
10769
9306
17498
11486
14124
8191
9997
10535
8718
12733
7530
9558
11693
9925
40138
4
100
10464
10043
35723
17305
9023
13895
38756
9267
7162
9848
22086
9022
30528
9716
12313
8711
12312
14836
9036
19303
31268
9062
8146
20684
9018
20241
10063
8092
9702
14265
7162
9351
25995
9136
11014
9115
11017
6872
7182
12774
25995
10852
16311
9492
9887
10152
14699
11579
9867
10622
16337
9457
39063
36894
9025
9846
12909
21817
9447
12541
43042
9351
49486
9888
387
16887
21562
7426
11078
14696
11643
8702
6962
47002
9217
21480
12715
28782
9300
8066
7198
12300
9804
9599
26506
392
10043
17436
9023
9640
6903
44737
17582
9443
29452
9075
9443
9183
9511
45887
739
25677
10165
31339
5
100
10195
13299
9422
11384
11741
12741
9188
24400
9925
13431
34507
12693
6903
14319
10118
9276
10568
15154
9280
20981
10447
9418
9558
11693
14323
10822
18087
11741
473
22765
10315
9140
18880
29573
51003
9747
11168
10107
9401
10161
10342
11579
16426
9680
9184
7395
45190
48010
10468
21387
8704
8652
9563
7521
11714
6824
9018
18554
30175
35942
12634
22727
9094
9628
10980
9023
10970
13067
8146
9947
16586
28271
9025
10517
11487
27753
13003
22727
9094
9628
10980
9023
10970
13067
8146
23350
10458
7253
9243
40624
20038
15135
9464
18769
10412
10416
11011
20038
15135
9464
11740
28059
10387
7824
8570
